52 40
53 40
53 41
54 41
54 42
54 43
55 43
55 44
55 45
55 46
55 47
55 48
56 48
56 49
57 49
57 50
57 51
57 52
58 52
58 53
59 53
59 54
59 55
60 55
60 56
60 57
60 58
61 58
61 59
61 60
62 60
63 60
63 61
63 62
63 63
64 63
65 63
65 64
65 65
65 66
65 67
65 68
66 68
66 69
66 70
66 71
66 72
66 73
66 74
67 74
68 74
69 74
69 75
70 75
71 75
71 76
72 76
73 76
73 77
73 78
73 79
73 80
73 81
74 81
75 81
76 81
76 82
77 82
78 82
79 82
79 83
79 84
79 85
79 86
79 87
78 87
78 88
78 89
78 90
78 91
79 91
79 92
79 93
79 94
80 94
81 94
82 94
83 94
84 94
85 94
86 94
86 95
86 96
