92 21
91 21
90 21
89 21
89 22
88 22
87 22
86 22
85 22
85 23
84 23
84 24
84 25
84 26
84 27
84 28
83 28
82 28
82 29
82 30
81 30
80 30
79 30
79 31
79 32
78 32
77 32
77 33
76 33
76 34
75 34
74 34
73 34
72 34
72 35
72 36
71 36
70 36
69 36
68 36
67 36
67 37
66 37
66 38
66 39
65 39
64 39
63 39
62 39
62 40
62 41
61 41
61 42
61 43
61 44
61 45
60 45
60 46
59 46
58 46
57 46
56 46
55 46
54 46
54 47
54 48
53 48
52 48
51 48
50 48
49 48
49 49
48 49
47 49
47 50
47 51
47 52
47 53
47 54
47 55
46 55
46 56
45 56
44 56
44 57
44 58
43 58
42 58
41 58
40 58
39 58
38 58
38 59
38 60
38 61
37 61
36 61
35 61
35 62
35 63
35 64
34 64
33 64
33 65
33 66
33 67
33 68
33 69
33 70
33 71
32 71
32 72
32 73
32 74
32 75
33 75
33 76
33 77
33 78
32 78
31 78
30 78
29 78
29 79
29 80
29 81
29 82
28 82
28 83
27 83
27 84
26 84
25 84
25 85
25 86
25 87
25 88
25 89
25 90
25 91
24 91
24 92
24 93
23 93
22 93
21 93
20 93
20 92
19 92
19 91
18 91
18 90
18 89
17 89
16 89
15 89
14 89
13 89
13 88
13 87
13 86
13 85
12 85
12 84
11 84
10 84
10 83
9 83
8 83
7 83
7 82
7 81
8 81
8 80
9 80
9 79
10 79
10 78
11 78
12 78
12 79
12 80
12 81
13 81
