77 36
77 35
77 34
77 33
77 32
77 31
77 30
76 30
75 30
75 29
75 28
74 28
73 28
72 28
72 27
71 27
70 27
69 27
68 27
67 27
66 27
65 27
64 27
63 27
62 27
61 27
60 27
59 27
58 27
57 27
57 26
57 25
56 25
55 25
55 24
55 23
54 23
53 23
53 22
53 21
53 20
53 19
53 18
52 18
51 18
50 18
50 17
50 16
49 16
49 15
48 15
47 15
46 15
46 16
45 16
44 16
44 15
43 15
43 14
42 14
41 14
40 14
39 14
38 14
38 13
37 13
36 13
36 12
36 11
35 11
35 10
34 10
33 10
32 10
32 11
31 11
30 11
29 11
28 11
27 11
26 11
25 11
24 11
23 11
23 12
22 12
21 12
20 12
19 12
18 12
17 12
17 13
17 14
16 14
16 15
15 15
