74 73
73 73
72 73
72 72
72 71
72 70
72 69
72 68
73 68
73 67
74 67
75 67
76 67
76 66
76 65
76 64
76 63
76 62
76 61
76 60
76 59
76 58
77 58
77 57
77 56
77 55
77 54
76 54
76 53
75 53
74 53
73 53
72 53
72 52
71 52
70 52
70 51
70 50
70 49
71 49
71 48
71 47
70 47
69 47
69 46
68 46
68 45
68 44
68 43
68 42
68 41
68 40
67 40
66 40
66 39
66 38
66 37
66 36
66 35
65 35
65 34
65 33
65 32
65 31
65 30
65 29
64 29
64 28
64 27
63 27
63 26
63 25
63 24
63 23
63 22
63 21
63 20
62 20
62 19
62 18
62 17
62 16
61 16
60 16
60 17
60 18
59 18
58 18
57 18
57 17
57 16
56 16
55 16
54 16
54 15
53 15
52 15
51 15
51 14
51 13
51 12
51 11
51 10
