17 72
17 71
18 71
18 70
18 69
18 68
18 67
18 66
17 66
17 65
17 64
17 63
17 62
17 61
17 60
18 60
18 59
18 58
18 57
19 57
20 57
21 57
21 56
21 55
22 55
23 55
24 55
24 54
24 53
24 52
24 51
24 50
24 49
24 48
24 47
24 46
25 46
26 46
27 46
28 46
28 45
28 44
28 43
29 43
30 43
31 43
31 42
31 41
31 40
31 39
31 38
32 38
32 37
32 36
32 35
32 34
32 33
32 32
32 31
32 30
32 29
33 29
34 29
34 28
35 28
36 28
37 28
38 28
39 28
39 27
39 26
39 25
39 24
39 23
39 22
40 22
40 21
40 20
40 19
41 19
41 18
41 17
41 16
41 15
42 15
