99 19
98 19
97 19
97 18
97 17
97 16
97 15
96 15
95 15
94 15
94 16
94 17
93 17
93 18
92 18
91 18
90 18
89 18
88 18
88 19
88 20
87 20
86 20
86 19
85 19
84 19
83 19
82 19
81 19
80 19
79 19
79 20
78 20
77 20
76 20
75 20
75 19
74 19
73 19
73 18
72 18
71 18
70 18
70 19
69 19
69 20
69 21
69 22
69 23
68 23
67 23
66 23
65 23
64 23
63 23
62 23
62 24
62 25
62 26
62 27
62 28
61 28
61 29
61 30
60 30
60 31
60 32
59 32
58 32
58 33
58 34
58 35
58 36
58 37
57 37
57 38
57 39
57 40
57 41
57 42
57 43
56 43
56 44
56 45
55 45
55 46
55 47
55 48
55 49
54 49
53 49
52 49
51 49
50 49
50 50
49 50
49 51
49 52
48 52
47 52
46 52
46 53
45 53
44 53
43 53
43 52
42 52
41 52
40 52
39 52
38 52
38 53
38 54
38 55
