78 87
77 87
76 87
76 86
76 85
76 84
76 83
77 83
77 82
78 82
78 81
78 80
78 79
79 79
80 79
80 78
80 77
80 76
81 76
82 76
83 76
83 75
83 74
82 74
81 74
81 73
80 73
80 72
80 71
80 70
80 69
80 68
80 67
80 66
79 66
79 65
79 64
79 63
79 62
79 61
80 61
81 61
81 60
81 59
81 58
81 57
81 56
82 56
83 56
83 55
83 54
82 54
82 53
82 52
81 52
81 51
81 50
81 49
81 48
81 47
81 46
81 45
82 45
82 44
82 43
82 42
81 42
80 42
80 41
80 40
80 39
80 38
80 37
80 36
80 35
80 34
79 34
78 34
78 33
78 32
77 32
77 31
76 31
75 31
