40 14
41 14
41 15
42 15
42 16
42 17
42 18
42 19
42 20
42 21
42 22
42 23
42 24
43 24
44 24
44 25
44 26
44 27
45 27
45 28
46 28
46 29
46 30
46 31
46 32
46 33
46 34
47 34
47 35
47 36
48 36
48 37
48 38
48 39
49 39
49 40
49 41
49 42
49 43
49 44
50 44
51 44
51 45
52 45
52 46
52 47
52 48
52 49
52 50
52 51
52 52
53 52
54 52
55 52
55 53
56 53
57 53
58 53
59 53
59 54
59 55
60 55
61 55
61 56
61 57
60 57
60 58
60 59
60 60
59 60
58 60
58 61
58 62
59 62
60 62
60 63
60 64
60 65
60 66
60 67
61 67
62 67
62 68
63 68
63 69
