55 67
55 66
55 65
54 65
53 65
53 64
52 64
51 64
51 63
51 62
50 62
49 62
48 62
47 62
47 61
47 60
47 59
47 58
47 57
47 56
47 55
47 54
47 53
47 52
47 51
47 50
47 49
48 49
48 48
48 47
49 47
49 46
49 45
48 45
48 44
48 43
48 42
47 42
47 41
47 40
47 39
46 39
45 39
45 38
45 37
44 37
44 36
44 35
43 35
43 34
43 33
42 33
42 32
41 32
41 31
41 30
40 30
40 29
40 28
39 28
39 27
38 27
37 27
37 26
36 26
36 25
35 25
35 24
35 23
35 22
35 21
35 20
35 19
35 18
34 18
33 18
33 17
33 16
33 15
33 14
33 13
32 13
31 13
30 13
29 13
29 12
28 12
27 12
26 12
25 12
24 12
