17 66
17 67
18 67
19 67
20 67
20 68
20 69
21 69
22 69
23 69
24 69
25 69
25 70
26 70
26 71
27 71
28 71
29 71
30 71
31 71
32 71
33 71
34 71
35 71
36 71
37 71
38 71
39 71
40 71
41 71
42 71
42 70
43 70
44 70
44 69
44 68
44 67
44 66
44 65
44 64
45 64
45 63
46 63
47 63
48 63
49 63
50 63
51 63
52 63
52 62
53 62
54 62
55 62
56 62
57 62
58 62
59 62
60 62
61 62
61 63
62 63
62 64
62 65
63 65
64 65
65 65
66 65
67 65
68 65
69 65
69 66
70 66
71 66
72 66
72 67
73 67
74 67
75 67
76 67
77 67
78 67
78 68
79 68
80 68
81 68
82 68
83 68
83 69
84 69
84 70
84 71
85 71
86 71
87 71
88 71
89 71
90 71
91 71
91 72
92 72
92 73
93 73
94 73
95 73
95 72
96 72
96 71
97 71
