3 8
4 8
4 7
5 7
6 7
7 7
7 6
8 6
8 5
8 4
9 4
10 4
10 3
10 2
11 2
12 2
13 2
13 1
13 0
14 0
15 0
15 1
16 1
16 2
16 3
17 3
18 3
18 4
18 5
17 5
17 6
17 7
17 8
18 8
18 9
19 9
20 9
20 10
20 11
19 11
19 12
19 13
19 14
19 15
19 16
19 17
18 17
18 18
18 19
18 20
18 21
18 22
19 22
20 22
20 23
20 24
20 25
20 26
20 27
20 28
19 28
19 29
19 30
19 31
19 32
19 33
20 33
20 34
20 35
19 35
19 36
19 37
19 38
19 39
18 39
17 39
17 40
17 41
17 42
17 43
17 44
17 45
17 46
16 46
16 47
16 48
16 49
16 50
15 50
14 50
13 50
13 51
12 51
12 52
12 53
12 54
12 55
12 56
12 57
12 58
12 59
12 60
12 61
12 62
11 62
10 62
10 63
10 64
10 65
9 65
9 66
8 66
8 67
7 67
7 68
6 68
6 69
5 69
4 69
4 70
4 71
4 72
5 72
6 72
7 72
7 73
8 73
9 73
10 73
10 72
10 71
10 70
10 69
