77 46
76 46
75 46
74 46
74 47
74 48
73 48
72 48
71 48
71 49
71 50
71 51
71 52
71 53
71 54
71 55
70 55
69 55
68 55
67 55
66 55
66 56
66 57
65 57
64 57
63 57
63 58
63 59
63 60
63 61
63 62
62 62
62 63
62 64
62 65
62 66
62 67
62 68
61 68
60 68
60 69
60 70
60 71
59 71
58 71
57 71
57 72
56 72
56 73
55 73
55 74
55 75
54 75
53 75
52 75
51 75
50 75
49 75
48 75
47 75
47 76
46 76
45 76
44 76
43 76
43 75
42 75
41 75
40 75
39 75
39 76
38 76
38 77
37 77
36 77
35 77
34 77
34 78
34 79
34 80
34 81
33 81
32 81
32 82
31 82
30 82
29 82
28 82
27 82
27 83
27 84
27 85
26 85
25 85
25 86
24 86
23 86
22 86
21 86
21 87
