41 62
40 62
39 62
38 62
37 62
36 62
35 62
34 62
33 62
33 61
33 60
33 59
33 58
33 57
33 56
33 55
33 54
32 54
32 53
32 52
32 51
32 50
32 49
32 48
32 47
32 46
32 45
32 44
33 44
33 43
34 43
34 42
34 41
33 41
32 41
32 40
32 39
32 38
31 38
30 38
30 37
30 36
30 35
30 34
30 33
29 33
29 32
29 31
29 30
29 29
29 28
29 27
29 26
28 26
28 25
27 25
27 24
26 24
26 23
26 22
26 21
26 20
26 19
26 18
25 18
24 18
24 17
24 16
25 16
25 15
25 14
24 14
24 13
24 12
24 11
24 10
24 9
24 8
24 7
23 7
23 6
22 6
21 6
21 5
21 4
21 3
21 2
21 1
22 1
23 1
23 0
