36 81
36 80
36 79
37 79
37 78
38 78
39 78
39 77
39 76
39 75
39 74
38 74
38 73
38 72
38 71
39 71
39 70
39 69
39 68
39 67
39 66
39 65
40 65
41 65
42 65
43 65
43 64
43 63
44 63
44 62
44 61
44 60
44 59
45 59
45 58
46 58
46 57
46 56
46 55
46 54
46 53
46 52
46 51
45 51
45 50
44 50
44 49
44 48
44 47
44 46
44 45
43 45
43 44
43 43
42 43
42 42
42 41
42 40
42 39
42 38
42 37
43 37
43 36
43 35
43 34
43 33
43 32
43 31
44 31
45 31
45 30
45 29
45 28
45 27
45 26
45 25
45 24
44 24
43 24
43 23
43 22
43 21
43 20
42 20
42 19
42 18
42 17
42 16
42 15
42 14
41 14
40 14
40 13
40 12
40 11
39 11
39 10
39 9
39 8
39 7
39 6
40 6
40 5
40 4
39 4
38 4
38 3
37 3
