74 90
73 90
72 90
71 90
70 90
69 90
68 90
68 89
68 88
67 88
66 88
66 87
65 87
65 86
65 85
64 85
63 85
63 84
62 84
61 84
60 84
59 84
58 84
58 83
58 82
58 81
58 80
58 79
58 78
58 77
58 76
57 76
56 76
55 76
55 75
55 74
55 73
55 72
54 72
54 71
54 70
54 69
53 69
52 69
51 69
50 69
49 69
48 69
47 69
46 69
46 68
46 67
46 66
46 65
46 64
46 63
46 62
46 61
46 60
45 60
45 59
44 59
44 58
44 57
44 56
43 56
43 55
43 54
43 53
43 52
43 51
43 50
43 49
43 48
43 47
43 46
43 45
43 44
43 43
44 43
44 42
44 41
43 41
43 40
43 39
42 39
41 39
40 39
40 38
40 37
39 37
39 36
39 35
39 34
39 33
39 32
38 32
38 31
37 31
36 31
36 30
36 29
36 28
36 27
36 26
36 25
36 24
36 23
36 22
36 21
36 20
