26 10
27 10
28 10
29 10
30 10
31 10
31 11
31 12
31 13
31 14
32 14
33 14
33 15
34 15
35 15
36 15
37 15
38 15
39 15
40 15
40 16
41 16
42 16
43 16
44 16
45 16
45 17
46 17
47 17
47 18
47 19
48 19
49 19
49 20
49 21
50 21
50 22
50 23
51 23
52 23
53 23
54 23
55 23
56 23
56 24
56 25
57 25
58 25
58 26
58 27
59 27
60 27
60 28
61 28
61 29
61 30
62 30
62 31
62 32
62 33
63 33
64 33
64 34
64 35
64 36
64 37
65 37
66 37
67 37
68 37
69 37
69 36
69 35
70 35
71 35
71 36
71 37
71 38
71 39
72 39
72 40
73 40
73 41
73 42
73 43
73 44
73 45
73 46
