70 97
69 97
69 96
68 96
67 96
66 96
66 95
66 94
66 93
65 93
65 92
64 92
63 92
62 92
61 92
60 92
59 92
59 91
59 90
58 90
57 90
56 90
55 90
54 90
54 89
53 89
53 88
53 87
53 86
52 86
51 86
51 85
51 84
51 83
51 82
50 82
49 82
48 82
47 82
47 81
47 80
46 80
45 80
45 79
45 78
45 77
45 76
44 76
43 76
43 75
42 75
42 74
42 73
42 72
42 71
42 70
42 69
42 68
42 67
42 66
42 65
42 64
42 63
42 62
42 61
42 60
41 60
40 60
40 59
40 58
40 57
40 56
40 55
40 54
40 53
40 52
40 51
40 50
40 49
39 49
38 49
37 49
36 49
36 48
36 47
36 46
36 45
35 45
34 45
34 44
34 43
33 43
32 43
31 43
30 43
30 42
29 42
29 41
29 40
28 40
28 39
28 38
28 37
28 36
28 35
27 35
26 35
25 35
24 35
23 35
23 34
23 33
23 32
23 31
22 31
22 30
21 30
21 29
20 29
20 28
20 27
20 26
20 25
19 25
19 24
19 23
19 22
19 21
18 21
17 21
16 21
15 21
14 21
13 21
12 21
12 20
11 20
11 19
11 18
11 17
12 17
12 16
12 15
11 15
11 14
11 13
11 12
12 12
12 11
13 11
14 11
14 10
15 10
16 10
17 10
18 10
19 10
19 9
19 8
20 8
