17 93
17 92
17 91
17 90
17 89
17 88
17 87
17 86
17 85
17 84
17 83
16 83
15 83
14 83
13 83
12 83
11 83
11 82
11 81
11 80
11 79
11 78
11 77
12 77
12 76
13 76
14 76
14 75
14 74
15 74
15 73
15 72
15 71
15 70
16 70
17 70
18 70
18 69
19 69
19 68
20 68
21 68
22 68
23 68
23 67
24 67
24 66
24 65
24 64
24 63
24 62
25 62
25 61
25 60
26 60
27 60
28 60
28 59
28 58
28 57
28 56
29 56
29 55
29 54
30 54
31 54
31 53
32 53
33 53
33 52
33 51
33 50
33 49
33 48
34 48
34 47
34 46
34 45
34 44
34 43
34 42
34 41
35 41
35 40
35 39
35 38
36 38
36 37
36 36
36 35
36 34
36 33
37 33
38 33
38 32
39 32
40 32
41 32
42 32
42 33
43 33
44 33
45 33
45 34
46 34
47 34
47 33
48 33
49 33
50 33
51 33
52 33
53 33
54 33
55 33
56 33
56 32
57 32
58 32
59 32
60 32
60 31
61 31
62 31
62 30
62 29
63 29
63 28
63 27
63 26
63 25
63 24
63 23
64 23
65 23
65 22
65 21
65 20
65 19
65 18
65 17
65 16
65 15
65 14
65 13
65 12
65 11
66 11
67 11
67 10
67 9
68 9
69 9
69 8
70 8
71 8
72 8
72 7
72 6
73 6
74 6
75 6
76 6
76 5
77 5
78 5
79 5
80 5
