83 86
83 85
84 85
84 84
84 83
84 82
84 81
85 81
85 80
86 80
86 79
86 78
86 77
87 77
87 76
87 75
88 75
88 74
88 73
88 72
88 71
88 70
88 69
87 69
87 68
87 67
87 66
87 65
86 65
86 64
86 63
86 62
87 62
87 61
87 60
87 59
88 59
88 58
88 57
88 56
88 55
89 55
90 55
91 55
91 54
92 54
92 53
92 52
92 51
92 50
91 50
91 49
91 48
91 47
92 47
93 47
94 47
94 46
94 45
94 44
94 43
94 42
94 41
95 41
95 40
95 39
95 38
95 37
95 36
94 36
94 35
93 35
92 35
92 34
92 33
92 32
92 31
91 31
91 30
91 29
91 28
91 27
92 27
92 26
93 26
