99 40
98 40
98 39
97 39
96 39
95 39
94 39
94 40
94 41
94 42
93 42
92 42
92 43
91 43
90 43
89 43
89 44
89 45
88 45
87 45
86 45
85 45
84 45
83 45
83 46
83 47
82 47
82 48
82 49
81 49
80 49
79 49
78 49
77 49
77 50
76 50
76 51
76 52
76 53
76 54
76 55
76 56
75 56
75 57
74 57
74 58
74 59
74 60
73 60
72 60
71 60
70 60
69 60
68 60
67 60
66 60
66 61
66 62
66 63
65 63
64 63
63 63
62 63
61 63
60 63
59 63
59 62
58 62
57 62
57 63
57 64
57 65
57 66
57 67
58 67
58 68
58 69
57 69
56 69
55 69
54 69
53 69
52 69
52 68
52 67
53 67
