98 44
97 44
96 44
96 45
95 45
94 45
93 45
92 45
91 45
91 44
91 43
91 42
91 41
91 40
90 40
89 40
88 40
88 39
88 38
88 37
88 36
87 36
86 36
85 36
84 36
83 36
82 36
81 36
80 36
80 35
80 34
79 34
78 34
78 33
78 32
77 32
77 31
77 30
77 29
77 28
77 27
76 27
75 27
74 27
73 27
72 27
71 27
70 27
69 27
68 27
67 27
67 26
66 26
65 26
64 26
64 25
63 25
62 25
61 25
60 25
59 25
58 25
57 25
56 25
55 25
54 25
53 25
52 25
51 25
50 25
49 25
48 25
47 25
46 25
46 24
45 24
44 24
44 23
44 22
43 22
43 21
43 20
42 20
41 20
40 20
39 20
38 20
37 20
36 20
35 20
34 20
33 20
32 20
31 20
30 20
29 20
28 20
28 21
27 21
26 21
25 21
24 21
24 22
23 22
22 22
21 22
20 22
19 22
18 22
18 21
18 20
17 20
16 20
16 19
15 19
15 18
14 18
13 18
12 18
11 18
11 17
11 16
10 16
10 15
10 14
10 13
10 12
10 11
10 10
9 10
9 9
9 8
9 7
8 7
8 6
8 5
8 4
8 3
8 2
8 1
7 1
6 1
5 1
4 1
3 1
2 1
2 2
