99 18
99 19
98 19
97 19
96 19
96 20
96 21
95 21
95 22
94 22
93 22
92 22
92 23
92 24
92 25
92 26
92 27
91 27
90 27
89 27
89 28
89 29
89 30
89 31
89 32
89 33
89 34
89 35
88 35
88 36
88 37
89 37
89 38
89 39
88 39
88 40
87 40
87 41
86 41
85 41
85 42
85 43
85 44
85 45
85 46
85 47
85 48
85 49
84 49
84 50
83 50
82 50
82 51
82 52
82 53
82 54
82 55
81 55
81 56
81 57
81 58
82 58
82 59
82 60
82 61
81 61
80 61
80 62
80 63
80 64
79 64
78 64
77 64
76 64
75 64
74 64
74 65
73 65
72 65
71 65
71 66
71 67
71 68
71 69
70 69
69 69
68 69
68 70
68 71
68 72
68 73
68 74
67 74
67 75
67 76
66 76
65 76
65 77
65 78
65 79
65 80
65 81
65 82
65 83
65 84
65 85
66 85
67 85
68 85
68 86
68 87
69 87
69 88
69 89
68 89
67 89
66 89
65 89
64 89
64 90
64 91
64 92
64 93
64 94
63 94
