32 35
31 35
30 35
30 36
30 37
29 37
28 37
28 38
28 39
28 40
28 41
27 41
26 41
26 42
26 43
26 44
26 45
27 45
28 45
28 46
28 47
28 48
28 49
28 50
28 51
27 51
27 52
27 53
27 54
27 55
26 55
25 55
25 56
25 57
25 58
25 59
25 60
25 61
25 62
24 62
24 63
23 63
22 63
22 64
22 65
21 65
21 66
21 67
21 68
20 68
20 69
20 70
19 70
19 71
19 72
18 72
18 73
18 74
18 75
18 76
18 77
18 78
19 78
19 79
19 80
19 81
20 81
21 81
22 81
23 81
23 82
23 83
24 83
24 84
24 85
24 86
24 87
24 88
24 89
23 89
23 90
23 91
23 92
24 92
