17 99
18 99
19 99
19 98
19 97
19 96
19 95
19 94
19 93
19 92
18 92
18 91
18 90
18 89
18 88
18 87
18 86
19 86
19 85
20 85
20 84
21 84
21 83
22 83
22 82
22 81
22 80
22 79
22 78
23 78
24 78
24 77
24 76
24 75
24 74
24 73
25 73
25 72
26 72
26 71
26 70
27 70
27 69
27 68
27 67
28 67
29 67
30 67
31 67
32 67
33 67
34 67
35 67
36 67
36 66
37 66
38 66
39 66
40 66
41 66
42 66
43 66
44 66
44 67
45 67
46 67
47 67
48 67
49 67
50 67
51 67
52 67
53 67
54 67
55 67
56 67
56 66
57 66
57 65
57 64
57 63
58 63
59 63
60 63
60 62
61 62
62 62
62 61
63 61
64 61
