40 24
39 24
38 24
38 25
38 26
38 27
38 28
38 29
38 30
38 31
38 32
39 32
39 33
40 33
40 34
41 34
41 35
41 36
40 36
39 36
38 36
37 36
36 36
35 36
35 37
34 37
33 37
33 38
32 38
31 38
30 38
29 38
29 39
28 39
27 39
26 39
25 39
25 40
24 40
23 40
22 40
21 40
20 40
19 40
19 41
19 42
19 43
18 43
17 43
16 43
15 43
14 43
14 44
13 44
12 44
11 44
11 45
11 46
11 47
10 47
10 48
10 49
9 49
8 49
8 50
8 51
8 52
7 52
7 53
7 54
7 55
7 56
7 57
6 57
6 58
6 59
6 60
6 61
6 62
6 63
6 64
5 64
5 65
5 66
4 66
4 67
3 67
3 68
3 69
3 70
3 71
3 72
3 73
2 73
2 74
1 74
