67 28
66 28
65 28
64 28
63 28
63 29
63 30
62 30
61 30
61 29
61 28
60 28
59 28
58 28
57 28
56 28
55 28
55 27
54 27
53 27
52 27
51 27
50 27
49 27
48 27
48 28
47 28
47 29
46 29
45 29
44 29
43 29
43 28
42 28
41 28
40 28
39 28
38 28
37 28
36 28
36 29
35 29
34 29
34 30
34 31
33 31
32 31
32 32
32 33
32 34
31 34
30 34
30 35
29 35
28 35
27 35
26 35
25 35
24 35
23 35
22 35
22 36
21 36
21 37
21 38
21 39
21 40
21 41
21 42
21 43
21 44
21 45
21 46
21 47
21 48
20 48
20 49
20 50
20 51
20 52
20 53
20 54
19 54
19 55
19 56
19 57
19 58
18 58
17 58
17 59
17 60
17 61
18 61
