62 2
62 3
63 3
64 3
65 3
65 4
65 5
64 5
63 5
63 6
63 7
63 8
62 8
62 9
62 10
62 11
62 12
62 13
62 14
62 15
61 15
60 15
60 16
59 16
59 17
59 18
59 19
59 20
59 21
58 21
58 22
58 23
58 24
58 25
58 26
57 26
56 26
56 27
56 28
56 29
56 30
56 31
55 31
55 32
55 33
54 33
54 34
54 35
53 35
53 36
52 36
51 36
50 36
49 36
49 37
49 38
49 39
48 39
47 39
46 39
45 39
45 40
44 40
43 40
43 41
42 41
42 42
42 43
41 43
41 44
41 45
41 46
41 47
41 48
40 48
39 48
38 48
37 48
37 49
37 50
37 51
37 52
37 53
36 53
36 54
36 55
36 56
36 57
36 58
36 59
36 60
36 61
36 62
35 62
35 63
34 63
34 64
34 65
34 66
34 67
35 67
35 68
35 69
35 70
34 70
33 70
33 71
32 71
32 72
32 73
32 74
32 75
32 76
31 76
30 76
30 77
29 77
28 77
28 78
28 79
28 80
27 80
26 80
25 80
24 80
23 80
22 80
21 80
20 80
20 81
20 82
20 83
19 83
19 84
18 84
17 84
16 84
15 84
14 84
14 85
14 86
14 87
13 87
13 88
13 89
13 90
13 91
13 92
13 93
13 94
13 95
14 95
15 95
15 96
16 96
17 96
18 96
18 97
19 97
