28 83
28 82
29 82
30 82
31 82
31 83
32 83
33 83
33 82
33 81
33 80
32 80
32 79
32 78
33 78
33 77
33 76
33 75
33 74
33 73
33 72
34 72
35 72
35 71
36 71
36 70
36 69
36 68
36 67
36 66
36 65
36 64
36 63
35 63
35 62
35 61
36 61
37 61
38 61
38 60
39 60
40 60
40 59
41 59
42 59
42 58
42 57
42 56
42 55
42 54
42 53
42 52
42 51
43 51
44 51
44 50
44 49
44 48
44 47
44 46
44 45
44 44
44 43
44 42
45 42
46 42
46 41
46 40
46 39
46 38
46 37
46 36
46 35
46 34
46 33
47 33
48 33
48 32
49 32
49 31
50 31
50 30
50 29
50 28
51 28
51 27
52 27
53 27
53 26
53 25
53 24
53 23
53 22
53 21
53 20
54 20
54 19
54 18
54 17
55 17
56 17
56 16
56 15
57 15
58 15
59 15
60 15
61 15
61 14
62 14
63 14
64 14
65 14
66 14
67 14
67 13
67 12
68 12
69 12
70 12
71 12
72 12
72 11
73 11
73 10
73 9
