51 92
51 91
52 91
52 90
52 89
53 89
53 88
53 87
53 86
53 85
54 85
55 85
56 85
56 84
56 83
56 82
57 82
58 82
58 81
59 81
60 81
61 81
62 81
62 80
62 79
62 78
62 77
62 76
62 75
62 74
61 74
60 74
60 73
59 73
59 72
59 71
59 70
59 69
59 68
59 67
59 66
58 66
58 65
58 64
58 63
58 62
58 61
58 60
58 59
58 58
58 57
59 57
59 56
59 55
60 55
60 54
60 53
59 53
59 52
58 52
57 52
56 52
55 52
55 51
54 51
54 50
54 49
53 49
52 49
52 48
52 47
52 46
51 46
51 45
51 44
51 43
51 42
51 41
51 40
51 39
50 39
49 39
49 38
49 37
48 37
48 36
48 35
48 34
48 33
48 32
48 31
49 31
49 30
49 29
49 28
49 27
49 26
49 25
48 25
48 24
48 23
48 22
47 22
46 22
45 22
44 22
43 22
42 22
41 22
41 21
40 21
40 20
40 19
40 18
40 17
40 16
40 15
