73 78
73 77
72 77
72 76
72 75
71 75
71 74
71 73
71 72
72 72
72 71
72 70
72 69
71 69
71 68
71 67
72 67
73 67
73 66
73 65
73 64
73 63
73 62
73 61
74 61
75 61
75 60
75 59
75 58
75 57
75 56
75 55
76 55
77 55
78 55
79 55
80 55
80 54
81 54
82 54
82 53
82 52
83 52
83 51
83 50
83 49
84 49
84 48
84 47
84 46
84 45
84 44
84 43
84 42
85 42
86 42
86 41
87 41
87 40
87 39
88 39
88 38
88 37
88 36
88 35
88 34
88 33
89 33
90 33
91 33
92 33
92 32
92 31
92 30
93 30
93 29
93 28
93 27
92 27
91 27
91 26
90 26
90 25
90 24
89 24
88 24
87 24
86 24
85 24
84 24
83 24
83 23
83 22
83 21
