67 97
66 97
65 97
64 97
63 97
63 96
62 96
61 96
61 95
61 94
61 93
61 92
61 91
62 91
62 90
63 90
63 89
63 88
62 88
61 88
61 87
61 86
61 85
61 84
61 83
61 82
61 81
61 80
61 79
61 78
61 77
61 76
60 76
59 76
59 75
59 74
59 73
59 72
59 71
58 71
58 70
57 70
56 70
55 70
54 70
53 70
52 70
51 70
50 70
49 70
48 70
48 69
47 69
46 69
46 68
46 67
46 66
45 66
45 65
45 64
45 63
45 62
45 61
45 60
45 59
44 59
44 58
43 58
43 57
43 56
43 55
43 54
43 53
43 52
43 51
43 50
43 49
43 48
43 47
43 46
43 45
44 45
44 44
44 43
43 43
43 42
43 41
42 41
42 40
41 40
41 39
41 38
40 38
40 37
39 37
38 37
38 36
38 35
38 34
38 33
38 32
38 31
38 30
38 29
38 28
38 27
38 26
38 25
38 24
37 24
36 24
36 23
36 22
36 21
36 20
36 19
36 18
