93 83
93 84
92 84
91 84
90 84
89 84
88 84
87 84
86 84
86 85
86 86
85 86
84 86
84 87
84 88
83 88
83 89
82 89
82 90
82 91
81 91
81 92
80 92
79 92
78 92
78 93
77 93
76 93
76 92
75 92
74 92
73 92
72 92
71 92
70 92
69 92
68 92
67 92
66 92
65 92
64 92
64 91
63 91
62 91
61 91
60 91
59 91
59 90
58 90
57 90
56 90
55 90
55 89
54 89
53 89
52 89
51 89
50 89
49 89
48 89
47 89
46 89
46 90
46 91
46 92
46 93
45 93
44 93
43 93
42 93
41 93
40 93
39 93
38 93
38 92
37 92
36 92
35 92
34 92
33 92
32 92
31 92
31 91
30 91
30 90
29 90
28 90
27 90
26 90
26 89
25 89
24 89
24 90
23 90
22 90
21 90
20 90
19 90
18 90
17 90
17 89
16 89
15 89
15 90
14 90
14 91
