41 72
40 72
39 72
39 71
39 70
40 70
41 70
41 69
41 68
41 67
41 66
41 65
41 64
40 64
40 63
40 62
40 61
40 60
40 59
40 58
40 57
41 57
41 56
41 55
41 54
41 53
41 52
42 52
42 51
42 50
42 49
42 48
43 48
44 48
45 48
45 47
45 46
46 46
47 46
47 45
47 44
47 43
47 42
48 42
49 42
50 42
50 41
50 40
51 40
52 40
52 39
52 38
52 37
52 36
52 35
52 34
53 34
53 33
53 32
52 32
52 31
52 30
52 29
51 29
51 28
51 27
51 26
51 25
50 25
49 25
49 24
49 23
49 22
49 21
48 21
47 21
47 20
47 19
47 18
48 18
48 17
48 16
48 15
48 14
48 13
48 12
48 11
48 10
48 9
48 8
47 8
46 8
46 7
46 6
46 5
47 5
48 5
48 4
48 3
48 2
49 2
