27 56
27 55
28 55
28 54
29 54
30 54
30 53
31 53
32 53
33 53
34 53
34 54
34 55
35 55
36 55
36 54
37 54
38 54
39 54
40 54
40 53
40 52
40 51
40 50
40 49
41 49
42 49
43 49
44 49
45 49
46 49
46 48
47 48
48 48
48 47
48 46
49 46
50 46
50 45
51 45
52 45
52 44
53 44
54 44
54 43
55 43
56 43
56 42
57 42
58 42
58 41
59 41
60 41
61 41
62 41
63 41
64 41
65 41
65 40
66 40
67 40
68 40
69 40
70 40
70 39
71 39
72 39
73 39
74 39
75 39
76 39
76 40
77 40
78 40
79 40
80 40
80 39
80 38
81 38
82 38
83 38
84 38
84 37
85 37
86 37
87 37
87 36
87 35
88 35
88 34
88 33
89 33
90 33
91 33
91 32
92 32
93 32
93 33
