90 20
90 21
90 22
89 22
89 23
89 24
88 24
87 24
86 24
85 24
84 24
84 25
84 26
84 27
84 28
84 29
84 30
84 31
83 31
82 31
82 32
81 32
80 32
79 32
78 32
77 32
76 32
75 32
74 32
73 32
72 32
71 32
70 32
69 32
68 32
67 32
66 32
66 33
65 33
64 33
64 34
64 35
64 36
63 36
63 37
63 38
62 38
61 38
60 38
59 38
58 38
57 38
56 38
56 39
56 40
56 41
55 41
54 41
54 42
53 42
52 42
51 42
50 42
49 42
48 42
47 42
46 42
45 42
45 43
44 43
44 44
43 44
43 45
42 45
41 45
40 45
39 45
38 45
37 45
36 45
35 45
35 44
34 44
34 43
33 43
32 43
31 43
30 43
29 43
29 44
28 44
28 45
28 46
28 47
28 48
29 48
