98 18
97 18
97 19
97 20
96 20
96 21
95 21
94 21
94 20
93 20
92 20
91 20
90 20
89 20
89 21
89 22
88 22
88 23
88 24
87 24
87 25
87 26
87 27
87 28
86 28
85 28
84 28
84 29
83 29
83 30
83 31
82 31
82 32
81 32
80 32
80 33
80 34
80 35
80 36
80 37
79 37
78 37
77 37
77 38
77 39
77 40
77 41
76 41
75 41
75 42
75 43
75 44
75 45
74 45
73 45
72 45
71 45
71 46
71 47
71 48
70 48
70 49
70 50
69 50
68 50
67 50
66 50
65 50
64 50
64 51
64 52
63 52
62 52
61 52
60 52
59 52
58 52
57 52
57 53
56 53
56 54
56 55
55 55
54 55
54 56
54 57
53 57
52 57
52 58
51 58
50 58
49 58
48 58
47 58
47 59
46 59
45 59
45 60
44 60
44 61
44 62
44 63
43 63
42 63
41 63
40 63
39 63
39 64
39 65
38 65
38 66
38 67
38 68
38 69
38 70
37 70
37 71
37 72
36 72
36 73
36 74
36 75
35 75
34 75
34 76
34 77
34 78
34 79
35 79
35 80
35 81
35 82
35 83
