2 70
3 70
3 69
3 68
3 67
3 66
3 65
3 64
3 63
3 62
4 62
4 61
4 60
5 60
6 60
7 60
7 61
8 61
9 61
10 61
11 61
12 61
12 62
13 62
13 63
14 63
15 63
16 63
17 63
18 63
19 63
20 63
21 63
22 63
23 63
24 63
25 63
26 63
27 63
28 63
29 63
30 63
31 63
32 63
33 63
34 63
34 62
34 61
35 61
35 60
36 60
36 59
36 58
37 58
38 58
39 58
39 57
39 56
40 56
41 56
42 56
42 55
42 54
43 54
43 53
44 53
45 53
46 53
47 53
48 53
49 53
50 53
50 52
51 52
52 52
52 51
52 50
52 49
53 49
54 49
54 48
55 48
56 48
57 48
57 47
57 46
58 46
58 45
58 44
59 44
59 43
59 42
60 42
61 42
61 41
61 40
62 40
63 40
64 40
64 39
65 39
66 39
67 39
67 38
68 38
69 38
70 38
70 37
71 37
72 37
73 37
73 36
74 36
75 36
75 35
75 34
74 34
74 33
73 33
73 32
