81 0
82 0
83 0
83 1
83 2
83 3
84 3
85 3
85 4
85 5
85 6
85 7
85 8
85 9
85 10
85 11
84 11
84 12
83 12
83 13
82 13
81 13
81 14
81 15
80 15
79 15
78 15
77 15
77 14
76 14
75 14
74 14
73 14
72 14
72 15
71 15
70 15
70 14
69 14
68 14
67 14
67 15
67 16
66 16
65 16
64 16
63 16
62 16
62 17
61 17
60 17
60 18
59 18
58 18
58 19
57 19
56 19
55 19
55 20
55 21
55 22
54 22
53 22
52 22
51 22
51 21
50 21
49 21
48 21
48 22
48 23
47 23
46 23
46 24
46 25
45 25
44 25
44 26
43 26
42 26
41 26
40 26
39 26
38 26
38 27
37 27
36 27
36 28
35 28
34 28
33 28
32 28
31 28
30 28
30 29
29 29
28 29
27 29
27 30
27 31
27 32
26 32
25 32
25 33
24 33
23 33
23 34
23 35
23 36
22 36
21 36
21 37
21 38
21 39
21 40
21 41
21 42
21 43
20 43
19 43
18 43
18 44
18 45
18 46
18 47
17 47
17 48
16 48
15 48
14 48
13 48
12 48
12 49
11 49
11 50
11 51
11 52
10 52
10 53
10 54
10 55
10 56
10 57
10 58
10 59
10 60
10 61
9 61
8 61
8 62
8 63
7 63
7 64
7 65
7 66
7 67
6 67
6 68
6 69
6 70
6 71
