57 97
57 96
57 95
57 94
58 94
58 93
59 93
59 92
59 91
58 91
57 91
56 91
56 90
55 90
55 89
54 89
54 88
54 87
54 86
54 85
54 84
54 83
54 82
54 81
54 80
55 80
55 79
55 78
55 77
55 76
55 75
55 74
56 74
56 73
56 72
56 71
56 70
55 70
55 69
55 68
54 68
54 67
53 67
52 67
52 68
51 68
50 68
49 68
49 67
49 66
49 65
49 64
49 63
49 62
49 61
49 60
48 60
48 59
47 59
47 58
47 57
46 57
46 56
46 55
47 55
47 54
47 53
47 52
48 52
48 51
48 50
48 49
47 49
47 48
47 47
47 46
47 45
47 44
47 43
47 42
47 41
46 41
45 41
45 40
