47 76
47 75
46 75
46 74
46 73
46 72
46 71
47 71
48 71
49 71
49 70
49 69
50 69
50 68
50 67
50 66
50 65
50 64
50 63
50 62
51 62
52 62
53 62
54 62
55 62
56 62
57 62
58 62
59 62
59 61
60 61
61 61
62 61
63 61
64 61
65 61
66 61
67 61
68 61
68 62
69 62
70 62
70 61
70 60
71 60
72 60
73 60
74 60
74 61
75 61
76 61
77 61
77 60
78 60
79 60
79 59
80 59
81 59
82 59
82 58
83 58
84 58
85 58
86 58
86 57
87 57
88 57
89 57
90 57
90 56
91 56
91 55
91 54
91 53
92 53
93 53
93 54
94 54
95 54
96 54
96 53
97 53
97 52
98 52
99 52
99 53
99 54
