69 36
68 36
67 36
66 36
65 36
65 37
65 38
65 39
64 39
63 39
62 39
61 39
61 40
61 41
61 42
61 43
61 44
61 45
60 45
60 46
60 47
60 48
60 49
59 49
58 49
57 49
56 49
56 50
55 50
54 50
53 50
52 50
51 50
51 49
51 48
50 48
49 48
48 48
47 48
46 48
46 49
45 49
44 49
44 48
43 48
42 48
41 48
40 48
39 48
38 48
37 48
36 48
35 48
35 49
34 49
33 49
32 49
31 49
30 49
29 49
28 49
27 49
26 49
25 49
25 50
25 51
24 51
24 52
24 53
24 54
23 54
22 54
22 55
22 56
22 57
22 58
22 59
22 60
21 60
20 60
20 61
20 62
20 63
20 64
19 64
18 64
17 64
16 64
16 65
15 65
14 65
13 65
12 65
11 65
11 66
10 66
9 66
9 65
8 65
7 65
6 65
5 65
4 65
3 65
2 65
2 64
1 64
