97 53
97 52
96 52
95 52
94 52
94 53
93 53
92 53
91 53
91 52
90 52
89 52
88 52
87 52
87 53
87 54
87 55
86 55
85 55
84 55
84 56
83 56
82 56
82 57
81 57
81 58
81 59
81 60
80 60
79 60
78 60
78 61
77 61
76 61
76 62
75 62
74 62
73 62
72 62
71 62
70 62
69 62
68 62
68 63
67 63
67 64
66 64
65 64
65 65
64 65
64 66
63 66
62 66
62 67
61 67
60 67
60 68
59 68
58 68
57 68
56 68
55 68
54 68
53 68
52 68
51 68
51 69
51 70
51 71
50 71
49 71
48 71
48 72
47 72
46 72
45 72
44 72
43 72
43 73
42 73
41 73
41 74
40 74
39 74
38 74
37 74
36 74
35 74
35 75
35 76
35 77
35 78
35 79
35 80
35 81
35 82
35 83
35 84
35 85
34 85
33 85
33 86
33 87
32 87
32 88
31 88
30 88
29 88
28 88
28 89
28 90
27 90
26 90
25 90
25 91
24 91
24 92
23 92
22 92
22 93
22 94
22 95
22 96
22 97
21 97
20 97
19 97
18 97
17 97
16 97
15 97
14 97
