99 21
99 22
98 22
97 22
96 22
95 22
95 23
94 23
93 23
92 23
91 23
90 23
89 23
88 23
87 23
86 23
86 22
85 22
84 22
84 21
83 21
82 21
82 20
81 20
81 19
80 19
79 19
78 19
78 20
77 20
76 20
76 21
76 22
76 23
75 23
74 23
73 23
72 23
71 23
70 23
70 24
69 24
69 25
68 25
67 25
66 25
65 25
64 25
64 24
63 24
62 24
61 24
60 24
60 23
60 22
59 22
59 21
58 21
58 20
57 20
56 20
56 19
55 19
55 18
54 18
54 17
53 17
52 17
51 17
50 17
49 17
48 17
48 18
47 18
47 19
46 19
45 19
44 19
44 20
44 21
44 22
43 22
42 22
41 22
40 22
39 22
38 22
37 22
36 22
36 21
35 21
34 21
33 21
32 21
31 21
30 21
29 21
28 21
27 21
26 21
25 21
25 22
24 22
23 22
23 23
23 24
22 24
21 24
20 24
19 24
18 24
18 23
17 23
16 23
15 23
14 23
14 24
13 24
13 25
12 25
11 25
11 24
11 23
11 22
11 21
11 20
11 19
12 19
13 19
14 19
15 19
