87 72
86 72
85 72
84 72
83 72
82 72
82 73
82 74
81 74
81 75
80 75
79 75
78 75
78 74
77 74
76 74
75 74
74 74
73 74
73 75
72 75
72 76
71 76
70 76
69 76
68 76
67 76
66 76
65 76
64 76
64 77
64 78
63 78
62 78
61 78
60 78
59 78
58 78
57 78
56 78
56 79
55 79
54 79
54 80
53 80
52 80
51 80
51 79
50 79
49 79
48 79
47 79
46 79
45 79
44 79
43 79
42 79
41 79
40 79
39 79
39 80
39 81
39 82
38 82
37 82
36 82
36 83
36 84
36 85
35 85
34 85
33 85
32 85
32 86
31 86
30 86
30 85
29 85
28 85
27 85
27 86
27 87
26 87
26 88
26 89
26 90
25 90
24 90
24 91
24 92
23 92
22 92
22 91
21 91
20 91
20 92
20 93
20 94
19 94
18 94
17 94
16 94
15 94
14 94
13 94
12 94
11 94
11 93
