22 5
23 5
24 5
25 5
25 6
26 6
27 6
27 7
27 8
27 9
27 10
28 10
29 10
30 10
31 10
32 10
33 10
34 10
35 10
35 11
35 12
35 13
35 14
35 15
35 16
35 17
35 18
36 18
37 18
38 18
38 19
38 20
38 21
38 22
39 22
40 22
41 22
41 23
42 23
43 23
44 23
44 24
44 25
44 26
44 27
44 28
45 28
46 28
46 29
46 30
47 30
48 30
48 31
48 32
48 33
49 33
49 34
50 34
50 35
50 36
50 37
51 37
52 37
53 37
53 38
54 38
54 39
55 39
55 40
56 40
57 40
58 40
59 40
60 40
60 41
61 41
61 42
61 43
61 44
61 45
61 46
62 46
62 47
62 48
63 48
63 49
63 50
63 51
63 52
64 52
64 53
64 54
65 54
65 55
65 56
65 57
65 58
66 58
66 59
66 60
66 61
67 61
67 62
67 63
68 63
69 63
69 62
70 62
71 62
71 61
72 61
73 61
74 61
75 61
75 60
75 59
75 58
75 57
75 56
75 55
76 55
76 54
