27 14
26 14
26 15
26 16
26 17
25 17
24 17
23 17
23 18
23 19
23 20
23 21
23 22
23 23
23 24
22 24
22 25
21 25
21 26
20 26
19 26
19 27
19 28
19 29
19 30
19 31
19 32
19 33
19 34
18 34
18 35
18 36
18 37
18 38
18 39
19 39
19 40
19 41
19 42
18 42
17 42
17 43
17 44
18 44
18 45
18 46
17 46
16 46
15 46
15 47
15 48
14 48
14 49
14 50
14 51
14 52
13 52
13 53
13 54
13 55
12 55
12 56
12 57
12 58
12 59
12 60
12 61
12 62
12 63
12 64
12 65
12 66
11 66
11 67
11 68
11 69
11 70
11 71
10 71
9 71
8 71
7 71
7 72
7 73
6 73
6 74
6 75
5 75
4 75
4 76
4 77
4 78
4 79
3 79
3 80
3 81
2 81
2 82
2 83
2 84
2 85
1 85
0 85
0 86
0 87
0 88
0 89
1 89
2 89
