7 15
7 16
7 17
7 18
8 18
8 19
9 19
10 19
11 19
12 19
12 20
13 20
14 20
14 21
15 21
16 21
17 21
18 21
18 20
19 20
20 20
21 20
22 20
23 20
24 20
25 20
26 20
26 19
27 19
28 19
29 19
30 19
31 19
32 19
33 19
34 19
35 19
35 20
35 21
36 21
36 22
37 22
38 22
39 22
40 22
41 22
42 22
43 22
43 23
43 24
43 25
44 25
45 25
46 25
46 26
47 26
48 26
49 26
49 27
50 27
51 27
52 27
53 27
53 28
54 28
55 28
56 28
57 28
58 28
59 28
60 28
61 28
61 29
61 30
61 31
62 31
63 31
63 32
63 33
64 33
65 33
66 33
66 34
66 35
66 36
67 36
68 36
69 36
69 37
70 37
71 37
72 37
73 37
73 38
74 38
75 38
76 38
77 38
77 39
78 39
79 39
80 39
81 39
81 38
82 38
83 38
84 38
