92 20
92 21
93 21
93 22
93 23
92 23
91 23
91 24
90 24
90 25
90 26
90 27
89 27
88 27
87 27
86 27
85 27
84 27
83 27
83 28
82 28
81 28
80 28
79 28
78 28
78 27
78 26
77 26
77 25
77 24
77 23
77 22
77 21
76 21
75 21
74 21
73 21
73 22
73 23
73 24
73 25
72 25
71 25
70 25
70 24
69 24
68 24
67 24
66 24
65 24
64 24
63 24
63 25
62 25
61 25
60 25
60 24
60 23
59 23
58 23
57 23
56 23
55 23
55 22
54 22
53 22
52 22
51 22
50 22
50 21
49 21
48 21
47 21
46 21
45 21
45 22
44 22
43 22
42 22
42 21
41 21
40 21
39 21
39 20
38 20
38 19
38 18
38 17
38 16
37 16
37 15
36 15
36 14
35 14
35 13
35 12
34 12
33 12
32 12
32 11
32 10
32 9
33 9
34 9
34 10
35 10
36 10
37 10
38 10
38 11
38 12
