4 90
4 89
5 89
6 89
6 88
6 87
6 86
6 85
6 84
7 84
8 84
8 83
8 82
8 81
8 80
8 79
9 79
9 78
10 78
10 77
10 76
10 75
10 74
11 74
12 74
12 73
12 72
13 72
14 72
15 72
15 71
15 70
15 69
16 69
17 69
18 69
19 69
19 68
19 67
19 66
20 66
21 66
22 66
23 66
23 65
24 65
24 64
24 63
24 62
24 61
24 60
25 60
26 60
27 60
28 60
29 60
29 59
29 58
30 58
31 58
32 58
33 58
34 58
34 57
35 57
36 57
37 57
37 58
38 58
39 58
39 57
40 57
41 57
41 56
42 56
43 56
44 56
44 55
45 55
46 55
47 55
48 55
49 55
50 55
51 55
52 55
53 55
53 54
54 54
55 54
56 54
