94 44
93 44
92 44
91 44
91 45
90 45
90 46
89 46
88 46
87 46
86 46
85 46
84 46
83 46
83 45
82 45
82 44
81 44
81 43
81 42
80 42
80 41
79 41
78 41
78 40
77 40
77 39
76 39
75 39
75 38
75 37
75 36
75 35
74 35
73 35
72 35
71 35
71 34
70 34
69 34
68 34
67 34
66 34
66 35
65 35
64 35
64 36
64 37
64 38
64 39
64 40
63 40
62 40
62 41
61 41
60 41
59 41
59 42
58 42
57 42
56 42
55 42
54 42
53 42
52 42
52 41
51 41
50 41
49 41
49 42
48 42
47 42
46 42
45 42
44 42
44 43
43 43
43 44
42 44
41 44
40 44
40 43
39 43
38 43
38 42
37 42
36 42
35 42
34 42
33 42
33 41
32 41
31 41
31 40
30 40
30 39
29 39
28 39
27 39
27 40
27 41
26 41
25 41
24 41
23 41
22 41
21 41
21 40
20 40
19 40
18 40
17 40
16 40
15 40
14 40
13 40
12 40
11 40
11 39
11 38
11 37
11 36
11 35
10 35
10 34
10 33
10 32
10 31
9 31
8 31
7 31
6 31
5 31
5 32
4 32
4 33
4 34
3 34
2 34
2 35
2 36
3 36
3 37
3 38
3 39
3 40
3 41
3 42
2 42
2 43
1 43
1 44
1 45
1 46
1 47
1 48
2 48
2 49
3 49
4 49
4 50
5 50
5 51
6 51
6 52
6 53
6 54
6 55
