79 98
79 97
80 97
81 97
81 96
81 95
81 94
81 93
81 92
82 92
82 91
82 90
83 90
83 89
83 88
84 88
85 88
85 87
86 87
86 86
86 85
86 84
86 83
86 82
86 81
86 80
86 79
86 78
86 77
86 76
86 75
86 74
86 73
86 72
87 72
87 71
87 70
87 69
88 69
89 69
89 68
89 67
89 66
89 65
89 64
89 63
89 62
89 61
89 60
89 59
89 58
89 57
89 56
89 55
88 55
88 54
88 53
88 52
87 52
87 51
86 51
86 50
86 49
86 48
86 47
86 46
86 45
86 44
87 44
87 43
87 42
87 41
87 40
87 39
86 39
86 38
86 37
86 36
86 35
87 35
87 34
87 33
87 32
87 31
87 30
88 30
88 29
89 29
89 28
89 27
89 26
89 25
89 24
89 23
89 22
89 21
88 21
88 20
88 19
88 18
89 18
89 17
89 16
88 16
