99 57
99 56
98 56
97 56
96 56
95 56
94 56
93 56
92 56
92 55
91 55
91 54
91 53
90 53
89 53
88 53
87 53
87 52
86 52
86 51
86 50
85 50
84 50
84 49
84 48
84 47
83 47
82 47
81 47
81 46
80 46
79 46
78 46
77 46
76 46
75 46
74 46
73 46
72 46
71 46
70 46
69 46
68 46
67 46
66 46
65 46
64 46
63 46
63 45
62 45
61 45
61 46
60 46
59 46
58 46
57 46
56 46
55 46
54 46
53 46
53 45
53 44
52 44
52 43
51 43
50 43
49 43
49 42
49 41
48 41
48 40
47 40
46 40
45 40
45 39
44 39
43 39
43 38
42 38
42 37
41 37
40 37
39 37
38 37
37 37
37 38
36 38
35 38
34 38
34 37
34 36
33 36
32 36
31 36
30 36
29 36
28 36
28 35
27 35
26 35
25 35
24 35
23 35
23 36
22 36
22 37
22 38
21 38
20 38
19 38
18 38
18 37
18 36
18 35
18 34
19 34
19 33
19 32
19 31
20 31
21 31
