53 23
53 24
53 25
54 25
54 26
55 26
55 27
55 28
55 29
55 30
55 31
55 32
55 33
55 34
55 35
55 36
55 37
55 38
55 39
55 40
55 41
54 41
54 42
54 43
54 44
54 45
54 46
55 46
55 47
55 48
55 49
55 50
55 51
55 52
55 53
55 54
55 55
55 56
55 57
55 58
55 59
55 60
56 60
57 60
57 61
58 61
58 62
58 63
58 64
58 65
59 65
60 65
61 65
62 65
63 65
64 65
65 65
66 65
66 66
66 67
67 67
68 67
69 67
69 68
69 69
70 69
71 69
71 70
72 70
73 70
74 70
75 70
76 70
77 70
78 70
78 71
79 71
80 71
81 71
81 72
82 72
82 73
83 73
83 74
83 75
83 76
83 77
84 77
85 77
86 77
87 77
87 78
87 79
88 79
89 79
89 80
89 81
88 81
88 82
88 83
87 83
86 83
85 83
84 83
84 84
84 85
84 86
84 87
85 87
85 88
85 89
85 90
86 90
87 90
88 90
89 90
