28 68
28 67
28 66
28 65
29 65
29 64
29 63
30 63
31 63
32 63
33 63
34 63
34 62
34 61
35 61
35 60
36 60
36 59
36 58
37 58
38 58
39 58
39 57
39 56
40 56
41 56
42 56
42 55
42 54
43 54
43 53
43 52
43 51
43 50
43 49
43 48
43 47
43 46
43 45
43 44
43 43
43 42
43 41
43 40
42 40
42 39
42 38
41 38
41 37
41 36
41 35
42 35
42 34
42 33
42 32
42 31
42 30
42 29
43 29
44 29
45 29
46 29
47 29
47 28
47 27
47 26
48 26
48 25
48 24
47 24
47 23
47 22
48 22
48 21
48 20
47 20
47 19
47 18
47 17
47 16
47 15
47 14
47 13
47 12
48 12
49 12
50 12
51 12
52 12
53 12
53 11
54 11
55 11
55 10
56 10
56 9
56 8
56 7
57 7
57 6
58 6
58 5
58 4
57 4
56 4
56 3
55 3
