84 19
84 20
84 21
85 21
85 22
86 22
86 23
86 24
86 25
86 26
86 27
86 28
86 29
86 30
86 31
87 31
87 32
87 33
87 34
88 34
88 35
88 36
87 36
87 37
87 38
87 39
87 40
86 40
86 41
85 41
85 42
85 43
85 44
85 45
86 45
86 46
86 47
87 47
87 48
87 49
87 50
87 51
86 51
85 51
85 52
84 52
84 53
84 54
84 55
84 56
83 56
83 57
82 57
82 58
82 59
82 60
82 61
81 61
80 61
80 62
80 63
80 64
80 65
80 66
80 67
80 68
80 69
80 70
81 70
81 71
81 72
81 73
81 74
81 75
81 76
82 76
82 77
82 78
82 79
82 80
83 80
83 81
83 82
83 83
83 84
83 85
84 85
85 85
85 86
85 87
85 88
85 89
86 89
86 90
86 91
86 92
