32 81
33 81
34 81
35 81
35 80
35 79
34 79
34 78
34 77
34 76
34 75
35 75
36 75
36 74
36 73
36 72
35 72
35 71
35 70
35 69
35 68
35 67
35 66
35 65
34 65
33 65
32 65
31 65
31 64
31 63
31 62
31 61
31 60
31 59
31 58
31 57
31 56
30 56
30 55
30 54
30 53
31 53
32 53
32 52
32 51
32 50
31 50
31 49
31 48
31 47
31 46
31 45
31 44
31 43
31 42
31 41
31 40
31 39
31 38
31 37
31 36
31 35
31 34
31 33
31 32
32 32
33 32
33 31
34 31
35 31
35 30
35 29
36 29
37 29
38 29
39 29
40 29
40 28
41 28
42 28
43 28
44 28
44 27
44 26
45 26
46 26
47 26
48 26
49 26
50 26
51 26
52 26
53 26
53 25
54 25
54 24
55 24
56 24
56 23
57 23
57 22
58 22
58 21
58 20
58 19
59 19
60 19
61 19
61 18
61 17
61 16
62 16
62 15
62 14
62 13
62 12
62 11
63 11
64 11
65 11
65 10
65 9
65 8
65 7
66 7
66 6
66 5
66 4
67 4
68 4
69 4
