3 23
3 24
3 25
3 26
3 27
4 27
4 28
4 29
4 30
5 30
6 30
7 30
7 31
8 31
9 31
9 32
10 32
10 33
10 34
11 34
11 35
12 35
13 35
14 35
14 36
15 36
16 36
17 36
18 36
19 36
19 37
20 37
20 38
21 38
22 38
23 38
24 38
25 38
26 38
27 38
28 38
29 38
29 39
30 39
30 40
31 40
32 40
33 40
34 40
35 40
36 40
37 40
38 40
39 40
40 40
41 40
42 40
43 40
44 40
45 40
45 39
46 39
47 39
48 39
48 40
49 40
50 40
51 40
52 40
53 40
54 40
55 40
56 40
57 40
58 40
59 40
60 40
61 40
62 40
62 41
63 41
64 41
65 41
66 41
67 41
68 41
68 40
69 40
69 39
70 39
71 39
71 40
72 40
73 40
74 40
75 40
75 39
76 39
77 39
78 39
79 39
80 39
81 39
82 39
82 40
82 41
83 41
83 42
83 43
84 43
84 44
84 45
85 45
86 45
87 45
87 44
87 43
88 43
89 43
90 43
91 43
92 43
92 42
92 41
93 41
94 41
95 41
96 41
96 40
97 40
98 40
98 41
98 42
98 43
97 43
96 43
