40 12
40 11
41 11
42 11
42 12
42 13
41 13
41 14
41 15
41 16
41 17
41 18
41 19
40 19
39 19
39 20
39 21
39 22
40 22
40 23
40 24
40 25
40 26
40 27
40 28
40 29
41 29
42 29
43 29
44 29
44 30
44 31
45 31
46 31
47 31
48 31
49 31
49 32
49 33
49 34
50 34
51 34
52 34
53 34
53 35
53 36
53 37
53 38
54 38
55 38
55 39
55 40
55 41
55 42
55 43
55 44
55 45
55 46
56 46
57 46
58 46
59 46
60 46
61 46
62 46
62 47
62 48
63 48
63 49
64 49
65 49
66 49
67 49
68 49
68 50
68 51
68 52
68 53
68 54
69 54
69 55
69 56
69 57
70 57
70 58
70 59
70 60
70 61
70 62
70 63
71 63
72 63
72 64
73 64
74 64
74 65
74 66
75 66
76 66
77 66
78 66
78 67
79 67
79 68
79 69
79 70
80 70
80 71
80 72
80 73
80 74
80 75
80 76
80 77
81 77
81 78
81 79
82 79
82 80
82 81
82 82
82 83
83 83
84 83
85 83
86 83
86 84
87 84
88 84
88 85
89 85
90 85
90 86
90 87
90 88
89 88
89 89
88 89
88 90
