14 49
15 49
15 48
15 47
16 47
17 47
17 46
18 46
18 45
19 45
20 45
20 44
21 44
21 43
21 42
21 41
21 40
21 39
22 39
23 39
23 38
24 38
25 38
26 38
26 37
26 36
27 36
27 35
27 34
28 34
29 34
29 33
29 32
29 31
30 31
31 31
31 30
32 30
33 30
34 30
35 30
36 30
36 29
37 29
38 29
39 29
40 29
41 29
42 29
43 29
44 29
45 29
46 29
47 29
47 28
47 27
48 27
49 27
50 27
51 27
52 27
52 26
52 25
53 25
53 24
54 24
54 23
54 22
55 22
56 22
57 22
58 22
58 21
59 21
59 20
59 19
60 19
60 18
60 17
61 17
62 17
63 17
63 16
63 15
64 15
65 15
65 14
65 13
65 12
66 12
66 11
66 10
67 10
68 10
69 10
70 10
71 10
72 10
72 9
72 8
72 7
72 6
73 6
73 5
73 4
74 4
74 3
74 2
75 2
76 2
76 1
77 1
78 1
79 1
80 1
80 2
80 3
81 3
82 3
83 3
84 3
84 4
85 4
86 4
87 4
88 4
88 5
