40 18
40 19
40 20
40 21
40 22
39 22
38 22
37 22
37 23
37 24
37 25
37 26
37 27
37 28
37 29
38 29
39 29
39 30
39 31
40 31
40 32
40 33
40 34
40 35
40 36
40 37
41 37
41 38
41 39
41 40
41 41
41 42
42 42
43 42
43 43
43 44
43 45
43 46
44 46
45 46
45 47
45 48
45 49
46 49
46 50
46 51
46 52
47 52
47 53
47 54
47 55
47 56
47 57
48 57
48 58
48 59
49 59
49 60
49 61
49 62
49 63
49 64
48 64
48 65
47 65
46 65
45 65
45 66
45 67
44 67
44 68
44 69
44 70
43 70
43 71
43 72
43 73
43 74
42 74
42 75
42 76
42 77
42 78
43 78
44 78
44 79
44 80
44 81
43 81
43 82
43 83
44 83
44 84
