56 1
55 1
54 1
54 2
54 3
54 4
54 5
53 5
52 5
52 6
52 7
51 7
50 7
50 8
49 8
49 9
49 10
49 11
49 12
49 13
49 14
49 15
49 16
48 16
48 17
48 18
48 19
48 20
48 21
48 22
48 23
48 24
48 25
47 25
47 26
46 26
46 27
45 27
45 28
45 29
45 30
45 31
45 32
44 32
44 33
44 34
44 35
43 35
42 35
41 35
40 35
39 35
38 35
38 36
38 37
38 38
38 39
38 40
38 41
38 42
38 43
38 44
38 45
38 46
38 47
38 48
37 48
36 48
36 49
36 50
36 51
36 52
36 53
36 54
36 55
36 56
36 57
36 58
36 59
35 59
34 59
33 59
33 60
33 61
32 61
32 62
32 63
32 64
32 65
32 66
32 67
32 68
33 68
33 69
33 70
33 71
33 72
32 72
31 72
31 73
30 73
29 73
28 73
27 73
27 74
27 75
27 76
