78 72
78 71
77 71
77 70
76 70
75 70
74 70
73 70
73 69
73 68
72 68
71 68
70 68
69 68
68 68
67 68
67 67
67 66
66 66
65 66
64 66
63 66
62 66
61 66
61 65
61 64
60 64
59 64
58 64
58 63
57 63
57 62
57 61
57 60
57 59
56 59
56 58
55 58
54 58
54 57
53 57
52 57
51 57
50 57
49 57
48 57
47 57
47 56
47 55
47 54
47 53
47 52
47 51
47 50
47 49
46 49
46 48
45 48
45 47
45 46
44 46
44 45
44 44
44 43
43 43
43 42
43 41
42 41
42 40
41 40
41 39
41 38
40 38
40 37
39 37
38 37
38 36
38 35
38 34
38 33
38 32
38 31
38 30
38 29
38 28
38 27
38 26
38 25
38 24
37 24
36 24
36 23
36 22
36 21
36 20
36 19
36 18
36 17
36 16
36 15
36 14
36 13
35 13
35 12
34 12
33 12
32 12
31 12
31 11
31 10
30 10
30 9
30 8
30 7
31 7
31 6
31 5
31 4
