94 60
93 60
92 60
92 61
92 62
91 62
91 63
91 64
91 65
90 65
90 66
89 66
89 67
89 68
88 68
87 68
86 68
86 69
85 69
85 70
85 71
85 72
84 72
83 72
83 73
82 73
81 73
81 74
81 75
80 75
79 75
78 75
77 75
76 75
75 75
74 75
73 75
73 76
73 77
73 78
73 79
73 80
72 80
72 81
71 81
70 81
70 82
70 83
70 84
69 84
68 84
67 84
66 84
65 84
64 84
63 84
63 83
62 83
61 83
60 83
59 83
58 83
57 83
56 83
56 84
55 84
55 85
54 85
53 85
52 85
52 86
51 86
50 86
49 86
49 87
49 88
48 88
47 88
46 88
45 88
45 89
44 89
44 90
43 90
42 90
41 90
40 90
39 90
38 90
37 90
36 90
35 90
34 90
33 90
33 91
32 91
32 92
32 93
31 93
30 93
29 93
28 93
27 93
26 93
25 93
24 93
23 93
22 93
21 93
20 93
20 94
19 94
18 94
18 95
18 96
17 96
16 96
15 96
14 96
14 95
13 95
12 95
12 94
11 94
