20 24
20 25
20 26
20 27
20 28
21 28
22 28
22 29
23 29
24 29
24 30
25 30
26 30
27 30
28 30
29 30
30 30
31 30
32 30
33 30
34 30
35 30
35 31
35 32
34 32
34 33
34 34
34 35
34 36
34 37
34 38
35 38
36 38
37 38
38 38
38 39
38 40
39 40
40 40
40 41
41 41
41 42
41 43
41 44
41 45
42 45
42 46
43 46
43 47
43 48
43 49
44 49
44 50
45 50
45 51
45 52
46 52
47 52
47 53
47 54
48 54
48 55
48 56
48 57
48 58
48 59
48 60
49 60
50 60
50 61
51 61
52 61
52 62
53 62
53 63
53 64
53 65
54 65
54 66
54 67
54 68
54 69
54 70
55 70
55 71
56 71
56 72
56 73
56 74
56 75
56 76
56 77
56 78
56 79
56 80
57 80
57 81
57 82
57 83
57 84
57 85
58 85
59 85
60 85
61 85
62 85
63 85
64 85
65 85
65 86
65 87
65 88
65 89
66 89
67 89
68 89
69 89
70 89
71 89
72 89
72 90
72 91
72 92
72 93
72 94
72 95
73 95
74 95
75 95
76 95
77 95
78 95
79 95
80 95
80 96
80 97
81 97
82 97
83 97
