37 82
37 81
38 81
39 81
40 81
40 80
41 80
41 79
42 79
43 79
44 79
45 79
45 78
46 78
47 78
48 78
49 78
50 78
51 78
51 79
52 79
53 79
53 78
53 77
54 77
55 77
56 77
57 77
57 76
58 76
59 76
60 76
60 75
61 75
61 74
62 74
63 74
64 74
64 73
65 73
65 72
65 71
65 70
65 69
65 68
65 67
66 67
67 67
68 67
69 67
69 66
70 66
71 66
71 67
72 67
73 67
74 67
75 67
76 67
77 67
78 67
79 67
80 67
81 67
82 67
83 67
83 68
84 68
85 68
85 67
85 66
86 66
86 65
87 65
88 65
88 64
89 64
89 63
90 63
91 63
92 63
93 63
94 63
95 63
95 62
96 62
96 61
97 61
