10 96
10 95
9 95
8 95
8 94
8 93
9 93
10 93
11 93
11 92
11 91
11 90
11 89
11 88
11 87
11 86
12 86
13 86
14 86
15 86
15 85
15 84
16 84
16 83
16 82
16 81
16 80
17 80
17 79
17 78
17 77
17 76
17 75
16 75
15 75
15 74
15 73
15 72
14 72
14 71
14 70
14 69
14 68
15 68
16 68
16 67
16 66
16 65
17 65
17 64
17 63
16 63
16 62
16 61
16 60
16 59
17 59
17 58
17 57
17 56
17 55
17 54
17 53
18 53
19 53
20 53
20 52
20 51
20 50
20 49
21 49
21 48
22 48
22 47
22 46
21 46
21 45
21 44
21 43
22 43
22 42
22 41
22 40
22 39
22 38
21 38
21 37
21 36
21 35
22 35
22 34
22 33
22 32
23 32
23 31
23 30
23 29
23 28
23 27
22 27
21 27
20 27
20 28
20 29
20 30
20 31
20 32
