87 83
86 83
85 83
84 83
83 83
82 83
81 83
80 83
79 83
78 83
77 83
76 83
75 83
74 83
73 83
72 83
71 83
70 83
69 83
68 83
67 83
66 83
65 83
64 83
63 83
62 83
61 83
60 83
59 83
58 83
57 83
57 84
57 85
56 85
56 86
55 86
55 87
54 87
53 87
52 87
51 87
50 87
49 87
48 87
47 87
46 87
45 87
44 87
44 88
43 88
42 88
42 87
41 87
40 87
39 87
39 88
39 89
38 89
37 89
36 89
35 89
34 89
34 90
33 90
32 90
31 90
30 90
30 91
29 91
29 92
28 92
27 92
26 92
25 92
24 92
23 92
22 92
21 92
20 92
20 93
19 93
18 93
17 93
16 93
15 93
15 94
14 94
13 94
12 94
11 94
11 95
10 95
9 95
8 95
7 95
6 95
5 95
4 95
3 95
3 94
3 93
2 93
2 92
2 91
1 91
0 91
0 90
