24 64
25 64
25 63
26 63
26 62
26 61
26 60
26 59
26 58
27 58
27 57
28 57
29 57
29 56
29 55
29 54
30 54
31 54
32 54
32 53
32 52
32 51
32 50
32 49
32 48
33 48
34 48
34 49
35 49
35 50
36 50
37 50
38 50
38 51
39 51
40 51
41 51
42 51
43 51
44 51
44 50
45 50
46 50
46 51
47 51
48 51
49 51
50 51
50 50
51 50
52 50
53 50
54 50
54 49
55 49
56 49
56 48
57 48
58 48
59 48
60 48
60 47
61 47
62 47
63 47
64 47
65 47
66 47
66 46
66 45
67 45
68 45
68 46
69 46
69 47
70 47
71 47
71 48
71 49
71 50
70 50
70 51
70 52
71 52
72 52
72 53
73 53
74 53
75 53
76 53
76 54
77 54
77 55
77 56
77 57
77 58
78 58
79 58
80 58
81 58
82 58
82 59
82 60
83 60
84 60
84 61
85 61
86 61
87 61
88 61
89 61
90 61
91 61
91 62
91 63
92 63
93 63
94 63
94 62
94 61
95 61
96 61
96 60
96 59
96 58
97 58
