96 57
96 58
96 59
96 60
97 60
97 61
97 62
96 62
95 62
94 62
94 63
93 63
92 63
91 63
90 63
89 63
88 63
88 62
87 62
86 62
85 62
84 62
83 62
82 62
81 62
80 62
79 62
78 62
77 62
77 63
77 64
77 65
77 66
77 67
76 67
76 68
76 69
75 69
75 70
75 71
74 71
73 71
73 72
73 73
72 73
72 74
71 74
70 74
70 75
70 76
70 77
69 77
68 77
68 78
67 78
66 78
65 78
65 79
64 79
64 80
63 80
62 80
61 80
60 80
60 81
59 81
59 82
58 82
58 83
58 84
57 84
56 84
55 84
54 84
53 84
52 84
51 84
51 85
50 85
50 86
50 87
50 88
50 89
49 89
48 89
48 90
48 91
48 92
48 93
47 93
46 93
45 93
44 93
43 93
42 93
41 93
40 93
39 93
39 94
38 94
37 94
36 94
35 94
34 94
33 94
32 94
31 94
31 95
30 95
29 95
28 95
27 95
26 95
25 95
25 96
25 97
24 97
23 97
22 97
21 97
20 97
20 96
20 95
19 95
18 95
18 96
18 97
