68 30
67 30
67 29
66 29
66 28
65 28
64 28
63 28
62 28
61 28
61 29
61 30
61 31
60 31
59 31
58 31
57 31
56 31
55 31
54 31
53 31
53 30
52 30
51 30
51 31
51 32
51 33
50 33
49 33
49 34
49 35
48 35
47 35
47 36
47 37
46 37
45 37
45 38
44 38
44 39
43 39
42 39
41 39
40 39
40 40
40 41
40 42
40 43
39 43
38 43
37 43
36 43
35 43
34 43
33 43
32 43
31 43
30 43
30 42
29 42
28 42
28 43
27 43
26 43
25 43
24 43
23 43
22 43
21 43
20 43
20 42
19 42
18 42
17 42
16 42
16 43
15 43
14 43
14 42
13 42
13 41
13 40
13 39
13 38
13 37
