66 7
65 7
64 7
64 8
63 8
62 8
61 8
61 9
61 10
60 10
60 11
59 11
58 11
57 11
56 11
55 11
54 11
53 11
52 11
52 12
52 13
51 13
51 14
51 15
51 16
51 17
50 17
50 18
50 19
49 19
48 19
48 20
47 20
46 20
45 20
44 20
44 21
43 21
43 22
42 22
41 22
40 22
39 22
39 23
38 23
38 24
37 24
36 24
36 25
35 25
35 26
34 26
34 27
34 28
34 29
34 30
34 31
34 32
34 33
33 33
33 34
33 35
33 36
33 37
33 38
33 39
34 39
34 40
34 41
33 41
32 41
31 41
30 41
29 41
29 42
29 43
29 44
29 45
29 46
29 47
28 47
28 48
28 49
28 50
28 51
28 52
