1 74
1 75
2 75
3 75
3 76
4 76
4 77
5 77
6 77
6 78
7 78
8 78
9 78
9 79
10 79
11 79
12 79
12 78
13 78
14 78
15 78
16 78
17 78
18 78
19 78
20 78
20 77
20 76
21 76
22 76
22 75
23 75
24 75
25 75
26 75
26 74
27 74
28 74
29 74
29 75
29 76
30 76
31 76
31 77
31 78
32 78
33 78
33 79
33 80
34 80
34 81
34 82
35 82
35 83
35 84
36 84
37 84
38 84
39 84
40 84
41 84
42 84
43 84
44 84
44 83
45 83
46 83
47 83
47 84
47 85
47 86
48 86
49 86
50 86
51 86
52 86
52 87
53 87
54 87
55 87
55 86
56 86
57 86
58 86
58 87
59 87
60 87
60 88
61 88
62 88
63 88
64 88
65 88
66 88
67 88
67 87
68 87
68 86
68 85
68 84
69 84
70 84
71 84
72 84
73 84
