19 70
20 70
20 71
21 71
22 71
22 72
23 72
24 72
25 72
26 72
27 72
28 72
29 72
30 72
31 72
32 72
33 72
34 72
35 72
36 72
37 72
38 72
39 72
39 71
40 71
41 71
41 70
42 70
43 70
44 70
45 70
45 71
46 71
47 71
48 71
48 70
49 70
50 70
50 69
51 69
52 69
52 68
53 68
54 68
54 67
55 67
56 67
57 67
58 67
59 67
60 67
61 67
62 67
63 67
64 67
64 66
64 65
65 65
66 65
66 66
67 66
68 66
69 66
69 67
69 68
70 68
70 69
71 69
72 69
73 69
74 69
75 69
75 70
75 71
76 71
77 71
77 70
78 70
79 70
80 70
81 70
82 70
82 71
82 72
83 72
83 73
84 73
85 73
86 73
87 73
88 73
89 73
90 73
91 73
