48 13
47 13
46 13
46 14
45 14
44 14
43 14
42 14
42 13
42 12
41 12
40 12
39 12
38 12
38 11
38 10
37 10
36 10
35 10
34 10
34 9
33 9
32 9
32 10
32 11
32 12
32 13
32 14
32 15
32 16
33 16
33 17
33 18
34 18
35 18
35 19
35 20
35 21
35 22
36 22
37 22
38 22
39 22
40 22
40 23
40 24
40 25
40 26
40 27
40 28
39 28
39 29
39 30
39 31
39 32
39 33
39 34
39 35
39 36
40 36
40 37
40 38
40 39
40 40
40 41
40 42
40 43
40 44
40 45
40 46
40 47
40 48
39 48
38 48
38 49
38 50
38 51
38 52
39 52
39 53
39 54
39 55
40 55
40 56
40 57
40 58
40 59
41 59
41 60
41 61
41 62
40 62
40 63
40 64
40 65
40 66
39 66
39 67
38 67
38 68
37 68
36 68
35 68
34 68
33 68
