66 88
66 89
66 90
65 90
65 91
64 91
63 91
63 90
63 89
63 88
62 88
61 88
61 87
61 86
61 85
60 85
59 85
59 84
59 83
59 82
59 81
59 80
59 79
59 78
60 78
60 77
60 76
60 75
60 74
60 73
60 72
61 72
61 71
61 70
61 69
62 69
62 68
63 68
64 68
64 67
64 66
64 65
65 65
65 64
65 63
65 62
65 61
65 60
66 60
67 60
67 59
67 58
67 57
66 57
66 56
66 55
66 54
67 54
67 53
67 52
67 51
67 50
67 49
67 48
67 47
67 46
67 45
67 44
67 43
67 42
67 41
67 40
67 39
67 38
68 38
68 37
68 36
69 36
69 35
69 34
69 33
70 33
70 32
70 31
70 30
69 30
69 29
69 28
70 28
70 27
70 26
71 26
72 26
73 26
74 26
75 26
75 25
75 24
75 23
76 23
76 22
76 21
76 20
76 19
76 18
76 17
76 16
76 15
