15 66
15 67
16 67
16 68
16 69
17 69
17 70
17 71
17 72
17 73
17 74
17 75
17 76
17 77
17 78
17 79
18 79
19 79
20 79
21 79
22 79
22 80
23 80
23 81
24 81
24 82
25 82
26 82
26 83
26 84
26 85
27 85
28 85
29 85
30 85
31 85
32 85
33 85
34 85
34 86
35 86
35 87
35 88
36 88
37 88
38 88
39 88
39 87
40 87
41 87
41 86
41 85
42 85
43 85
43 86
44 86
45 86
45 87
46 87
47 87
48 87
48 86
49 86
50 86
51 86
52 86
53 86
53 85
54 85
55 85
56 85
57 85
57 84
58 84
59 84
60 84
61 84
62 84
63 84
63 83
64 83
65 83
65 84
66 84
67 84
68 84
69 84
70 84
71 84
72 84
73 84
74 84
75 84
75 83
76 83
77 83
78 83
79 83
80 83
80 84
81 84
82 84
83 84
83 85
83 86
83 87
84 87
84 88
84 89
84 90
85 90
85 91
86 91
87 91
88 91
89 91
90 91
91 91
92 91
93 91
94 91
95 91
96 91
97 91
97 92
98 92
98 93
