97 97
96 97
95 97
95 96
95 95
95 94
95 93
94 93
94 92
94 91
94 90
94 89
94 88
94 87
94 86
94 85
94 84
94 83
94 82
95 82
95 81
95 80
95 79
96 79
97 79
97 78
97 77
98 77
98 76
98 75
98 74
98 73
98 72
98 71
98 70
99 70
99 69
99 68
99 67
98 67
97 67
96 67
95 67
95 66
95 65
95 64
95 63
94 63
93 63
93 62
92 62
92 61
92 60
92 59
92 58
92 57
92 56
92 55
92 54
92 53
92 52
92 51
93 51
93 50
94 50
94 49
94 48
94 47
95 47
96 47
96 46
96 45
96 44
96 43
96 42
96 41
96 40
96 39
96 38
96 37
95 37
95 36
95 35
95 34
95 33
94 33
93 33
93 32
93 31
93 30
93 29
93 28
93 27
93 26
93 25
93 24
93 23
93 22
93 21
92 21
91 21
91 20
91 19
91 18
91 17
91 16
91 15
91 14
91 13
90 13
89 13
88 13
88 14
87 14
86 14
86 13
