99 17
99 18
99 19
98 19
97 19
96 19
95 19
94 19
93 19
92 19
91 19
90 19
89 19
88 19
87 19
86 19
86 18
86 17
85 17
84 17
83 17
82 17
81 17
80 17
80 16
80 15
79 15
79 14
78 14
78 13
77 13
76 13
75 13
75 14
74 14
74 15
73 15
72 15
71 15
70 15
69 15
68 15
67 15
66 15
65 15
64 15
63 15
62 15
62 14
61 14
60 14
59 14
59 13
58 13
57 13
56 13
55 13
55 12
54 12
53 12
53 11
52 11
51 11
51 10
50 10
49 10
48 10
47 10
46 10
46 11
45 11
44 11
43 11
42 11
41 11
40 11
39 11
38 11
38 12
38 13
37 13
36 13
35 13
34 13
34 14
33 14
32 14
31 14
31 13
30 13
29 13
28 13
28 14
27 14
26 14
26 15
25 15
24 15
23 15
23 16
22 16
21 16
21 15
20 15
19 15
18 15
17 15
17 16
16 16
16 17
