93 88
93 87
93 86
92 86
91 86
90 86
89 86
88 86
87 86
86 86
86 85
85 85
84 85
84 84
83 84
82 84
81 84
81 83
81 82
81 81
81 80
80 80
80 79
79 79
79 78
78 78
77 78
76 78
76 77
76 76
75 76
74 76
73 76
73 75
73 74
72 74
71 74
70 74
70 73
69 73
69 72
68 72
68 71
68 70
68 69
67 69
66 69
65 69
65 68
64 68
63 68
63 67
62 67
61 67
60 67
59 67
58 67
57 67
56 67
55 67
55 68
54 68
53 68
52 68
51 68
50 68
49 68
48 68
47 68
46 68
45 68
45 67
44 67
43 67
42 67
41 67
40 67
39 67
39 66
39 65
38 65
37 65
37 64
36 64
35 64
34 64
34 65
33 65
32 65
32 64
31 64
30 64
30 65
29 65
29 66
29 67
28 67
27 67
27 66
26 66
25 66
24 66
23 66
23 65
23 64
22 64
21 64
20 64
19 64
18 64
17 64
17 65
