15 12
15 13
16 13
16 14
17 14
18 14
18 15
19 15
19 16
20 16
21 16
22 16
23 16
24 16
24 17
25 17
25 18
26 18
27 18
28 18
29 18
29 19
29 20
30 20
30 21
30 22
31 22
32 22
33 22
34 22
35 22
35 23
35 24
35 25
36 25
36 26
37 26
38 26
39 26
39 27
40 27
41 27
42 27
43 27
43 28
43 29
43 30
43 31
44 31
45 31
46 31
46 32
46 33
46 34
46 35
47 35
47 36
47 37
47 38
47 39
48 39
49 39
49 40
49 41
48 41
48 42
48 43
48 44
49 44
49 45
50 45
50 46
50 47
50 48
50 49
50 50
50 51
50 52
50 53
50 54
50 55
50 56
50 57
50 58
50 59
49 59
49 60
49 61
48 61
47 61
47 62
47 63
47 64
47 65
47 66
47 67
47 68
47 69
47 70
47 71
47 72
47 73
47 74
47 75
47 76
47 77
47 78
47 79
46 79
46 80
46 81
46 82
45 82
44 82
43 82
43 83
43 84
42 84
42 85
42 86
42 87
42 88
42 89
42 90
42 91
42 92
42 93
43 93
43 94
43 95
44 95
45 95
45 96
45 97
45 98
45 99
44 99
43 99
