33 72
32 72
31 72
30 72
29 72
29 71
28 71
27 71
26 71
26 72
25 72
24 72
24 71
23 71
23 70
23 69
23 68
23 67
23 66
23 65
22 65
21 65
21 64
21 63
21 62
21 61
21 60
21 59
21 58
21 57
21 56
21 55
21 54
22 54
23 54
24 54
24 53
24 52
24 51
24 50
24 49
25 49
26 49
26 48
26 47
26 46
26 45
27 45
27 44
27 43
27 42
27 41
27 40
27 39
27 38
27 37
27 36
27 35
28 35
28 34
28 33
28 32
29 32
30 32
31 32
32 32
33 32
33 31
34 31
34 30
35 30
35 29
35 28
35 27
35 26
35 25
36 25
36 24
36 23
36 22
36 21
36 20
36 19
36 18
37 18
38 18
39 18
39 17
39 16
40 16
41 16
