50 62
50 61
50 60
49 60
48 60
48 59
47 59
46 59
46 58
46 57
46 56
46 55
46 54
46 53
46 52
46 51
46 50
47 50
47 49
47 48
47 47
47 46
47 45
47 44
47 43
47 42
47 41
47 40
47 39
47 38
46 38
45 38
45 37
45 36
46 36
47 36
47 35
47 34
47 33
47 32
47 31
47 30
47 29
47 28
48 28
48 27
48 26
48 25
48 24
48 23
48 22
48 21
48 20
48 19
48 18
48 17
48 16
49 16
49 15
49 14
49 13
50 13
51 13
52 13
53 13
54 13
55 13
55 12
56 12
57 12
58 12
59 12
60 12
61 12
62 12
63 12
64 12
64 11
64 10
65 10
66 10
67 10
67 9
68 9
69 9
70 9
71 9
72 9
72 8
72 7
72 6
72 5
72 4
73 4
73 3
74 3
