58 85
57 85
56 85
55 85
55 84
55 83
55 82
54 82
53 82
52 82
52 81
52 80
52 79
52 78
52 77
53 77
53 76
53 75
53 74
53 73
52 73
51 73
50 73
50 74
49 74
48 74
47 74
46 74
45 74
45 73
44 73
43 73
43 72
43 71
43 70
42 70
42 69
42 68
42 67
42 66
42 65
42 64
42 63
42 62
41 62
40 62
40 61
39 61
38 61
38 60
37 60
36 60
35 60
34 60
33 60
32 60
31 60
30 60
29 60
29 59
29 58
29 57
28 57
27 57
26 57
25 57
24 57
24 58
23 58
23 59
22 59
21 59
21 58
20 58
19 58
18 58
17 58
17 57
17 56
17 55
17 54
17 53
16 53
15 53
14 53
13 53
12 53
12 52
12 51
12 50
12 49
12 48
11 48
11 47
11 46
11 45
10 45
10 44
10 43
9 43
8 43
8 42
7 42
7 41
6 41
5 41
4 41
4 40
