52 13
51 13
50 13
50 14
50 15
50 16
50 17
49 17
49 18
49 19
49 20
49 21
49 22
48 22
47 22
46 22
46 23
46 24
45 24
45 25
45 26
45 27
45 28
45 29
46 29
46 30
46 31
45 31
45 32
45 33
45 34
45 35
45 36
45 37
45 38
45 39
45 40
45 41
45 42
45 43
45 44
46 44
46 45
46 46
46 47
46 48
46 49
45 49
45 50
45 51
45 52
45 53
44 53
44 54
44 55
44 56
44 57
44 58
45 58
45 59
45 60
44 60
44 61
43 61
42 61
41 61
41 60
40 60
39 60
38 60
38 61
38 62
37 62
36 62
36 63
35 63
35 64
34 64
33 64
33 65
33 66
33 67
32 67
32 68
32 69
31 69
31 70
31 71
31 72
31 73
30 73
29 73
28 73
27 73
27 74
27 75
27 76
26 76
26 77
26 78
25 78
25 79
25 80
25 81
24 81
24 82
24 83
24 84
23 84
23 85
23 86
23 87
23 88
23 89
23 90
23 91
22 91
21 91
21 92
21 93
21 94
21 95
20 95
19 95
18 95
17 95
16 95
16 96
16 97
16 98
15 98
14 98
13 98
12 98
11 98
11 99
10 99
9 99
9 98
