29 73
29 72
30 72
31 72
32 72
33 72
34 72
35 72
35 73
35 74
35 75
36 75
37 75
38 75
39 75
40 75
40 76
40 77
40 78
40 79
41 79
42 79
43 79
44 79
45 79
46 79
46 78
47 78
48 78
48 79
49 79
50 79
51 79
52 79
53 79
54 79
55 79
56 79
57 79
58 79
58 80
59 80
60 80
61 80
61 81
61 82
62 82
63 82
64 82
65 82
66 82
67 82
68 82
68 83
69 83
69 84
70 84
71 84
72 84
73 84
74 84
74 85
75 85
76 85
77 85
78 85
79 85
80 85
80 86
80 87
81 87
81 88
82 88
83 88
84 88
85 88
86 88
87 88
88 88
89 88
89 87
89 86
90 86
91 86
92 86
93 86
94 86
95 86
95 87
96 87
96 88
96 89
95 89
94 89
93 89
93 90
