52 57
53 57
53 58
54 58
55 58
56 58
57 58
58 58
58 59
58 60
58 61
59 61
60 61
61 61
62 61
62 60
63 60
63 59
63 58
62 58
62 57
62 56
62 55
62 54
62 53
63 53
63 52
63 51
62 51
61 51
61 50
61 49
61 48
60 48
59 48
59 47
58 47
58 46
57 46
57 45
56 45
55 45
54 45
53 45
53 44
52 44
52 43
52 42
52 41
51 41
50 41
49 41
49 40
48 40
48 39
47 39
46 39
46 38
46 37
45 37
44 37
44 36
44 35
44 34
44 33
43 33
43 32
42 32
42 31
42 30
41 30
41 29
41 28
41 27
41 26
41 25
41 24
40 24
39 24
39 23
38 23
38 22
38 21
37 21
37 20
36 20
36 19
36 18
36 17
36 16
36 15
36 14
36 13
36 12
36 11
36 10
36 9
35 9
35 8
35 7
34 7
33 7
32 7
31 7
30 7
29 7
29 6
29 5
