92 17
91 17
90 17
89 17
89 18
89 19
88 19
87 19
86 19
86 20
86 21
85 21
85 22
85 23
85 24
84 24
83 24
82 24
81 24
81 25
81 26
81 27
81 28
81 29
81 30
81 31
80 31
79 31
78 31
78 30
77 30
76 30
76 31
75 31
74 31
74 32
73 32
73 33
73 34
73 35
73 36
73 37
73 38
72 38
71 38
71 39
71 40
71 41
71 42
71 43
71 44
71 45
70 45
69 45
68 45
68 46
68 47
68 48
68 49
68 50
68 51
68 52
68 53
68 54
68 55
67 55
66 55
65 55
64 55
64 56
64 57
64 58
64 59
64 60
64 61
64 62
65 62
65 63
65 64
65 65
64 65
64 66
63 66
62 66
61 66
60 66
59 66
58 66
57 66
57 65
56 65
56 64
56 63
55 63
54 63
53 63
52 63
51 63
