15 79
16 79
17 79
18 79
19 79
20 79
20 80
20 81
20 82
21 82
22 82
23 82
24 82
25 82
26 82
26 81
27 81
27 80
27 79
28 79
29 79
30 79
31 79
32 79
32 80
33 80
33 81
34 81
35 81
36 81
37 81
38 81
38 82
39 82
40 82
41 82
41 81
42 81
43 81
44 81
44 82
45 82
46 82
46 81
47 81
48 81
49 81
50 81
51 81
52 81
53 81
54 81
55 81
56 81
57 81
58 81
59 81
60 81
61 81
62 81
63 81
64 81
65 81
66 81
67 81
67 80
68 80
69 80
70 80
70 79
71 79
72 79
73 79
74 79
75 79
75 78
75 77
76 77
77 77
77 76
78 76
79 76
80 76
81 76
81 75
82 75
83 75
84 75
85 75
85 74
86 74
87 74
