99 84
98 84
97 84
96 84
95 84
95 83
95 82
94 82
93 82
92 82
91 82
90 82
90 81
90 80
89 80
89 79
88 79
87 79
86 79
86 78
86 77
85 77
84 77
83 77
82 77
81 77
80 77
79 77
78 77
77 77
76 77
76 78
75 78
74 78
73 78
72 78
71 78
70 78
69 78
68 78
68 79
67 79
67 80
66 80
65 80
64 80
63 80
62 80
61 80
60 80
59 80
58 80
57 80
56 80
55 80
54 80
54 81
53 81
52 81
51 81
51 80
51 79
50 79
49 79
48 79
47 79
47 78
47 77
46 77
45 77
45 78
44 78
43 78
42 78
41 78
40 78
39 78
38 78
38 79
37 79
36 79
35 79
34 79
33 79
32 79
32 80
31 80
30 80
30 81
29 81
28 81
27 81
26 81
25 81
25 82
24 82
23 82
22 82
21 82
21 81
20 81
19 81
19 80
18 80
17 80
16 80
16 79
16 78
15 78
14 78
13 78
12 78
11 78
10 78
9 78
8 78
8 77
7 77
6 77
6 76
5 76
