44 12
43 12
43 13
42 13
41 13
41 14
41 15
41 16
41 17
41 18
41 19
41 20
40 20
39 20
38 20
37 20
37 21
36 21
35 21
34 21
33 21
32 21
31 21
31 22
31 23
31 24
31 25
31 26
30 26
29 26
29 27
29 28
29 29
28 29
27 29
27 30
27 31
27 32
27 33
27 34
27 35
26 35
25 35
25 36
25 37
25 38
25 39
24 39
23 39
23 40
23 41
23 42
23 43
22 43
22 44
22 45
21 45
20 45
20 46
20 47
20 48
20 49
20 50
19 50
18 50
18 51
17 51
17 52
17 53
17 54
18 54
18 55
18 56
18 57
18 58
18 59
18 60
18 61
17 61
17 62
17 63
16 63
16 64
16 65
15 65
14 65
13 65
12 65
12 66
12 67
12 68
13 68
13 69
13 70
14 70
15 70
15 69
