1 97
1 96
1 95
2 95
2 94
3 94
3 93
3 92
3 91
2 91
2 90
1 90
1 89
1 88
1 87
1 86
1 85
1 84
1 83
2 83
3 83
4 83
4 82
4 81
4 80
4 79
4 78
4 77
4 76
4 75
4 74
4 73
5 73
5 72
5 71
5 70
5 69
5 68
5 67
5 66
5 65
6 65
7 65
8 65
8 64
8 63
9 63
10 63
11 63
11 62
11 61
12 61
13 61
14 61
15 61
16 61
16 60
17 60
17 59
18 59
19 59
20 59
21 59
22 59
22 58
22 57
23 57
23 56
23 55
24 55
24 54
25 54
25 53
26 53
26 52
27 52
27 51
27 50
28 50
29 50
29 49
29 48
29 47
30 47
31 47
31 46
32 46
33 46
33 45
34 45
35 45
36 45
37 45
38 45
38 44
39 44
40 44
40 45
