51 98
51 97
50 97
49 97
48 97
47 97
46 97
45 97
45 96
45 95
44 95
44 94
44 93
45 93
46 93
47 93
48 93
48 92
48 91
49 91
49 90
49 89
49 88
49 87
49 86
50 86
50 85
50 84
49 84
49 83
49 82
49 81
49 80
50 80
51 80
51 79
52 79
53 79
53 78
54 78
54 77
54 76
54 75
54 74
54 73
54 72
54 71
54 70
54 69
54 68
54 67
54 66
54 65
54 64
55 64
55 63
55 62
55 61
55 60
55 59
55 58
55 57
54 57
54 56
54 55
53 55
53 54
53 53
53 52
54 52
54 51
54 50
54 49
54 48
54 47
54 46
54 45
54 44
54 43
54 42
55 42
55 41
55 40
54 40
54 39
54 38
54 37
54 36
54 35
54 34
54 33
54 32
54 31
54 30
54 29
54 28
55 28
56 28
57 28
58 28
59 28
59 27
59 26
60 26
60 25
60 24
60 23
60 22
60 21
60 20
60 19
60 18
61 18
62 18
62 17
62 16
62 15
