14 54
14 55
15 55
16 55
17 55
17 56
17 57
17 58
18 58
18 59
18 60
18 61
19 61
19 62
19 63
20 63
21 63
22 63
23 63
23 64
23 65
24 65
25 65
26 65
27 65
28 65
29 65
29 66
30 66
30 67
31 67
31 68
31 69
31 70
32 70
33 70
34 70
35 70
35 71
36 71
37 71
38 71
38 72
38 73
38 74
38 75
39 75
39 76
40 76
40 77
41 77
42 77
42 78
42 79
42 80
42 81
42 82
42 83
43 83
44 83
45 83
46 83
47 83
48 83
48 84
48 85
49 85
50 85
51 85
51 86
51 87
51 88
51 89
52 89
53 89
53 88
54 88
54 87
55 87
56 87
57 87
57 88
58 88
59 88
59 89
59 90
60 90
60 91
61 91
62 91
63 91
64 91
65 91
65 90
65 89
66 89
67 89
67 88
68 88
68 87
68 86
68 85
69 85
69 84
70 84
71 84
71 83
72 83
73 83
74 83
75 83
76 83
77 83
78 83
79 83
80 83
81 83
82 83
