2 84
2 83
2 82
2 81
2 80
2 79
3 79
3 78
3 77
4 77
4 76
5 76
6 76
7 76
8 76
9 76
10 76
11 76
11 77
11 78
11 79
12 79
12 80
13 80
14 80
15 80
15 81
16 81
16 82
16 83
16 84
17 84
18 84
19 84
19 85
19 86
20 86
21 86
22 86
23 86
23 85
23 84
23 83
24 83
25 83
26 83
27 83
28 83
28 82
28 81
29 81
30 81
31 81
31 80
32 80
33 80
34 80
35 80
35 79
36 79
37 79
38 79
39 79
40 79
41 79
42 79
42 78
42 77
43 77
43 76
43 75
43 74
44 74
45 74
46 74
47 74
48 74
49 74
50 74
50 73
50 72
51 72
52 72
53 72
54 72
54 71
55 71
56 71
57 71
58 71
59 71
60 71
60 72
61 72
62 72
63 72
63 73
64 73
65 73
66 73
66 72
66 71
67 71
67 70
67 69
67 68
67 67
67 66
67 65
66 65
66 64
65 64
