11 49
10 49
10 50
10 51
10 52
11 52
11 53
12 53
13 53
14 53
14 54
15 54
16 54
16 55
17 55
18 55
18 56
19 56
20 56
20 57
20 58
20 59
20 60
21 60
22 60
23 60
23 61
24 61
24 62
25 62
25 63
25 64
25 65
25 66
25 67
26 67
26 68
27 68
27 69
27 70
27 71
27 72
28 72
28 73
28 74
29 74
30 74
30 75
30 76
31 76
31 77
32 77
32 78
32 79
32 80
33 80
34 80
35 80
35 81
35 82
36 82
37 82
38 82
38 83
39 83
39 84
40 84
41 84
42 84
43 84
43 85
44 85
45 85
45 86
45 87
45 88
45 89
45 90
45 91
46 91
46 92
46 93
46 94
47 94
48 94
49 94
49 95
50 95
50 96
51 96
52 96
52 95
52 94
