22 15
22 16
23 16
23 17
23 18
23 19
23 20
23 21
23 22
23 23
23 24
23 25
23 26
23 27
23 28
23 29
23 30
23 31
24 31
24 32
24 33
23 33
23 34
22 34
22 35
22 36
21 36
21 37
20 37
19 37
18 37
18 38
18 39
18 40
19 40
19 41
19 42
19 43
19 44
19 45
19 46
18 46
18 47
17 47
17 48
17 49
17 50
18 50
19 50
20 50
20 51
20 52
20 53
20 54
20 55
19 55
19 56
19 57
18 57
18 58
18 59
18 60
18 61
18 62
18 63
19 63
19 64
19 65
18 65
18 66
18 67
18 68
18 69
18 70
19 70
19 71
19 72
20 72
20 73
20 74
20 75
20 76
19 76
19 77
18 77
18 78
18 79
18 80
17 80
17 81
17 82
17 83
17 84
17 85
17 86
17 87
17 88
18 88
19 88
19 89
19 90
19 91
19 92
19 93
19 94
20 94
21 94
22 94
