21 38
21 37
21 36
21 35
22 35
22 34
22 33
22 32
23 32
24 32
25 32
26 32
27 32
28 32
29 32
30 32
31 32
31 31
32 31
33 31
33 30
34 30
35 30
36 30
37 30
37 29
38 29
38 28
38 27
38 26
38 25
38 24
38 23
38 22
38 21
39 21
39 20
40 20
41 20
42 20
43 20
43 19
44 19
45 19
46 19
47 19
48 19
48 18
49 18
50 18
51 18
52 18
53 18
54 18
54 17
55 17
56 17
56 16
56 15
56 14
56 13
57 13
58 13
59 13
59 12
60 12
61 12
62 12
63 12
63 11
63 10
63 9
63 8
64 8
65 8
66 8
67 8
67 9
68 9
69 9
70 9
71 9
72 9
73 9
74 9
75 9
75 10
76 10
76 11
76 12
77 12
78 12
79 12
79 13
79 14
80 14
81 14
82 14
83 14
83 15
83 16
83 17
84 17
85 17
86 17
87 17
