5 68
6 68
7 68
8 68
9 68
10 68
11 68
12 68
12 67
12 66
12 65
12 64
13 64
14 64
15 64
16 64
17 64
17 63
18 63
19 63
20 63
21 63
22 63
22 62
23 62
24 62
25 62
25 61
25 60
26 60
26 59
26 58
27 58
28 58
28 57
28 56
29 56
30 56
30 55
31 55
31 54
32 54
33 54
34 54
35 54
35 53
35 52
35 51
35 50
35 49
35 48
35 47
36 47
36 46
36 45
36 44
36 43
36 42
37 42
38 42
39 42
40 42
40 41
41 41
41 40
41 39
42 39
43 39
44 39
44 38
44 37
45 37
46 37
46 36
47 36
48 36
48 35
48 34
48 33
48 32
48 31
49 31
50 31
51 31
52 31
53 31
54 31
54 30
55 30
56 30
57 30
58 30
59 30
59 29
59 28
59 27
59 26
60 26
61 26
61 25
62 25
63 25
64 25
64 24
64 23
64 22
64 21
64 20
64 19
65 19
66 19
67 19
68 19
69 19
69 18
70 18
71 18
72 18
73 18
73 17
74 17
74 16
75 16
76 16
77 16
77 15
78 15
79 15
80 15
81 15
82 15
83 15
84 15
85 15
85 14
85 13
86 13
87 13
88 13
88 12
88 11
89 11
90 11
90 10
91 10
91 9
91 8
91 7
91 6
92 6
92 5
92 4
92 3
92 2
91 2
91 1
91 0
92 0
