54 92
53 92
52 92
51 92
50 92
49 92
48 92
47 92
47 91
47 90
46 90
46 89
46 88
45 88
44 88
44 87
44 86
44 85
44 84
44 83
44 82
44 81
44 80
44 79
44 78
43 78
43 77
43 76
43 75
43 74
42 74
41 74
40 74
39 74
38 74
38 73
38 72
38 71
38 70
38 69
38 68
38 67
38 66
38 65
38 64
39 64
39 63
39 62
39 61
39 60
39 59
38 59
37 59
36 59
35 59
34 59
33 59
33 58
32 58
31 58
30 58
29 58
28 58
27 58
27 57
26 57
25 57
25 56
25 55
25 54
25 53
24 53
24 52
23 52
23 51
23 50
23 49
23 48
23 47
23 46
23 45
23 44
23 43
22 43
22 42
22 41
22 40
22 39
22 38
22 37
23 37
23 36
23 35
23 34
22 34
22 33
21 33
20 33
19 33
19 32
19 31
19 30
19 29
19 28
19 27
19 26
19 25
19 24
19 23
19 22
20 22
20 21
20 20
20 19
20 18
20 17
21 17
21 16
21 15
21 14
21 13
21 12
21 11
21 10
22 10
22 9
22 8
22 7
22 6
21 6
20 6
20 5
19 5
18 5
17 5
16 5
15 5
15 6
