39 79
39 78
40 78
41 78
42 78
43 78
44 78
44 77
44 76
45 76
45 75
46 75
47 75
48 75
48 74
48 73
48 72
48 71
49 71
50 71
50 70
50 69
50 68
50 67
49 67
49 66
49 65
49 64
49 63
49 62
48 62
48 61
48 60
48 59
48 58
48 57
49 57
49 56
49 55
49 54
49 53
49 52
49 51
49 50
49 49
49 48
50 48
51 48
51 49
52 49
53 49
53 48
53 47
52 47
52 46
52 45
52 44
52 43
53 43
53 42
54 42
54 41
55 41
55 40
55 39
55 38
55 37
55 36
55 35
56 35
57 35
57 34
57 33
58 33
59 33
60 33
61 33
62 33
63 33
64 33
64 32
65 32
65 31
65 30
