78 41
77 41
76 41
75 41
74 41
74 42
73 42
73 43
73 44
73 45
73 46
73 47
73 48
73 49
72 49
71 49
70 49
69 49
68 49
67 49
66 49
66 50
65 50
64 50
63 50
62 50
62 51
62 52
61 52
61 53
60 53
60 54
60 55
60 56
60 57
60 58
61 58
61 59
61 60
60 60
60 61
59 61
59 62
59 63
59 64
58 64
58 65
58 66
58 67
57 67
56 67
55 67
54 67
53 67
53 68
52 68
51 68
50 68
49 68
48 68
47 68
47 69
46 69
45 69
44 69
43 69
43 70
43 71
42 71
41 71
41 72
40 72
39 72
38 72
38 73
37 73
37 74
36 74
36 75
35 75
34 75
33 75
32 75
31 75
30 75
29 75
28 75
27 75
27 76
27 77
26 77
25 77
24 77
23 77
22 77
22 78
21 78
20 78
19 78
18 78
18 79
17 79
17 80
17 81
17 82
16 82
16 83
16 84
15 84
14 84
13 84
12 84
12 85
11 85
10 85
10 86
9 86
