25 90
26 90
27 90
27 89
27 88
27 87
27 86
27 85
28 85
29 85
29 84
29 83
29 82
29 81
30 81
30 80
30 79
31 79
31 78
32 78
32 77
32 76
32 75
33 75
34 75
34 74
35 74
36 74
37 74
37 73
37 72
37 71
38 71
39 71
39 70
40 70
40 69
40 68
41 68
42 68
42 67
42 66
42 65
42 64
42 63
42 62
42 61
42 60
42 59
42 58
42 57
42 56
42 55
43 55
43 54
44 54
44 53
44 52
44 51
44 50
45 50
45 49
45 48
45 47
44 47
44 46
44 45
44 44
44 43
45 43
45 42
45 41
45 40
44 40
44 39
44 38
44 37
44 36
44 35
44 34
44 33
44 32
45 32
46 32
47 32
48 32
49 32
50 32
50 31
51 31
52 31
53 31
54 31
54 30
54 29
55 29
55 28
55 27
54 27
54 26
54 25
55 25
55 24
56 24
57 24
