14 56
15 56
16 56
17 56
18 56
19 56
20 56
21 56
22 56
23 56
24 56
25 56
26 56
27 56
28 56
29 56
30 56
31 56
31 55
32 55
32 54
32 53
32 52
32 51
32 50
32 49
32 48
32 47
33 47
34 47
35 47
36 47
37 47
38 47
39 47
40 47
41 47
42 47
42 46
43 46
43 45
44 45
45 45
46 45
47 45
47 44
47 43
48 43
49 43
49 42
50 42
51 42
52 42
53 42
54 42
55 42
56 42
57 42
58 42
59 42
60 42
61 42
62 42
62 41
62 40
62 39
62 38
62 37
62 36
62 35
63 35
64 35
64 34
65 34
65 33
66 33
66 32
66 31
65 31
65 30
65 29
66 29
67 29
68 29
69 29
70 29
70 30
71 30
72 30
72 29
73 29
73 28
74 28
74 27
74 26
74 25
75 25
76 25
77 25
78 25
78 24
78 23
78 22
79 22
79 21
79 20
79 19
80 19
81 19
82 19
83 19
83 18
84 18
85 18
86 18
87 18
88 18
88 17
88 16
89 16
89 15
90 15
