25 18
25 17
25 16
26 16
26 15
26 14
27 14
27 13
28 13
29 13
29 14
29 15
29 16
30 16
30 17
31 17
32 17
32 18
33 18
34 18
35 18
36 18
37 18
38 18
39 18
39 19
39 20
39 21
39 22
39 23
38 23
38 24
38 25
38 26
38 27
39 27
39 28
39 29
39 30
39 31
39 32
38 32
38 33
38 34
39 34
39 35
39 36
40 36
40 37
40 38
40 39
40 40
40 41
41 41
42 41
43 41
43 42
43 43
43 44
44 44
45 44
46 44
46 45
46 46
47 46
48 46
49 46
50 46
50 47
50 48
50 49
50 50
50 51
50 52
51 52
51 53
52 53
53 53
54 53
55 53
56 53
56 54
57 54
57 55
58 55
58 56
58 57
58 58
