67 95
67 94
67 93
66 93
66 92
66 91
66 90
66 89
66 88
66 87
66 86
67 86
68 86
69 86
69 85
69 84
68 84
67 84
67 83
66 83
65 83
65 82
64 82
64 81
64 80
64 79
64 78
64 77
64 76
64 75
63 75
63 74
63 73
63 72
63 71
63 70
62 70
61 70
60 70
60 69
59 69
58 69
58 68
57 68
56 68
55 68
55 67
55 66
55 65
54 65
53 65
52 65
52 64
51 64
50 64
50 63
49 63
48 63
47 63
47 62
47 61
47 60
46 60
46 59
46 58
45 58
44 58
44 57
44 56
43 56
43 55
42 55
41 55
40 55
40 54
39 54
38 54
37 54
36 54
35 54
34 54
33 54
32 54
32 53
32 52
32 51
32 50
32 49
32 48
31 48
30 48
29 48
28 48
28 47
28 46
28 45
27 45
27 44
27 43
26 43
26 42
25 42
25 41
24 41
24 40
