97 14
97 15
96 15
96 16
96 17
95 17
94 17
93 17
92 17
92 18
92 19
91 19
90 19
89 19
88 19
87 19
86 19
85 19
84 19
83 19
82 19
81 19
81 20
81 21
81 22
81 23
81 24
81 25
81 26
81 27
81 28
81 29
80 29
79 29
79 30
78 30
77 30
76 30
76 29
75 29
74 29
73 29
72 29
72 30
72 31
72 32
71 32
71 33
71 34
70 34
69 34
69 35
68 35
67 35
67 36
67 37
66 37
66 38
66 39
66 40
66 41
66 42
66 43
66 44
65 44
65 45
65 46
65 47
65 48
64 48
64 49
64 50
64 51
64 52
63 52
63 53
63 54
62 54
62 55
62 56
62 57
62 58
62 59
62 60
62 61
61 61
61 62
61 63
60 63
60 64
59 64
58 64
58 65
58 66
58 67
58 68
57 68
57 69
57 70
56 70
56 71
56 72
56 73
55 73
55 74
55 75
55 76
55 77
54 77
53 77
52 77
51 77
51 78
51 79
51 80
51 81
50 81
50 82
49 82
49 83
49 84
49 85
48 85
47 85
47 86
46 86
46 87
46 88
46 89
46 90
46 91
45 91
45 92
45 93
45 94
44 94
43 94
42 94
41 94
