47 9
47 10
47 11
47 12
46 12
45 12
44 12
44 11
43 11
43 10
42 10
41 10
40 10
40 11
40 12
40 13
41 13
41 14
41 15
40 15
39 15
39 16
39 17
39 18
39 19
39 20
39 21
39 22
39 23
39 24
39 25
39 26
39 27
38 27
38 28
37 28
37 29
37 30
37 31
38 31
39 31
39 32
40 32
40 33
40 34
40 35
40 36
40 37
41 37
41 38
41 39
41 40
41 41
41 42
41 43
40 43
40 44
40 45
39 45
39 46
39 47
39 48
39 49
39 50
39 51
39 52
38 52
37 52
37 53
37 54
37 55
37 56
36 56
36 57
36 58
35 58
35 59
34 59
34 60
33 60
32 60
31 60
30 60
29 60
29 61
29 62
28 62
28 63
28 64
28 65
