74 52
74 53
74 54
73 54
72 54
72 55
71 55
70 55
70 56
69 56
68 56
67 56
66 56
65 56
64 56
63 56
62 56
62 57
61 57
61 58
60 58
59 58
59 57
58 57
57 57
56 57
55 57
55 58
54 58
53 58
52 58
52 59
51 59
50 59
50 60
49 60
48 60
47 60
47 61
46 61
46 62
45 62
45 63
45 64
44 64
43 64
42 64
42 65
41 65
41 66
41 67
40 67
39 67
38 67
37 67
37 66
36 66
35 66
35 65
34 65
33 65
32 65
32 64
31 64
30 64
29 64
28 64
28 65
27 65
27 66
26 66
25 66
24 66
24 67
24 68
23 68
22 68
21 68
20 68
19 68
18 68
17 68
16 68
15 68
14 68
14 69
