93 32
92 32
92 31
92 30
91 30
90 30
89 30
88 30
87 30
86 30
85 30
84 30
83 30
83 29
83 28
82 28
81 28
80 28
79 28
78 28
77 28
76 28
75 28
74 28
74 27
74 26
73 26
73 25
73 24
72 24
71 24
71 23
71 22
70 22
69 22
68 22
67 22
66 22
65 22
65 21
65 20
64 20
63 20
62 20
62 19
62 18
62 17
61 17
60 17
59 17
59 18
58 18
57 18
56 18
55 18
54 18
53 18
52 18
52 17
51 17
50 17
49 17
48 17
47 17
47 16
46 16
45 16
45 17
44 17
43 17
42 17
41 17
40 17
39 17
38 17
37 17
36 17
36 18
35 18
34 18
33 18
32 18
31 18
31 19
31 20
31 21
31 22
30 22
29 22
29 23
28 23
27 23
26 23
25 23
25 24
24 24
23 24
23 23
22 23
21 23
20 23
20 24
20 25
20 26
21 26
22 26
23 26
