44 86
44 85
45 85
45 84
46 84
47 84
47 83
48 83
48 82
48 81
48 80
48 79
48 78
47 78
46 78
46 77
46 76
46 75
46 74
46 73
46 72
47 72
47 71
47 70
47 69
48 69
48 68
48 67
48 66
48 65
48 64
48 63
48 62
48 61
47 61
47 60
46 60
46 59
46 58
46 57
47 57
47 56
47 55
47 54
48 54
48 53
49 53
49 52
50 52
50 51
50 50
51 50
52 50
53 50
54 50
55 50
56 50
56 49
57 49
58 49
59 49
60 49
60 48
60 47
60 46
60 45
61 45
61 44
61 43
61 42
61 41
61 40
61 39
61 38
61 37
61 36
61 35
62 35
62 34
62 33
62 32
62 31
62 30
62 29
62 28
62 27
62 26
62 25
62 24
62 23
62 22
62 21
62 20
62 19
62 18
62 17
63 17
64 17
64 16
65 16
65 15
66 15
66 14
66 13
66 12
66 11
66 10
66 9
67 9
68 9
68 10
69 10
70 10
