66 66
65 66
64 66
63 66
62 66
61 66
60 66
60 65
60 64
59 64
58 64
57 64
57 63
57 62
57 61
56 61
55 61
54 61
53 61
53 60
53 59
52 59
51 59
50 59
49 59
48 59
48 58
48 57
48 56
48 55
48 54
48 53
47 53
46 53
46 52
45 52
44 52
44 51
44 50
44 49
44 48
44 47
44 46
44 45
44 44
43 44
42 44
42 43
41 43
41 42
41 41
41 40
41 39
40 39
39 39
38 39
38 38
37 38
36 38
36 37
36 36
35 36
34 36
33 36
33 35
32 35
32 34
32 33
32 32
31 32
31 31
31 30
31 29
30 29
30 28
29 28
28 28
27 28
26 28
25 28
24 28
24 27
24 26
24 25
24 24
24 23
24 22
23 22
22 22
21 22
20 22
20 21
19 21
19 20
18 20
17 20
17 19
16 19
15 19
14 19
13 19
13 18
13 17
12 17
12 16
12 15
12 14
12 13
11 13
11 12
11 11
10 11
10 10
10 9
10 8
10 7
10 6
9 6
8 6
7 6
6 6
5 6
4 6
3 6
2 6
2 5
