54 1
53 1
52 1
52 2
52 3
52 4
51 4
50 4
50 5
50 6
50 7
50 8
50 9
50 10
50 11
50 12
49 12
49 13
49 14
48 14
48 15
47 15
46 15
45 15
44 15
44 16
43 16
42 16
41 16
40 16
40 17
40 18
40 19
39 19
38 19
37 19
37 20
37 21
37 22
37 23
36 23
35 23
35 24
34 24
34 25
34 26
34 27
34 28
34 29
34 30
34 31
33 31
32 31
31 31
31 32
31 33
30 33
29 33
29 34
29 35
28 35
27 35
26 35
25 35
25 36
24 36
23 36
22 36
21 36
20 36
20 37
20 38
20 39
20 40
20 41
20 42
20 43
20 44
19 44
18 44
18 45
18 46
18 47
17 47
16 47
16 48
15 48
15 49
15 50
