24 17
24 18
24 19
25 19
25 20
25 21
25 22
25 23
25 24
24 24
23 24
23 25
23 26
23 27
22 27
21 27
20 27
20 28
20 29
19 29
19 30
19 31
19 32
19 33
18 33
18 34
17 34
17 35
17 36
17 37
16 37
16 38
16 39
16 40
16 41
16 42
16 43
16 44
16 45
16 46
16 47
16 48
16 49
17 49
18 49
18 50
18 51
19 51
19 52
19 53
19 54
20 54
21 54
22 54
23 54
23 55
23 56
23 57
23 58
24 58
24 59
24 60
23 60
22 60
21 60
21 61
20 61
20 62
20 63
20 64
21 64
21 65
21 66
21 67
21 68
21 69
22 69
22 70
22 71
22 72
22 73
22 74
22 75
22 76
22 77
22 78
22 79
23 79
23 80
23 81
22 81
22 82
22 83
21 83
21 84
20 84
19 84
18 84
18 85
18 86
17 86
17 87
16 87
15 87
14 87
13 87
12 87
12 88
12 89
11 89
11 90
