7 59
8 59
8 60
8 61
9 61
10 61
10 62
10 63
10 64
11 64
11 65
11 66
12 66
13 66
13 67
14 67
15 67
16 67
17 67
18 67
19 67
20 67
20 68
21 68
22 68
23 68
24 68
24 69
25 69
26 69
27 69
28 69
28 70
29 70
30 70
31 70
32 70
32 69
32 68
33 68
34 68
34 67
35 67
36 67
37 67
38 67
39 67
40 67
40 66
40 65
40 64
41 64
41 63
42 63
43 63
43 64
44 64
45 64
45 65
45 66
45 67
45 68
46 68
47 68
48 68
49 68
49 69
49 70
50 70
51 70
52 70
52 69
53 69
54 69
54 70
55 70
56 70
57 70
58 70
59 70
59 71
59 72
60 72
60 73
61 73
62 73
63 73
64 73
64 72
65 72
66 72
66 73
67 73
68 73
69 73
70 73
71 73
72 73
73 73
74 73
75 73
76 73
76 74
76 75
77 75
78 75
79 75
80 75
81 75
82 75
83 75
83 76
83 77
84 77
84 78
85 78
86 78
87 78
88 78
89 78
90 78
90 79
90 80
90 81
91 81
92 81
93 81
93 82
94 82
95 82
96 82
97 82
98 82
