15 57
15 56
14 56
14 55
14 54
14 53
15 53
16 53
17 53
17 54
18 54
19 54
19 53
19 52
20 52
21 52
22 52
23 52
24 52
25 52
26 52
27 52
28 52
29 52
30 52
30 51
31 51
32 51
33 51
34 51
35 51
35 52
35 53
36 53
37 53
38 53
39 53
40 53
41 53
41 54
42 54
43 54
44 54
45 54
46 54
47 54
48 54
48 53
49 53
49 52
49 51
50 51
51 51
52 51
52 50
53 50
53 49
54 49
54 48
54 47
55 47
56 47
56 46
57 46
57 45
58 45
58 44
59 44
59 43
60 43
61 43
61 42
62 42
62 41
63 41
63 40
63 39
64 39
65 39
65 40
66 40
67 40
67 41
68 41
69 41
70 41
71 41
72 41
73 41
74 41
75 41
75 42
75 43
