30 33
30 34
30 35
29 35
28 35
27 35
27 36
27 37
27 38
28 38
28 39
28 40
27 40
26 40
26 41
26 42
26 43
26 44
27 44
27 45
27 46
27 47
27 48
26 48
26 49
26 50
26 51
26 52
27 52
28 52
29 52
29 53
30 53
30 54
31 54
32 54
33 54
34 54
34 55
35 55
36 55
37 55
38 55
39 55
40 55
41 55
41 56
42 56
42 57
43 57
44 57
45 57
46 57
47 57
47 58
48 58
49 58
50 58
50 59
51 59
51 60
51 61
51 62
51 63
51 64
51 65
51 66
52 66
52 67
52 68
52 69
52 70
52 71
52 72
53 72
54 72
55 72
56 72
57 72
57 73
57 74
58 74
59 74
60 74
61 74
62 74
63 74
