85 6
85 7
85 8
85 9
86 9
86 10
87 10
87 11
87 12
86 12
86 13
86 14
87 14
88 14
88 13
89 13
90 13
91 13
91 14
91 15
91 16
91 17
91 18
91 19
91 20
90 20
89 20
88 20
88 21
88 22
88 23
88 24
88 25
88 26
88 27
88 28
88 29
88 30
88 31
89 31
89 32
89 33
89 34
89 35
88 35
88 36
88 37
87 37
86 37
86 38
86 39
86 40
86 41
86 42
86 43
86 44
86 45
86 46
85 46
85 47
85 48
85 49
85 50
85 51
85 52
85 53
85 54
86 54
86 55
86 56
86 57
86 58
85 58
85 59
85 60
85 61
85 62
85 63
85 64
85 65
85 66
85 67
84 67
84 68
83 68
83 69
82 69
81 69
81 70
