22 74
22 75
23 75
23 76
23 77
24 77
25 77
25 76
25 75
26 75
27 75
28 75
29 75
29 74
29 73
29 72
29 71
29 70
30 70
30 69
30 68
30 67
30 66
30 65
30 64
30 63
31 63
32 63
32 62
32 61
33 61
34 61
35 61
36 61
36 60
36 59
36 58
36 57
36 56
36 55
36 54
36 53
36 52
37 52
38 52
38 51
38 50
38 49
39 49
40 49
40 48
40 47
39 47
39 46
39 45
39 44
39 43
39 42
39 41
39 40
39 39
39 38
39 37
39 36
39 35
39 34
39 33
40 33
40 32
41 32
41 31
41 30
42 30
43 30
43 29
43 28
43 27
44 27
45 27
45 26
45 25
46 25
47 25
47 24
47 23
48 23
49 23
