89 96
88 96
87 96
87 95
86 95
86 94
85 94
85 93
85 92
84 92
83 92
82 92
81 92
80 92
80 91
80 90
80 89
80 88
80 87
79 87
79 86
78 86
78 85
77 85
76 85
75 85
74 85
73 85
73 84
73 83
73 82
73 81
73 80
73 79
72 79
72 78
72 77
71 77
71 76
71 75
71 74
70 74
69 74
68 74
68 73
68 72
68 71
67 71
67 70
66 70
66 69
66 68
65 68
65 67
64 67
63 67
63 66
62 66
61 66
60 66
59 66
59 65
58 65
58 64
58 63
58 62
58 61
58 60
58 59
58 58
58 57
57 57
57 56
57 55
56 55
55 55
55 54
54 54
53 54
52 54
52 53
52 52
52 51
52 50
52 49
52 48
52 47
51 47
50 47
50 46
50 45
49 45
49 44
49 43
49 42
49 41
49 40
50 40
50 39
51 39
51 38
51 37
50 37
50 36
49 36
49 35
49 34
48 34
47 34
47 33
47 32
47 31
46 31
45 31
44 31
43 31
43 30
43 29
43 28
43 27
42 27
41 27
41 26
40 26
40 25
40 24
40 23
40 22
40 21
40 20
40 19
40 18
40 17
40 16
40 15
40 14
39 14
38 14
37 14
37 13
37 12
36 12
36 11
36 10
36 9
35 9
34 9
33 9
32 9
32 8
32 7
32 6
32 5
32 4
