6 31
7 31
8 31
9 31
10 31
11 31
11 30
12 30
13 30
14 30
15 30
16 30
16 29
17 29
18 29
19 29
20 29
21 29
22 29
23 29
24 29
24 30
25 30
26 30
26 31
27 31
28 31
29 31
29 32
29 33
29 34
30 34
31 34
31 35
32 35
33 35
34 35
35 35
35 36
35 37
36 37
37 37
38 37
39 37
40 37
41 37
42 37
43 37
44 37
45 37
46 37
47 37
48 37
48 36
48 35
48 34
49 34
50 34
51 34
51 33
52 33
53 33
53 32
54 32
55 32
56 32
57 32
58 32
59 32
59 31
60 31
61 31
61 30
61 29
62 29
63 29
64 29
65 29
65 28
65 27
66 27
67 27
68 27
69 27
69 26
70 26
71 26
72 26
73 26
74 26
75 26
76 26
76 25
76 24
77 24
78 24
79 24
79 25
80 25
81 25
81 24
82 24
83 24
84 24
84 23
85 23
86 23
87 23
87 22
88 22
89 22
89 23
90 23
91 23
91 22
92 22
93 22
93 23
94 23
95 23
96 23
97 23
98 23
