5 7
5 8
5 9
5 10
5 11
6 11
7 11
8 11
9 11
10 11
11 11
12 11
13 11
14 11
15 11
15 12
15 13
16 13
16 14
17 14
18 14
19 14
19 13
20 13
21 13
22 13
23 13
24 13
25 13
25 14
26 14
26 15
27 15
27 16
27 17
27 18
28 18
29 18
30 18
30 17
30 16
31 16
31 15
31 14
31 13
32 13
33 13
34 13
34 14
35 14
36 14
36 13
37 13
38 13
39 13
40 13
40 14
41 14
42 14
42 15
43 15
44 15
45 15
46 15
47 15
47 16
48 16
49 16
50 16
51 16
52 16
53 16
54 16
54 17
55 17
56 17
57 17
58 17
59 17
60 17
61 17
62 17
62 18
63 18
64 18
65 18
66 18
67 18
68 18
69 18
69 17
69 16
70 16
71 16
72 16
73 16
74 16
74 15
75 15
76 15
77 15
78 15
79 15
80 15
81 15
82 15
83 15
84 15
85 15
85 16
86 16
87 16
88 16
88 15
89 15
89 14
89 13
89 12
90 12
91 12
92 12
93 12
93 11
93 10
93 9
92 9
91 9
90 9
90 8
90 7
90 6
89 6
89 5
88 5
87 5
86 5
85 5
