27 88
27 87
27 86
27 85
27 84
28 84
28 83
28 82
28 81
28 80
29 80
29 79
29 78
29 77
29 76
29 75
29 74
30 74
31 74
31 73
31 72
31 71
32 71
33 71
33 70
34 70
34 69
34 68
34 67
33 67
33 66
33 65
33 64
32 64
32 63
32 62
32 61
32 60
32 59
32 58
32 57
32 56
32 55
33 55
34 55
34 54
35 54
35 53
35 52
35 51
36 51
36 50
36 49
35 49
34 49
34 48
33 48
32 48
32 47
31 47
30 47
30 46
30 45
30 44
30 43
30 42
30 41
30 40
30 39
30 38
29 38
28 38
27 38
27 37
27 36
28 36
28 35
28 34
28 33
27 33
26 33
26 32
26 31
26 30
26 29
26 28
26 27
26 26
26 25
