75 96
76 96
76 95
76 94
76 93
76 92
76 91
76 90
76 89
76 88
76 87
76 86
76 85
76 84
76 83
76 82
76 81
76 80
76 79
77 79
77 78
77 77
78 77
78 76
78 75
78 74
78 73
79 73
79 72
79 71
79 70
79 69
79 68
79 67
79 66
78 66
77 66
76 66
75 66
75 65
75 64
75 63
75 62
75 61
75 60
75 59
75 58
75 57
75 56
75 55
75 54
75 53
75 52
75 51
75 50
75 49
75 48
75 47
75 46
75 45
75 44
75 43
75 42
75 41
75 40
75 39
76 39
77 39
78 39
78 38
78 37
78 36
78 35
79 35
80 35
81 35
81 34
82 34
82 33
82 32
83 32
83 31
83 30
83 29
83 28
83 27
83 26
83 25
83 24
82 24
81 24
81 23
81 22
81 21
81 20
81 19
82 19
82 18
82 17
83 17
83 16
83 15
83 14
83 13
83 12
83 11
83 10
82 10
82 9
82 8
83 8
84 8
