40 79
40 78
39 78
39 77
39 76
39 75
39 74
39 73
39 72
40 72
40 71
40 70
41 70
41 69
42 69
42 68
43 68
43 67
43 66
42 66
42 65
42 64
42 63
42 62
42 61
41 61
41 60
41 59
41 58
40 58
40 57
40 56
39 56
38 56
38 55
37 55
36 55
36 54
36 53
35 53
35 52
35 51
35 50
34 50
34 49
34 48
34 47
34 46
33 46
33 45
33 44
33 43
32 43
32 42
32 41
31 41
30 41
29 41
28 41
27 41
26 41
25 41
24 41
24 40
24 39
23 39
22 39
21 39
21 38
21 37
21 36
21 35
21 34
21 33
21 32
21 31
21 30
20 30
19 30
18 30
18 29
17 29
17 28
17 27
16 27
15 27
14 27
13 27
13 26
13 25
12 25
12 24
11 24
10 24
10 23
10 22
9 22
9 21
9 20
9 19
9 18
8 18
8 17
8 16
8 15
8 14
8 13
7 13
6 13
5 13
5 12
5 11
4 11
4 10
3 10
2 10
1 10
1 9
0 9
0 8
