9 2
9 3
9 4
10 4
10 5
11 5
11 6
12 6
12 7
12 8
12 9
12 10
12 11
12 12
12 13
12 14
13 14
13 15
14 15
15 15
16 15
16 16
16 17
16 18
16 19
16 20
17 20
18 20
18 21
18 22
18 23
18 24
19 24
19 25
19 26
19 27
20 27
20 28
20 29
20 30
20 31
20 32
21 32
22 32
22 33
22 34
23 34
24 34
25 34
26 34
26 35
27 35
28 35
28 36
29 36
29 37
29 38
29 39
30 39
30 40
30 41
30 42
30 43
30 44
30 45
30 46
30 47
30 48
31 48
32 48
32 49
32 50
33 50
33 51
33 52
33 53
34 53
34 54
34 55
34 56
34 57
34 58
35 58
35 59
35 60
34 60
