8 68
8 69
9 69
9 70
9 71
10 71
11 71
11 70
12 70
13 70
13 69
13 68
13 67
13 66
13 65
13 64
13 63
13 62
12 62
11 62
11 61
11 60
11 59
11 58
11 57
11 56
11 55
11 54
11 53
12 53
12 52
13 52
13 51
13 50
13 49
13 48
13 47
13 46
13 45
13 44
13 43
13 42
14 42
14 41
15 41
16 41
16 40
16 39
16 38
16 37
17 37
17 36
17 35
17 34
18 34
18 33
19 33
19 32
19 31
19 30
19 29
20 29
20 28
20 27
21 27
22 27
23 27
23 26
23 25
23 24
24 24
25 24
25 23
25 22
25 21
25 20
26 20
27 20
28 20
29 20
30 20
31 20
31 19
32 19
33 19
33 18
34 18
34 17
35 17
35 16
35 15
35 14
35 13
35 12
34 12
33 12
32 12
32 13
31 13
30 13
30 12
30 11
30 10
29 10
29 9
28 9
28 8
27 8
27 7
26 7
25 7
24 7
24 8
24 9
25 9
25 10
25 11
25 12
25 13
24 13
24 14
23 14
23 15
22 15
22 16
21 16
21 17
20 17
19 17
18 17
17 17
17 16
