43 8
44 8
44 9
44 10
43 10
42 10
41 10
41 11
40 11
40 12
40 13
40 14
40 15
40 16
40 17
40 18
40 19
39 19
39 20
39 21
39 22
39 23
39 24
40 24
41 24
41 25
41 26
41 27
41 28
41 29
41 30
42 30
42 31
42 32
43 32
43 33
44 33
44 34
44 35
44 36
44 37
45 37
46 37
46 38
46 39
47 39
48 39
48 40
49 40
49 41
50 41
51 41
52 41
52 42
52 43
52 44
53 44
53 45
54 45
55 45
56 45
57 45
57 46
58 46
58 47
59 47
59 48
60 48
61 48
61 49
61 50
61 51
62 51
63 51
63 52
63 53
62 53
62 54
62 55
62 56
62 57
62 58
63 58
63 59
63 60
62 60
62 61
61 61
60 61
59 61
