27 73
27 72
26 72
26 71
26 70
26 69
26 68
25 68
25 67
25 66
25 65
25 64
25 63
25 62
26 62
26 61
26 60
26 59
26 58
25 58
25 57
25 56
25 55
26 55
27 55
27 54
28 54
29 54
29 53
30 53
30 52
30 51
30 50
31 50
31 49
32 49
33 49
33 48
33 47
34 47
35 47
36 47
37 47
37 46
38 46
38 45
38 44
38 43
38 42
39 42
39 41
40 41
40 40
40 39
40 38
40 37
40 36
40 35
40 34
40 33
41 33
41 32
41 31
41 30
41 29
42 29
43 29
44 29
44 28
45 28
46 28
46 27
47 27
48 27
49 27
50 27
51 27
52 27
53 27
54 27
55 27
56 27
57 27
58 27
58 26
59 26
60 26
60 25
60 24
61 24
62 24
62 23
62 22
62 21
62 20
62 19
62 18
62 17
62 16
63 16
64 16
65 16
66 16
66 15
67 15
68 15
69 15
70 15
71 15
72 15
72 14
73 14
74 14
