46 75
46 76
45 76
45 77
45 78
44 78
43 78
42 78
41 78
41 77
40 77
39 77
39 76
39 75
39 74
39 73
39 72
40 72
40 71
40 70
40 69
40 68
39 68
39 67
39 66
39 65
39 64
39 63
39 62
39 61
39 60
39 59
39 58
39 57
40 57
40 56
40 55
40 54
40 53
40 52
40 51
40 50
41 50
42 50
42 49
42 48
42 47
42 46
43 46
43 45
43 44
43 43
43 42
44 42
44 41
44 40
43 40
43 39
42 39
42 38
42 37
41 37
40 37
40 36
39 36
38 36
38 35
38 34
38 33
38 32
38 31
37 31
36 31
36 30
36 29
36 28
36 27
35 27
34 27
33 27
32 27
31 27
31 26
31 25
30 25
30 24
30 23
29 23
29 22
29 21
29 20
29 19
29 18
30 18
30 17
30 16
30 15
30 14
30 13
30 12
30 11
29 11
28 11
28 10
27 10
27 9
27 8
26 8
25 8
24 8
23 8
22 8
22 7
22 6
22 5
21 5
20 5
20 4
19 4
18 4
17 4
17 3
16 3
16 2
16 1
