67 0
67 1
67 2
67 3
67 4
67 5
66 5
65 5
65 6
65 7
65 8
65 9
65 10
65 11
65 12
65 13
65 14
65 15
65 16
65 17
66 17
67 17
68 17
68 18
68 19
68 20
68 21
67 21
67 22
67 23
68 23
68 24
68 25
67 25
67 26
67 27
67 28
68 28
68 29
68 30
68 31
68 32
68 33
68 34
68 35
68 36
69 36
69 37
69 38
69 39
69 40
69 41
70 41
70 42
70 43
70 44
70 45
70 46
70 47
71 47
72 47
73 47
74 47
75 47
76 47
77 47
78 47
78 48
78 49
78 50
78 51
78 52
78 53
78 54
77 54
77 55
77 56
77 57
77 58
77 59
77 60
77 61
78 61
78 62
79 62
80 62
80 63
80 64
80 65
81 65
81 66
81 67
81 68
81 69
82 69
82 70
83 70
83 71
83 72
83 73
83 74
83 75
83 76
83 77
83 78
83 79
83 80
84 80
85 80
85 81
85 82
85 83
85 84
85 85
86 85
87 85
88 85
88 86
88 87
88 88
87 88
87 89
87 90
87 91
87 92
88 92
88 93
89 93
90 93
91 93
91 94
91 95
91 96
92 96
93 96
93 95
