84 20
83 20
82 20
82 21
81 21
80 21
80 20
79 20
78 20
77 20
77 21
77 22
77 23
77 24
77 25
76 25
76 26
75 26
75 27
74 27
73 27
73 26
72 26
71 26
70 26
69 26
68 26
68 27
68 28
67 28
66 28
65 28
65 29
65 30
64 30
63 30
62 30
61 30
61 29
60 29
59 29
58 29
57 29
56 29
55 29
54 29
54 30
54 31
53 31
52 31
51 31
50 31
50 32
49 32
48 32
47 32
46 32
45 32
44 32
43 32
43 33
42 33
41 33
40 33
39 33
39 34
38 34
38 35
37 35
36 35
35 35
34 35
33 35
32 35
31 35
30 35
29 35
28 35
27 35
26 35
26 36
26 37
26 38
26 39
26 40
26 41
26 42
26 43
