81 56
81 57
81 58
81 59
81 60
81 61
81 62
80 62
80 63
80 64
80 65
79 65
78 65
77 65
76 65
76 66
75 66
74 66
73 66
73 67
73 68
72 68
71 68
70 68
69 68
69 67
68 67
67 67
66 67
65 67
64 67
63 67
62 67
61 67
60 67
59 67
58 67
57 67
56 67
55 67
55 68
54 68
53 68
52 68
51 68
50 68
49 68
48 68
47 68
46 68
45 68
45 67
44 67
43 67
42 67
41 67
40 67
39 67
39 66
39 65
38 65
37 65
37 64
36 64
35 64
34 64
34 63
33 63
32 63
31 63
31 64
30 64
30 65
29 65
29 66
29 67
28 67
27 67
27 66
26 66
25 66
24 66
23 66
23 65
23 64
22 64
21 64
20 64
19 64
18 64
17 64
17 63
16 63
15 63
14 63
14 64
13 64
13 65
12 65
11 65
10 65
10 64
10 63
10 62
