40 70
40 69
41 69
42 69
42 68
42 67
43 67
43 66
43 65
44 65
45 65
45 64
45 63
45 62
45 61
45 60
45 59
45 58
46 58
46 57
46 56
46 55
46 54
47 54
48 54
48 53
48 52
49 52
49 51
49 50
49 49
50 49
51 49
51 48
51 47
51 46
51 45
51 44
51 43
51 42
52 42
53 42
54 42
54 41
55 41
56 41
56 40
56 39
56 38
57 38
58 38
59 38
60 38
61 38
62 38
63 38
63 37
63 36
64 36
64 35
64 34
64 33
65 33
66 33
66 32
66 31
66 30
65 30
65 29
65 28
65 27
64 27
64 26
64 25
64 24
64 23
64 22
63 22
63 21
63 20
63 19
64 19
64 18
64 17
65 17
65 16
66 16
66 15
66 14
67 14
67 13
67 12
67 11
67 10
67 9
67 8
68 8
68 7
69 7
70 7
70 6
70 5
69 5
69 4
69 3
69 2
69 1
68 1
