97 19
97 20
96 20
95 20
95 21
95 22
95 23
95 24
94 24
94 25
93 25
92 25
91 25
90 25
89 25
88 25
87 25
86 25
85 25
84 25
83 25
82 25
81 25
80 25
79 25
78 25
77 25
76 25
75 25
74 25
74 26
73 26
72 26
72 27
72 28
72 29
72 30
71 30
70 30
69 30
68 30
67 30
66 30
65 30
65 29
64 29
63 29
62 29
62 30
61 30
60 30
60 31
59 31
59 32
58 32
57 32
57 33
57 34
57 35
56 35
56 36
55 36
55 37
54 37
53 37
52 37
51 37
51 38
50 38
49 38
48 38
47 38
46 38
45 38
45 39
44 39
44 40
44 41
44 42
43 42
43 43
42 43
41 43
41 44
40 44
39 44
38 44
37 44
36 44
35 44
34 44
33 44
32 44
31 44
30 44
29 44
28 44
27 44
27 45
26 45
26 46
26 47
26 48
26 49
26 50
26 51
26 52
25 52
25 53
25 54
25 55
25 56
24 56
24 57
23 57
22 57
22 58
21 58
21 59
21 60
20 60
19 60
18 60
17 60
16 60
16 61
15 61
14 61
14 62
14 63
14 64
14 65
14 66
14 67
13 67
12 67
11 67
11 68
11 69
11 70
11 71
11 72
11 73
11 74
11 75
10 75
