75 95
75 94
75 93
75 92
76 92
77 92
77 91
77 90
78 90
79 90
80 90
80 89
80 88
81 88
82 88
82 87
82 86
82 85
82 84
83 84
83 83
83 82
84 82
85 82
85 81
85 80
85 79
85 78
85 77
85 76
85 75
85 74
86 74
86 73
86 72
86 71
86 70
85 70
85 69
85 68
85 67
86 67
86 66
86 65
86 64
86 63
86 62
86 61
86 60
86 59
87 59
88 59
88 58
89 58
89 57
90 57
90 56
90 55
90 54
90 53
90 52
90 51
90 50
91 50
92 50
92 49
93 49
93 48
93 47
94 47
95 47
96 47
97 47
98 47
99 47
99 46
99 45
98 45
98 44
98 43
98 42
98 41
98 40
98 39
98 38
98 37
98 36
97 36
