16 38
16 39
16 40
15 40
14 40
13 40
13 41
13 42
13 43
13 44
14 44
15 44
16 44
17 44
18 44
19 44
20 44
20 45
21 45
22 45
23 45
24 45
25 45
26 45
27 45
27 46
28 46
29 46
30 46
31 46
31 47
32 47
32 48
32 49
32 50
33 50
34 50
35 50
35 51
36 51
37 51
37 52
37 53
37 54
38 54
38 55
38 56
38 57
38 58
39 58
39 59
40 59
41 59
42 59
43 59
43 60
43 61
43 62
43 63
43 64
43 65
43 66
43 67
43 68
44 68
45 68
45 69
45 70
46 70
46 71
46 72
47 72
48 72
49 72
49 71
49 70
50 70
50 69
50 68
51 68
52 68
52 69
52 70
53 70
54 70
55 70
56 70
57 70
58 70
59 70
60 70
61 70
62 70
63 70
64 70
64 71
64 72
64 73
65 73
65 74
65 75
66 75
67 75
68 75
69 75
70 75
71 75
71 76
72 76
73 76
74 76
75 76
76 76
77 76
78 76
79 76
79 77
79 78
80 78
81 78
81 79
82 79
83 79
83 80
84 80
85 80
86 80
87 80
87 81
88 81
89 81
90 81
91 81
92 81
