28 72
28 71
28 70
28 69
29 69
29 68
29 67
29 66
29 65
30 65
30 64
31 64
31 63
32 63
33 63
33 62
34 62
34 61
34 60
35 60
35 59
35 58
35 57
35 56
35 55
36 55
36 54
36 53
36 52
35 52
35 51
35 50
36 50
36 49
36 48
36 47
36 46
37 46
37 45
37 44
37 43
37 42
38 42
38 41
38 40
38 39
38 38
38 37
39 37
40 37
40 36
40 35
41 35
42 35
43 35
44 35
44 34
44 33
45 33
45 32
46 32
47 32
48 32
48 31
49 31
50 31
50 30
50 29
50 28
50 27
50 26
50 25
51 25
51 24
51 23
52 23
52 22
53 22
54 22
55 22
56 22
56 21
57 21
57 20
57 19
57 18
57 17
57 16
57 15
57 14
58 14
59 14
60 14
61 14
62 14
62 13
63 13
64 13
