61 5
62 5
63 5
64 5
64 6
64 7
64 8
64 9
64 10
63 10
63 11
63 12
63 13
64 13
64 14
65 14
65 15
65 16
65 17
65 18
65 19
65 20
65 21
64 21
64 22
64 23
63 23
62 23
62 24
61 24
60 24
60 25
60 26
61 26
61 27
61 28
61 29
61 30
61 31
62 31
63 31
64 31
64 32
64 33
64 34
64 35
64 36
64 37
64 38
64 39
64 40
65 40
65 41
65 42
65 43
65 44
65 45
65 46
66 46
67 46
67 47
67 48
67 49
67 50
68 50
68 51
68 52
68 53
68 54
69 54
69 55
69 56
69 57
70 57
71 57
72 57
73 57
74 57
75 57
75 58
75 59
75 60
75 61
75 62
74 62
74 63
74 64
74 65
74 66
74 67
74 68
74 69
74 70
74 71
75 71
75 72
75 73
75 74
76 74
76 75
76 76
76 77
76 78
76 79
76 80
76 81
77 81
77 82
77 83
77 84
