61 44
60 44
60 45
59 45
58 45
58 46
57 46
57 47
56 47
55 47
54 47
53 47
52 47
51 47
50 47
49 47
48 47
47 47
46 47
46 46
46 45
45 45
45 44
45 43
44 43
43 43
42 43
42 44
41 44
41 45
40 45
39 45
39 46
38 46
37 46
36 46
35 46
35 47
34 47
33 47
32 47
32 46
31 46
31 45
30 45
29 45
28 45
28 44
28 43
27 43
26 43
25 43
24 43
24 42
23 42
22 42
21 42
21 41
20 41
19 41
18 41
17 41
16 41
15 41
14 41
13 41
12 41
11 41
10 41
9 41
8 41
8 42
8 43
8 44
8 45
9 45
9 46
9 47
8 47
7 47
6 47
6 48
6 49
5 49
4 49
3 49
3 48
3 47
2 47
1 47
