0 44
1 44
2 44
2 45
2 46
2 47
3 47
4 47
4 48
4 49
4 50
5 50
6 50
7 50
8 50
9 50
10 50
11 50
12 50
12 51
13 51
14 51
15 51
16 51
17 51
18 51
19 51
20 51
21 51
22 51
22 50
23 50
24 50
25 50
26 50
27 50
28 50
29 50
30 50
31 50
32 50
32 51
33 51
34 51
35 51
36 51
37 51
38 51
39 51
40 51
40 50
41 50
41 49
41 48
42 48
43 48
43 47
44 47
44 46
45 46
45 45
46 45
47 45
48 45
49 45
50 45
51 45
52 45
53 45
53 44
54 44
55 44
55 45
56 45
56 46
57 46
57 47
58 47
59 47
59 48
60 48
61 48
62 48
62 49
62 50
63 50
64 50
64 49
64 48
64 47
65 47
65 46
65 45
66 45
67 45
68 45
69 45
70 45
71 45
72 45
73 45
73 44
74 44
75 44
76 44
77 44
77 45
77 46
77 47
77 48
78 48
79 48
80 48
81 48
82 48
82 49
83 49
84 49
84 50
85 50
86 50
87 50
