48 81
47 81
46 81
45 81
44 81
44 80
44 79
43 79
42 79
42 78
42 77
41 77
40 77
40 76
40 75
39 75
38 75
37 75
37 74
37 73
37 72
36 72
36 71
36 70
36 69
36 68
35 68
34 68
34 67
34 66
34 65
33 65
33 64
33 63
32 63
32 62
32 61
32 60
32 59
31 59
31 58
31 57
30 57
29 57
28 57
27 57
26 57
26 56
26 55
26 54
25 54
25 53
24 53
23 53
22 53
22 52
21 52
20 52
20 51
20 50
21 50
21 49
21 48
21 47
21 46
21 45
21 44
21 43
21 42
21 41
21 40
20 40
20 39
20 38
20 37
20 36
20 35
21 35
21 34
21 33
21 32
21 31
21 30
21 29
21 28
21 27
20 27
20 26
20 25
20 24
19 24
19 23
19 22
18 22
18 21
17 21
16 21
16 20
16 19
16 18
