85 41
85 42
86 42
86 43
86 44
85 44
84 44
83 44
82 44
81 44
80 44
80 43
79 43
78 43
77 43
76 43
76 44
75 44
74 44
73 44
73 45
72 45
71 45
71 46
70 46
70 47
69 47
68 47
67 47
66 47
65 47
64 47
63 47
62 47
61 47
60 47
60 48
59 48
58 48
57 48
56 48
56 49
55 49
55 50
54 50
53 50
52 50
51 50
50 50
49 50
48 50
47 50
47 49
46 49
45 49
44 49
43 49
42 49
41 49
40 49
40 50
40 51
40 52
39 52
38 52
37 52
37 53
37 54
37 55
36 55
35 55
35 56
35 57
35 58
35 59
34 59
34 60
34 61
34 62
34 63
34 64
34 65
34 66
34 67
34 68
34 69
35 69
