46 50
45 50
45 51
45 52
45 53
46 53
47 53
47 54
47 55
48 55
49 55
49 56
50 56
50 57
51 57
51 58
51 59
51 60
51 61
50 61
50 62
50 63
50 64
50 65
50 66
49 66
49 67
49 68
49 69
49 70
49 71
49 72
49 73
49 74
48 74
48 75
48 76
48 77
48 78
48 79
48 80
48 81
49 81
50 81
51 81
52 81
53 81
54 81
55 81
56 81
57 81
58 81
59 81
60 81
61 81
61 82
61 83
61 84
61 85
62 85
63 85
64 85
64 86
64 87
64 88
65 88
66 88
67 88
67 89
68 89
69 89
70 89
71 89
71 90
72 90
73 90
74 90
75 90
76 90
76 89
77 89
78 89
78 90
79 90
80 90
81 90
82 90
83 90
84 90
85 90
86 90
87 90
88 90
89 90
89 91
89 92
90 92
91 92
92 92
93 92
94 92
94 93
94 94
94 95
93 95
93 96
