14 48
14 49
14 50
14 51
14 52
15 52
16 52
17 52
17 53
17 54
17 55
18 55
18 56
18 57
18 58
18 59
18 60
18 61
17 61
17 62
17 63
17 64
18 64
18 65
18 66
19 66
20 66
21 66
22 66
23 66
24 66
25 66
26 66
26 67
26 68
27 68
28 68
29 68
30 68
31 68
31 69
32 69
33 69
34 69
35 69
35 68
36 68
37 68
37 69
37 70
37 71
37 72
37 73
38 73
39 73
40 73
41 73
42 73
43 73
43 72
44 72
45 72
46 72
46 73
47 73
48 73
49 73
50 73
51 73
52 73
53 73
54 73
54 74
55 74
56 74
57 74
57 73
58 73
59 73
60 73
61 73
62 73
63 73
64 73
65 73
66 73
66 74
66 75
67 75
68 75
69 75
69 76
70 76
71 76
72 76
73 76
74 76
74 77
75 77
76 77
77 77
77 78
78 78
79 78
80 78
80 79
81 79
82 79
83 79
84 79
84 80
85 80
86 80
86 79
87 79
88 79
89 79
90 79
90 78
91 78
92 78
93 78
94 78
94 79
95 79
