32 89
32 88
32 87
32 86
32 85
33 85
33 84
33 83
32 83
31 83
31 82
31 81
31 80
31 79
31 78
31 77
32 77
32 76
33 76
34 76
35 76
36 76
36 75
36 74
36 73
36 72
36 71
36 70
36 69
36 68
36 67
36 66
36 65
36 64
37 64
37 63
37 62
37 61
38 61
39 61
39 60
39 59
40 59
41 59
42 59
42 58
42 57
42 56
43 56
44 56
44 55
45 55
45 54
45 53
46 53
46 52
46 51
46 50
46 49
46 48
46 47
46 46
46 45
47 45
48 45
48 44
48 43
48 42
48 41
48 40
49 40
49 39
49 38
49 37
49 36
48 36
48 35
48 34
49 34
50 34
51 34
51 35
52 35
53 35
53 34
53 33
54 33
55 33
55 32
56 32
57 32
58 32
59 32
59 31
59 30
59 29
60 29
60 28
60 27
61 27
62 27
63 27
64 27
