85 9
85 10
84 10
83 10
82 10
81 10
80 10
79 10
79 11
78 11
77 11
76 11
75 11
74 11
74 12
74 13
74 14
74 15
73 15
73 16
72 16
71 16
71 17
71 18
71 19
71 20
71 21
71 22
70 22
69 22
69 23
69 24
69 25
68 25
68 26
68 27
68 28
68 29
67 29
67 30
66 30
65 30
64 30
64 31
64 32
64 33
64 34
64 35
64 36
64 37
64 38
64 39
64 40
64 41
64 42
64 43
64 44
63 44
63 45
63 46
63 47
63 48
63 49
62 49
61 49
60 49
59 49
59 50
59 51
59 52
59 53
58 53
58 54
58 55
57 55
57 56
57 57
57 58
57 59
57 60
57 61
57 62
57 63
57 64
57 65
57 66
57 67
57 68
57 69
57 70
