34 19
35 19
35 18
36 18
37 18
37 19
37 20
37 21
37 22
36 22
36 23
36 24
36 25
36 26
37 26
37 27
37 28
37 29
37 30
37 31
38 31
38 32
38 33
39 33
39 34
39 35
38 35
38 36
38 37
38 38
39 38
40 38
40 39
40 40
40 41
40 42
40 43
41 43
42 43
42 44
43 44
44 44
45 44
45 45
46 45
47 45
47 46
48 46
48 47
49 47
49 48
50 48
51 48
52 48
53 48
54 48
55 48
55 49
55 50
55 51
55 52
55 53
55 54
56 54
56 55
56 56
56 57
56 58
56 59
57 59
57 60
57 61
57 62
58 62
58 63
58 64
58 65
58 66
57 66
57 67
56 67
56 68
56 69
57 69
