95 97
96 97
96 96
96 95
95 95
95 94
95 93
95 92
95 91
95 90
95 89
95 88
95 87
94 87
94 86
94 85
93 85
92 85
92 84
92 83
92 82
92 81
92 80
92 79
91 79
91 78
91 77
91 76
91 75
91 74
91 73
91 72
90 72
89 72
88 72
88 71
88 70
88 69
88 68
88 67
88 66
88 65
87 65
86 65
85 65
84 65
84 64
83 64
83 63
83 62
84 62
85 62
85 61
85 60
85 59
86 59
86 58
86 57
86 56
86 55
86 54
87 54
87 53
87 52
87 51
87 50
87 49
87 48
87 47
87 46
87 45
87 44
87 43
86 43
85 43
85 42
84 42
84 41
84 40
84 39
84 38
85 38
85 37
85 36
85 35
85 34
85 33
86 33
86 32
86 31
86 30
86 29
85 29
85 28
84 28
84 27
84 26
84 25
84 24
84 23
84 22
84 21
85 21
86 21
87 21
87 20
