93 17
94 17
95 17
96 17
97 17
98 17
98 18
98 19
97 19
96 19
95 19
94 19
94 20
93 20
93 21
92 21
91 21
91 22
90 22
89 22
88 22
87 22
86 22
85 22
84 22
83 22
82 22
82 21
81 21
80 21
80 20
79 20
78 20
77 20
77 21
77 22
77 23
77 24
77 25
76 25
76 26
75 26
75 27
74 27
73 27
73 26
72 26
71 26
70 26
69 26
68 26
68 27
68 28
67 28
66 28
65 28
65 29
65 30
65 31
65 32
65 33
65 34
65 35
65 36
65 37
65 38
65 39
64 39
64 40
64 41
63 41
62 41
62 42
61 42
61 43
60 43
59 43
58 43
57 43
56 43
55 43
54 43
53 43
53 44
53 45
53 46
53 47
53 48
53 49
53 50
53 51
