74 12
74 11
75 11
76 11
77 11
77 12
77 13
78 13
79 13
79 14
79 15
79 16
78 16
78 17
78 18
77 18
77 19
76 19
75 19
74 19
73 19
73 18
73 17
72 17
71 17
70 17
69 17
69 18
69 19
69 20
69 21
70 21
70 22
70 23
70 24
71 24
72 24
72 25
73 25
73 26
74 26
75 26
75 27
75 28
76 28
76 29
76 30
76 31
76 32
76 33
76 34
76 35
75 35
75 36
75 37
75 38
75 39
75 40
75 41
75 42
75 43
76 43
76 44
76 45
75 45
75 46
75 47
75 48
74 48
73 48
72 48
71 48
71 47
70 47
69 47
68 47
68 48
67 48
67 49
67 50
67 51
67 52
67 53
66 53
66 54
66 55
66 56
66 57
65 57
65 58
65 59
65 60
65 61
65 62
64 62
64 63
63 63
63 64
63 65
63 66
62 66
62 67
61 67
61 68
60 68
59 68
59 69
59 70
59 71
59 72
59 73
59 74
59 75
59 76
59 77
60 77
60 78
61 78
62 78
63 78
63 79
63 80
63 81
63 82
64 82
