93 3
92 3
91 3
90 3
89 3
88 3
88 4
88 5
88 6
89 6
89 7
89 8
89 9
89 10
89 11
88 11
88 12
88 13
88 14
88 15
89 15
89 16
89 17
89 18
89 19
89 20
90 20
90 21
90 22
90 23
90 24
90 25
90 26
90 27
90 28
91 28
92 28
93 28
93 29
93 30
93 31
93 32
93 33
93 34
93 35
92 35
92 36
92 37
92 38
92 39
93 39
94 39
94 40
94 41
95 41
96 41
97 41
97 42
97 43
97 44
97 45
96 45
96 46
96 47
96 48
96 49
95 49
95 50
94 50
93 50
92 50
91 50
90 50
89 50
89 51
89 52
88 52
88 53
88 54
88 55
88 56
87 56
87 57
87 58
87 59
87 60
88 60
88 61
88 62
88 63
88 64
88 65
88 66
88 67
88 68
88 69
88 70
88 71
88 72
88 73
88 74
87 74
86 74
85 74
85 73
85 72
