60 32
60 33
61 33
61 34
61 35
60 35
60 36
60 37
59 37
58 37
58 36
57 36
57 35
56 35
55 35
55 36
54 36
54 37
53 37
53 38
53 39
53 40
53 41
52 41
52 42
51 42
50 42
49 42
48 42
48 43
48 44
47 44
46 44
45 44
44 44
43 44
43 45
42 45
41 45
41 46
41 47
41 48
41 49
40 49
40 50
40 51
40 52
40 53
40 54
40 55
40 56
40 57
40 58
39 58
38 58
38 59
37 59
36 59
36 60
35 60
35 61
35 62
34 62
33 62
32 62
31 62
30 62
30 63
30 64
30 65
30 66
30 67
30 68
30 69
30 70
30 71
30 72
29 72
29 73
29 74
28 74
28 75
27 75
26 75
25 75
25 76
25 77
24 77
24 78
24 79
24 80
23 80
22 80
21 80
21 81
20 81
19 81
18 81
17 81
17 80
16 80
15 80
14 80
13 80
12 80
12 81
11 81
10 81
9 81
8 81
8 82
8 83
8 84
8 85
8 86
8 87
