88 16
87 16
86 16
86 17
85 17
84 17
83 17
83 18
83 19
83 20
82 20
82 21
82 22
82 23
81 23
80 23
79 23
79 24
79 25
79 26
78 26
78 27
78 28
77 28
77 29
77 30
76 30
76 31
76 32
75 32
74 32
73 32
73 33
72 33
72 34
71 34
70 34
69 34
68 34
68 35
67 35
66 35
65 35
65 36
64 36
64 37
64 38
64 39
63 39
62 39
62 40
62 41
62 42
62 43
62 44
62 45
62 46
61 46
60 46
59 46
58 46
57 46
57 47
57 48
56 48
56 49
55 49
55 50
55 51
55 52
55 53
55 54
54 54
53 54
52 54
51 54
50 54
49 54
49 55
48 55
47 55
47 56
47 57
47 58
47 59
47 60
47 61
46 61
46 62
46 63
46 64
46 65
46 66
46 67
46 68
46 69
45 69
45 70
45 71
45 72
45 73
45 74
45 75
45 76
45 77
45 78
