18 42
18 41
18 40
19 40
20 40
20 39
21 39
22 39
23 39
23 40
23 41
23 42
23 43
23 44
23 45
24 45
24 46
24 47
24 48
24 49
24 50
25 50
26 50
26 51
27 51
28 51
28 52
28 53
28 54
28 55
28 56
28 57
28 58
28 59
28 60
28 61
29 61
30 61
30 62
30 63
30 64
30 65
30 66
30 67
30 68
30 69
30 70
30 71
30 72
30 73
30 74
30 75
31 75
32 75
33 75
34 75
34 76
35 76
35 77
36 77
37 77
37 78
38 78
39 78
40 78
41 78
42 78
42 79
43 79
43 80
43 81
44 81
44 82
44 83
43 83
43 84
43 85
42 85
42 86
42 87
42 88
43 88
43 89
44 89
