4 57
4 58
5 58
5 59
5 60
5 61
6 61
7 61
8 61
9 61
9 62
10 62
11 62
12 62
13 62
14 62
14 63
15 63
16 63
16 64
17 64
18 64
19 64
19 65
20 65
21 65
22 65
23 65
24 65
25 65
26 65
27 65
28 65
29 65
30 65
30 64
30 63
31 63
32 63
33 63
34 63
35 63
35 64
36 64
37 64
38 64
39 64
39 65
40 65
40 66
40 67
41 67
42 67
43 67
43 68
44 68
45 68
46 68
47 68
48 68
48 69
49 69
50 69
51 69
52 69
53 69
54 69
55 69
56 69
56 68
57 68
58 68
59 68
60 68
61 68
62 68
62 67
62 66
62 65
62 64
62 63
63 63
64 63
65 63
66 63
66 64
66 65
66 66
66 67
66 68
66 69
67 69
68 69
69 69
69 70
70 70
71 70
72 70
73 70
74 70
75 70
76 70
76 71
76 72
76 73
76 74
77 74
78 74
78 75
79 75
80 75
80 76
81 76
82 76
83 76
84 76
84 75
85 75
86 75
87 75
88 75
89 75
90 75
91 75
92 75
93 75
94 75
94 76
95 76
96 76
96 75
97 75
98 75
