69 92
68 92
67 92
67 91
66 91
65 91
64 91
64 90
64 89
64 88
63 88
62 88
61 88
60 88
59 88
59 89
58 89
57 89
56 89
56 88
56 87
56 86
56 85
56 84
55 84
55 83
55 82
55 81
55 80
55 79
54 79
54 78
54 77
54 76
54 75
54 74
53 74
53 73
53 72
53 71
53 70
53 69
52 69
51 69
50 69
49 69
49 68
49 67
49 66
49 65
49 64
49 63
49 62
48 62
47 62
46 62
45 62
44 62
43 62
43 61
43 60
43 59
42 59
42 58
42 57
42 56
41 56
41 55
41 54
41 53
41 52
40 52
40 51
40 50
40 49
40 48
40 47
39 47
39 46
38 46
37 46
36 46
36 45
36 44
36 43
37 43
37 42
37 41
37 40
36 40
36 39
36 38
36 37
35 37
34 37
33 37
32 37
31 37
31 36
30 36
29 36
28 36
27 36
27 35
27 34
26 34
25 34
25 33
25 32
25 31
24 31
23 31
22 31
22 30
22 29
22 28
22 27
22 26
22 25
22 24
21 24
21 23
21 22
21 21
21 20
21 19
21 18
20 18
20 17
20 16
21 16
21 15
21 14
20 14
19 14
18 14
18 13
