69 6
68 6
67 6
67 7
67 8
67 9
67 10
67 11
67 12
67 13
67 14
67 15
66 15
66 16
66 17
66 18
66 19
65 19
65 20
64 20
64 21
64 22
64 23
64 24
64 25
64 26
64 27
64 28
65 28
65 29
65 30
65 31
64 31
63 31
63 32
62 32
62 33
62 34
62 35
63 35
63 36
63 37
62 37
61 37
61 38
61 39
60 39
59 39
58 39
58 40
57 40
56 40
56 41
56 42
56 43
56 44
56 45
56 46
56 47
56 48
56 49
56 50
56 51
56 52
56 53
56 54
56 55
56 56
55 56
54 56
54 57
54 58
54 59
54 60
54 61
53 61
53 62
53 63
52 63
51 63
50 63
50 64
49 64
49 65
49 66
49 67
49 68
49 69
48 69
48 70
48 71
47 71
47 72
46 72
46 73
46 74
46 75
46 76
46 77
46 78
46 79
46 80
46 81
46 82
46 83
46 84
46 85
46 86
46 87
46 88
46 89
46 90
45 90
45 91
45 92
44 92
44 93
