73 84
72 84
71 84
71 83
71 82
70 82
70 81
70 80
69 80
69 79
68 79
67 79
66 79
65 79
64 79
63 79
62 79
61 79
60 79
60 78
60 77
60 76
59 76
59 75
59 74
58 74
57 74
57 73
56 73
55 73
54 73
53 73
52 73
51 73
50 73
49 73
49 72
49 71
49 70
48 70
48 69
48 68
48 67
48 66
48 65
47 65
46 65
46 64
46 63
46 62
46 61
46 60
46 59
46 58
45 58
44 58
44 57
44 56
44 55
44 54
43 54
42 54
41 54
41 53
40 53
40 52
39 52
39 51
39 50
38 50
38 49
38 48
37 48
37 47
36 47
36 46
35 46
34 46
34 45
33 45
32 45
31 45
30 45
29 45
29 44
29 43
29 42
29 41
29 40
29 39
29 38
28 38
28 37
28 36
28 35
28 34
28 33
27 33
27 32
27 31
27 30
27 29
27 28
28 28
29 28
29 27
29 26
29 25
28 25
27 25
26 25
25 25
24 25
24 24
24 23
24 22
24 21
24 20
23 20
22 20
21 20
21 19
21 18
20 18
20 17
20 16
19 16
18 16
17 16
16 16
16 15
