17 2
17 3
16 3
15 3
15 4
14 4
14 5
14 6
14 7
15 7
16 7
17 7
18 7
18 8
18 9
19 9
19 10
19 11
19 12
20 12
21 12
22 12
23 12
24 12
25 12
25 13
26 13
27 13
28 13
28 14
29 14
30 14
30 15
30 16
31 16
32 16
33 16
34 16
35 16
36 16
37 16
37 15
38 15
39 15
39 16
40 16
41 16
42 16
43 16
44 16
45 16
46 16
47 16
48 16
49 16
50 16
51 16
51 17
52 17
52 18
52 19
52 20
52 21
53 21
54 21
55 21
56 21
56 22
56 23
57 23
58 23
59 23
60 23
60 24
60 25
60 26
61 26
62 26
62 27
62 28
62 29
63 29
63 30
63 31
63 32
63 33
63 34
63 35
64 35
64 36
64 37
65 37
66 37
66 38
67 38
68 38
69 38
70 38
71 38
71 39
71 40
72 40
73 40
73 41
73 42
73 43
73 44
74 44
75 44
76 44
76 45
