49 5
49 6
49 7
49 8
49 9
50 9
50 10
50 11
50 12
50 13
50 14
50 15
50 16
50 17
50 18
50 19
49 19
49 20
48 20
48 21
48 22
48 23
48 24
48 25
48 26
49 26
49 27
49 28
48 28
48 29
48 30
48 31
48 32
48 33
47 33
47 34
47 35
46 35
46 36
46 37
46 38
46 39
46 40
45 40
44 40
43 40
43 41
42 41
42 42
42 43
42 44
42 45
42 46
42 47
42 48
42 49
41 49
40 49
40 50
39 50
39 51
39 52
39 53
38 53
37 53
36 53
35 53
35 54
35 55
35 56
35 57
35 58
34 58
34 59
34 60
34 61
34 62
34 63
34 64
34 65
34 66
35 66
35 67
35 68
35 69
35 70
35 71
35 72
34 72
33 72
33 73
32 73
31 73
31 74
31 75
31 76
31 77
31 78
31 79
30 79
