4 49
4 50
5 50
5 51
6 51
7 51
8 51
9 51
10 51
11 51
12 51
13 51
14 51
15 51
16 51
17 51
17 50
17 49
18 49
19 49
20 49
21 49
22 49
22 48
22 47
23 47
24 47
24 46
24 45
25 45
25 44
26 44
27 44
28 44
29 44
30 44
31 44
31 43
32 43
33 43
34 43
34 42
34 41
35 41
36 41
36 40
37 40
38 40
39 40
40 40
41 40
42 40
43 40
44 40
45 40
45 39
46 39
47 39
48 39
48 38
49 38
49 37
49 36
50 36
51 36
52 36
53 36
54 36
55 36
56 36
57 36
57 35
57 34
56 34
56 33
56 32
57 32
58 32
59 32
60 32
60 31
61 31
62 31
62 30
63 30
64 30
64 29
64 28
64 27
64 26
65 26
66 26
66 25
66 24
67 24
68 24
69 24
69 23
70 23
71 23
72 23
72 22
72 21
73 21
74 21
75 21
76 21
77 21
78 21
78 20
79 20
80 20
81 20
81 19
82 19
83 19
84 19
84 18
84 17
84 16
85 16
86 16
86 15
86 14
86 13
86 12
86 11
86 10
86 9
86 8
86 7
86 6
87 6
88 6
88 5
88 4
88 3
88 2
89 2
89 1
89 0
90 0
91 0
92 0
