3 7
3 8
4 8
5 8
6 8
6 9
6 10
6 11
7 11
8 11
8 10
9 10
10 10
10 9
10 8
11 8
11 7
12 7
13 7
14 7
15 7
16 7
17 7
18 7
19 7
20 7
21 7
22 7
22 6
23 6
24 6
25 6
26 6
26 5
26 4
27 4
28 4
29 4
30 4
31 4
32 4
33 4
33 5
33 6
34 6
35 6
35 7
35 8
36 8
36 9
36 10
36 11
37 11
38 11
39 11
40 11
41 11
42 11
43 11
44 11
45 11
46 11
47 11
48 11
49 11
49 12
50 12
50 13
50 14
50 15
51 15
52 15
52 16
53 16
53 17
54 17
54 18
54 19
54 20
55 20
55 21
56 21
57 21
58 21
59 21
60 21
60 22
61 22
62 22
62 21
63 21
63 20
64 20
65 20
65 19
66 19
67 19
67 18
68 18
69 18
70 18
71 18
72 18
73 18
74 18
75 18
76 18
77 18
78 18
79 18
80 18
80 17
80 16
80 15
81 15
82 15
82 14
82 13
82 12
83 12
83 11
83 10
83 9
83 8
83 7
83 6
84 6
85 6
