8 30
9 30
10 30
10 29
11 29
12 29
12 30
12 31
12 32
12 33
13 33
14 33
15 33
15 34
15 35
16 35
17 35
17 36
18 36
18 37
18 38
18 39
19 39
20 39
21 39
21 40
21 41
22 41
22 42
23 42
24 42
25 42
26 42
26 43
26 44
25 44
25 45
25 46
25 47
25 48
25 49
25 50
25 51
24 51
24 52
24 53
24 54
24 55
24 56
24 57
24 58
24 59
25 59
25 60
25 61
25 62
26 62
27 62
27 63
27 64
27 65
27 66
27 67
27 68
27 69
28 69
29 69
29 70
29 71
29 72
30 72
30 73
30 74
30 75
30 76
30 77
29 77
29 78
29 79
29 80
29 81
29 82
29 83
30 83
30 84
30 85
31 85
31 86
31 87
31 88
31 89
32 89
33 89
33 90
34 90
34 91
34 92
34 93
34 94
34 95
34 96
33 96
33 97
33 98
32 98
32 99
