67 95
67 96
66 96
65 96
65 95
65 94
65 93
65 92
66 92
67 92
68 92
68 91
68 90
67 90
67 89
66 89
66 88
65 88
65 87
65 86
65 85
65 84
64 84
64 83
64 82
64 81
64 80
64 79
65 79
65 78
65 77
65 76
65 75
65 74
65 73
65 72
65 71
65 70
65 69
65 68
66 68
67 68
67 67
67 66
67 65
67 64
68 64
68 63
69 63
69 62
69 61
69 60
69 59
70 59
71 59
72 59
72 58
73 58
73 57
73 56
73 55
73 54
73 53
73 52
73 51
73 50
72 50
72 49
72 48
72 47
72 46
72 45
72 44
73 44
73 43
73 42
73 41
74 41
75 41
75 40
75 39
75 38
75 37
76 37
77 37
78 37
78 36
78 35
79 35
80 35
80 34
80 33
81 33
82 33
83 33
84 33
84 32
84 31
85 31
86 31
87 31
88 31
88 30
89 30
90 30
90 29
91 29
92 29
92 28
92 27
93 27
94 27
94 26
94 25
94 24
94 23
95 23
96 23
97 23
97 22
98 22
