29 9
29 10
29 11
29 12
29 13
29 14
29 15
30 15
31 15
31 14
32 14
33 14
34 14
35 14
36 14
37 14
37 15
38 15
39 15
39 16
39 17
39 18
39 19
39 20
40 20
40 21
41 21
42 21
43 21
43 22
43 23
43 24
44 24
45 24
46 24
47 24
48 24
48 25
48 26
48 27
48 28
49 28
49 29
49 30
50 30
51 30
51 31
52 31
53 31
54 31
55 31
56 31
56 32
57 32
58 32
59 32
59 31
60 31
61 31
62 31
63 31
64 31
65 31
66 31
67 31
68 31
68 32
69 32
70 32
71 32
72 32
73 32
74 32
74 31
75 31
76 31
76 30
77 30
78 30
79 30
79 31
80 31
81 31
81 30
82 30
83 30
84 30
85 30
86 30
86 29
87 29
87 28
88 28
89 28
90 28
91 28
92 28
93 28
