35 19
35 20
34 20
33 20
33 21
33 22
33 23
33 24
33 25
33 26
33 27
33 28
33 29
33 30
33 31
32 31
31 31
31 32
30 32
29 32
29 33
29 34
28 34
27 34
26 34
25 34
24 34
24 35
24 36
24 37
24 38
23 38
23 39
23 40
22 40
21 40
21 41
21 42
21 43
21 44
21 45
21 46
21 47
21 48
20 48
20 49
20 50
20 51
20 52
20 53
20 54
20 55
19 55
19 56
19 57
18 57
17 57
16 57
16 58
16 59
15 59
15 60
15 61
15 62
15 63
15 64
14 64
14 65
13 65
12 65
11 65
11 64
10 64
9 64
8 64
8 65
8 66
9 66
9 67
10 67
11 67
11 68
11 69
10 69
9 69
9 70
8 70
8 71
8 72
8 73
8 74
7 74
7 75
6 75
6 76
6 77
6 78
6 79
6 80
6 81
6 82
6 83
6 84
6 85
5 85
5 86
4 86
3 86
3 87
3 88
2 88
1 88
1 89
1 90
1 91
1 92
