94 35
93 35
92 35
91 35
90 35
90 36
90 37
90 38
90 39
89 39
89 40
88 40
88 41
88 42
88 43
88 44
88 45
88 46
87 46
86 46
85 46
84 46
83 46
83 47
82 47
81 47
80 47
80 48
80 49
80 50
80 51
79 51
79 52
79 53
79 54
79 55
78 55
77 55
77 56
76 56
75 56
74 56
74 57
74 58
73 58
72 58
71 58
70 58
69 58
69 59
69 60
69 61
69 62
68 62
68 63
68 64
68 65
68 66
68 67
68 68
68 69
68 70
68 71
67 71
67 72
66 72
65 72
64 72
64 73
64 74
63 74
62 74
62 75
61 75
60 75
59 75
58 75
58 76
58 77
58 78
58 79
58 80
58 81
58 82
59 82
