38 8
39 8
39 9
39 10
38 10
38 11
38 12
37 12
37 13
37 14
37 15
37 16
37 17
37 18
36 18
35 18
35 19
35 20
35 21
35 22
35 23
35 24
35 25
35 26
35 27
35 28
35 29
34 29
34 30
34 31
34 32
35 32
35 33
35 34
35 35
35 36
35 37
35 38
35 39
35 40
35 41
35 42
36 42
36 43
36 44
36 45
36 46
36 47
36 48
37 48
37 49
37 50
37 51
37 52
37 53
37 54
37 55
38 55
38 56
38 57
38 58
38 59
38 60
38 61
38 62
37 62
36 62
35 62
35 63
35 64
34 64
33 64
32 64
31 64
30 64
29 64
29 65
29 66
28 66
28 67
28 68
28 69
28 70
28 71
27 71
27 72
26 72
26 73
25 73
25 74
25 75
24 75
23 75
22 75
21 75
21 76
21 77
21 78
21 79
21 80
21 81
21 82
21 83
22 83
