61 87
61 86
61 85
60 85
60 84
60 83
60 82
60 81
60 80
60 79
60 78
60 77
61 77
61 76
62 76
62 75
62 74
62 73
63 73
64 73
65 73
66 73
66 72
66 71
67 71
67 70
67 69
67 68
67 67
67 66
67 65
68 65
69 65
69 64
70 64
71 64
71 63
71 62
71 61
70 61
70 60
70 59
70 58
71 58
72 58
72 57
72 56
72 55
72 54
73 54
74 54
74 53
74 52
74 51
74 50
73 50
73 49
73 48
73 47
73 46
73 45
73 44
73 43
74 43
75 43
76 43
76 42
77 42
78 42
79 42
79 41
80 41
80 40
80 39
81 39
82 39
82 38
82 37
82 36
81 36
81 35
81 34
81 33
80 33
80 32
79 32
79 31
79 30
80 30
80 29
80 28
80 27
80 26
80 25
80 24
80 23
80 22
80 21
80 20
81 20
81 19
81 18
81 17
81 16
82 16
