53 23
53 24
53 25
53 26
53 27
52 27
52 28
52 29
51 29
51 30
51 31
50 31
50 32
50 33
50 34
50 35
50 36
51 36
51 37
51 38
51 39
52 39
52 40
52 41
53 41
53 42
53 43
53 44
53 45
54 45
54 46
55 46
55 47
55 48
55 49
55 50
55 51
55 52
56 52
56 53
56 54
57 54
58 54
58 55
58 56
59 56
59 57
59 58
59 59
58 59
58 60
58 61
57 61
57 62
57 63
57 64
57 65
57 66
56 66
55 66
55 67
55 68
55 69
55 70
55 71
55 72
55 73
55 74
56 74
56 75
56 76
56 77
57 77
58 77
58 78
58 79
58 80
58 81
58 82
58 83
59 83
59 84
59 85
59 86
59 87
60 87
61 87
61 88
61 89
61 90
