68 39
67 39
66 39
65 39
64 39
64 40
64 41
64 42
64 43
64 44
64 45
63 45
63 46
63 47
62 47
61 47
61 48
61 49
60 49
60 50
60 51
59 51
58 51
57 51
56 51
55 51
54 51
54 50
54 49
53 49
52 49
52 48
51 48
50 48
50 47
49 47
49 46
48 46
47 46
46 46
46 47
45 47
44 47
43 47
42 47
41 47
41 48
40 48
39 48
38 48
37 48
36 48
36 49
35 49
34 49
33 49
33 50
33 51
33 52
32 52
31 52
31 53
31 54
31 55
31 56
31 57
31 58
31 59
31 60
31 61
31 62
30 62
30 63
30 64
29 64
28 64
27 64
26 64
25 64
25 65
25 66
25 67
24 67
24 68
24 69
24 70
23 70
22 70
21 70
20 70
20 71
20 72
20 73
20 74
21 74
21 75
21 76
21 77
22 77
