71 81
70 81
69 81
68 81
67 81
66 81
65 81
64 81
64 80
63 80
62 80
61 80
60 80
59 80
59 79
59 78
59 77
58 77
58 76
57 76
56 76
55 76
54 76
54 75
54 74
53 74
52 74
51 74
51 73
51 72
51 71
51 70
51 69
51 68
50 68
49 68
49 67
49 66
49 65
49 64
49 63
49 62
49 61
49 60
49 59
48 59
48 58
48 57
47 57
47 56
47 55
47 54
47 53
47 52
46 52
46 51
46 50
46 49
45 49
45 48
45 47
45 46
44 46
43 46
43 45
43 44
43 43
43 42
42 42
41 42
41 41
41 40
41 39
41 38
41 37
40 37
40 36
40 35
40 34
40 33
40 32
40 31
39 31
39 30
39 29
39 28
39 27
39 26
39 25
38 25
