89 97
88 97
87 97
87 96
86 96
86 95
86 94
86 93
86 92
86 91
86 90
86 89
85 89
85 88
85 87
85 86
85 85
84 85
83 85
83 84
83 83
83 82
83 81
83 80
82 80
82 79
82 78
82 77
82 76
81 76
81 75
81 74
81 73
81 72
81 71
81 70
80 70
79 70
78 70
77 70
77 69
77 68
77 67
77 66
77 65
77 64
77 63
76 63
76 62
76 61
76 60
76 59
76 58
76 57
75 57
75 56
75 55
75 54
74 54
74 53
74 52
74 51
75 51
75 50
76 50
76 49
76 48
76 47
76 46
76 45
76 44
76 43
76 42
75 42
75 41
75 40
74 40
73 40
72 40
71 40
70 40
69 40
69 39
69 38
68 38
68 37
68 36
68 35
67 35
67 34
67 33
67 32
67 31
66 31
65 31
65 30
65 29
64 29
63 29
62 29
61 29
61 28
61 27
60 27
60 26
59 26
59 25
59 24
59 23
58 23
57 23
56 23
56 22
56 21
56 20
56 19
55 19
55 18
55 17
54 17
53 17
53 16
52 16
51 16
51 15
51 14
51 13
51 12
51 11
51 10
50 10
49 10
48 10
47 10
