17 1
18 1
19 1
20 1
21 1
22 1
22 2
23 2
24 2
25 2
25 3
25 4
25 5
26 5
27 5
27 6
27 7
28 7
28 8
28 9
28 10
29 10
30 10
30 11
30 12
30 13
30 14
30 15
30 16
30 17
30 18
30 19
30 20
30 21
30 22
30 23
29 23
29 24
29 25
29 26
29 27
29 28
29 29
29 30
29 31
29 32
29 33
29 34
29 35
29 36
28 36
28 37
28 38
28 39
28 40
28 41
28 42
28 43
28 44
28 45
28 46
28 47
28 48
28 49
27 49
27 50
26 50
25 50
24 50
23 50
23 51
23 52
22 52
22 53
22 54
22 55
22 56
22 57
23 57
23 58
24 58
24 59
24 60
24 61
25 61
26 61
26 62
26 63
25 63
25 64
25 65
25 66
25 67
25 68
25 69
25 70
24 70
24 71
24 72
24 73
25 73
25 74
25 75
25 76
25 77
25 78
26 78
26 79
26 80
26 81
26 82
26 83
27 83
27 84
28 84
29 84
29 85
30 85
31 85
32 85
33 85
