53 25
52 25
51 25
51 26
51 27
51 28
51 29
51 30
51 31
51 32
51 33
51 34
51 35
51 36
52 36
52 37
52 38
52 39
53 39
53 40
53 41
53 42
53 43
53 44
53 45
53 46
53 47
53 48
53 49
53 50
53 51
53 52
53 53
52 53
51 53
50 53
49 53
49 54
49 55
49 56
49 57
49 58
49 59
49 60
49 61
49 62
49 63
49 64
49 65
50 65
50 66
50 67
51 67
52 67
53 67
53 68
54 68
54 69
55 69
56 69
56 70
56 71
56 72
57 72
57 73
57 74
57 75
57 76
57 77
57 78
57 79
57 80
56 80
56 81
56 82
56 83
56 84
56 85
57 85
58 85
59 85
60 85
61 85
62 85
