90 90
90 89
90 88
89 88
88 88
87 88
87 87
86 87
85 87
84 87
83 87
82 87
82 86
82 85
81 85
80 85
79 85
79 84
78 84
77 84
76 84
76 83
75 83
75 82
75 81
75 80
74 80
74 79
73 79
73 78
73 77
73 76
72 76
71 76
70 76
69 76
68 76
67 76
66 76
65 76
64 76
64 75
64 74
64 73
64 72
63 72
62 72
61 72
60 72
59 72
58 72
58 71
57 71
57 70
56 70
55 70
54 70
53 70
52 70
51 70
50 70
49 70
49 69
48 69
47 69
47 68
46 68
46 67
46 66
45 66
44 66
43 66
42 66
41 66
40 66
39 66
39 65
39 64
39 63
38 63
38 62
38 61
38 60
38 59
38 58
38 57
37 57
36 57
36 56
35 56
35 55
35 54
35 53
34 53
34 52
33 52
32 52
31 52
30 52
30 51
29 51
29 50
29 49
29 48
28 48
27 48
27 47
27 46
26 46
26 45
26 44
26 43
25 43
24 43
23 43
22 43
21 43
20 43
19 43
18 43
18 42
18 41
18 40
18 39
18 38
18 37
18 36
18 35
18 34
18 33
18 32
17 32
16 32
16 31
16 30
16 29
16 28
16 27
16 26
15 26
15 25
15 24
15 23
15 22
15 21
15 20
14 20
14 19
13 19
13 18
13 17
12 17
11 17
11 16
11 15
10 15
9 15
9 14
8 14
8 13
8 12
7 12
7 11
6 11
5 11
4 11
3 11
2 11
2 10
2 9
2 8
1 8
0 8
0 7
0 6
0 5
1 5
2 5
