17 58
17 57
17 56
17 55
18 55
19 55
20 55
21 55
22 55
22 54
23 54
24 54
25 54
26 54
27 54
28 54
28 55
29 55
30 55
31 55
31 56
32 56
33 56
34 56
34 55
34 54
34 53
35 53
35 52
36 52
36 51
36 50
37 50
37 49
37 48
37 47
38 47
39 47
40 47
41 47
42 47
43 47
44 47
45 47
46 47
47 47
48 47
48 46
49 46
50 46
51 46
52 46
53 46
54 46
55 46
55 45
56 45
57 45
57 44
57 43
57 42
58 42
59 42
59 41
59 40
59 39
60 39
60 38
60 37
60 36
60 35
61 35
61 34
61 33
61 32
62 32
63 32
63 31
63 30
62 30
61 30
61 29
61 28
60 28
60 27
