61 7
61 8
61 9
61 10
60 10
60 11
60 12
59 12
58 12
57 12
56 12
56 13
55 13
54 13
54 14
54 15
54 16
54 17
54 18
54 19
54 20
53 20
53 21
53 22
53 23
53 24
52 24
51 24
50 24
50 25
50 26
50 27
50 28
50 29
50 30
50 31
49 31
48 31
47 31
46 31
46 32
46 33
46 34
46 35
45 35
44 35
44 36
44 37
44 38
44 39
44 40
43 40
42 40
41 40
41 41
41 42
41 43
41 44
41 45
41 46
41 47
41 48
41 49
40 49
40 50
40 51
40 52
39 52
39 53
39 54
39 55
39 56
40 56
40 57
40 58
40 59
41 59
41 60
41 61
41 62
41 63
41 64
41 65
41 66
40 66
39 66
38 66
38 67
38 68
38 69
38 70
37 70
37 71
37 72
36 72
36 73
36 74
