67 66
66 66
65 66
64 66
63 66
62 66
62 65
61 65
60 65
59 65
58 65
58 64
58 63
57 63
57 62
56 62
56 61
55 61
54 61
53 61
53 62
53 63
52 63
51 63
50 63
49 63
48 63
47 63
47 62
47 61
46 61
45 61
44 61
43 61
43 60
42 60
42 59
42 58
42 57
42 56
41 56
41 55
40 55
39 55
38 55
37 55
36 55
35 55
34 55
33 55
32 55
32 54
31 54
30 54
30 53
29 53
28 53
27 53
26 53
26 52
25 52
24 52
24 51
24 50
24 49
23 49
22 49
21 49
20 49
19 49
18 49
17 49
17 48
16 48
15 48
14 48
13 48
12 48
11 48
10 48
9 48
8 48
8 47
7 47
7 46
7 45
6 45
5 45
4 45
4 46
3 46
2 46
1 46
0 46
