80 56
80 55
80 54
79 54
78 54
77 54
76 54
76 55
75 55
74 55
74 54
74 53
74 52
73 52
73 51
72 51
72 50
72 49
71 49
71 48
71 47
70 47
70 46
69 46
68 46
67 46
66 46
66 45
65 45
64 45
63 45
62 45
62 46
61 46
60 46
59 46
58 46
57 46
56 46
55 46
55 45
54 45
53 45
52 45
51 45
50 45
49 45
49 46
48 46
47 46
46 46
45 46
45 47
44 47
43 47
42 47
41 47
40 47
39 47
38 47
37 47
36 47
35 47
34 47
33 47
32 47
31 47
31 48
30 48
29 48
28 48
27 48
26 48
25 48
25 49
24 49
23 49
23 50
22 50
21 50
21 51
20 51
19 51
18 51
17 51
17 50
17 49
17 48
17 47
17 46
16 46
16 45
15 45
14 45
14 44
14 43
14 42
13 42
12 42
11 42
11 41
11 40
10 40
9 40
9 39
9 38
9 37
9 36
9 35
8 35
8 34
7 34
7 33
6 33
5 33
5 32
4 32
3 32
3 31
3 30
2 30
2 29
