31 19
31 20
31 21
31 22
30 22
30 23
30 24
30 25
30 26
29 26
28 26
28 27
27 27
27 28
27 29
27 30
27 31
28 31
28 32
28 33
28 34
28 35
29 35
30 35
30 36
30 37
31 37
32 37
32 38
32 39
33 39
34 39
34 40
34 41
35 41
35 42
35 43
36 43
37 43
38 43
39 43
40 43
41 43
42 43
42 44
43 44
44 44
45 44
45 45
46 45
47 45
47 46
48 46
48 47
49 47
49 48
50 48
51 48
52 48
53 48
54 48
55 48
55 49
55 50
55 51
55 52
55 53
55 54
56 54
56 55
56 56
56 57
56 58
56 59
57 59
57 60
57 61
57 62
58 62
58 63
58 64
58 65
58 66
58 67
58 68
59 68
59 69
59 70
59 71
59 72
60 72
60 73
60 74
60 75
60 76
59 76
59 77
59 78
59 79
59 80
59 81
60 81
60 82
60 83
60 84
61 84
61 85
61 86
61 87
61 88
61 89
61 90
62 90
63 90
64 90
65 90
66 90
66 91
