0 70
1 70
2 70
3 70
4 70
4 69
5 69
6 69
7 69
7 68
8 68
8 67
9 67
9 66
10 66
11 66
11 67
11 68
12 68
13 68
14 68
15 68
16 68
16 67
17 67
18 67
18 66
19 66
20 66
21 66
22 66
23 66
24 66
25 66
25 67
26 67
27 67
28 67
29 67
30 67
31 67
32 67
33 67
34 67
35 67
36 67
37 67
38 67
39 67
39 68
40 68
41 68
41 69
42 69
43 69
44 69
45 69
46 69
47 69
48 69
49 69
50 69
51 69
52 69
52 68
53 68
53 67
54 67
55 67
56 67
57 67
57 68
57 69
58 69
58 70
59 70
60 70
61 70
62 70
62 69
63 69
64 69
65 69
66 69
66 68
67 68
68 68
69 68
70 68
71 68
72 68
73 68
74 68
75 68
75 67
76 67
77 67
78 67
78 66
78 65
79 65
80 65
81 65
82 65
83 65
83 66
84 66
84 67
84 68
84 69
85 69
86 69
87 69
88 69
