0 7
1 7
1 6
2 6
3 6
3 7
4 7
4 8
4 9
4 10
5 10
5 11
5 12
6 12
7 12
8 12
8 13
8 14
8 15
7 15
7 16
7 17
6 17
6 18
6 19
6 20
6 21
6 22
7 22
8 22
8 23
9 23
9 24
9 25
9 26
9 27
10 27
11 27
12 27
13 27
13 28
14 28
15 28
16 28
16 29
16 30
16 31
16 32
16 33
16 34
16 35
16 36
16 37
16 38
15 38
15 39
15 40
15 41
14 41
14 42
14 43
13 43
13 44
13 45
13 46
12 46
12 47
12 48
12 49
12 50
12 51
12 52
12 53
12 54
12 55
12 56
13 56
14 56
15 56
15 57
15 58
16 58
17 58
17 59
17 60
17 61
17 62
17 63
16 63
15 63
15 64
15 65
14 65
14 66
14 67
13 67
12 67
12 68
12 69
13 69
13 70
13 71
14 71
14 72
14 73
15 73
15 74
15 75
15 76
15 77
15 78
15 79
15 80
16 80
16 81
16 82
16 83
16 84
15 84
15 85
15 86
15 87
15 88
15 89
16 89
16 90
17 90
18 90
18 91
18 92
18 93
18 94
18 95
18 96
19 96
