46 89
46 90
46 91
47 91
47 92
48 92
49 92
49 91
50 91
51 91
52 91
53 91
53 90
54 90
55 90
55 89
56 89
56 88
56 87
57 87
58 87
59 87
59 86
60 86
61 86
61 85
62 85
63 85
64 85
65 85
66 85
67 85
68 85
69 85
69 84
69 83
69 82
69 81
69 80
69 79
69 78
69 77
70 77
71 77
72 77
73 77
73 76
73 75
73 74
73 73
73 72
73 71
74 71
75 71
76 71
77 71
77 70
77 69
78 69
78 68
79 68
79 67
80 67
81 67
81 66
81 65
81 64
82 64
82 63
83 63
83 62
84 62
85 62
86 62
87 62
88 62
88 61
89 61
89 60
90 60
91 60
91 61
91 62
91 63
92 63
