51 1
50 1
50 2
50 3
49 3
48 3
47 3
47 4
47 5
46 5
46 6
45 6
45 7
45 8
45 9
45 10
44 10
44 11
43 11
43 12
42 12
42 13
42 14
42 15
42 16
42 17
41 17
40 17
39 17
39 18
39 19
39 20
39 21
39 22
39 23
39 24
39 25
38 25
38 26
38 27
38 28
38 29
38 30
38 31
39 31
39 32
39 33
39 34
39 35
38 35
38 36
38 37
38 38
38 39
38 40
38 41
38 42
38 43
38 44
38 45
38 46
39 46
40 46
41 46
41 47
42 47
43 47
43 48
43 49
43 50
44 50
44 51
44 52
44 53
44 54
44 55
43 55
43 56
43 57
43 58
42 58
41 58
40 58
39 58
39 59
39 60
39 61
38 61
38 62
37 62
36 62
35 62
35 63
35 64
35 65
34 65
33 65
33 66
32 66
32 67
32 68
31 68
31 69
31 70
31 71
31 72
31 73
30 73
30 74
30 75
30 76
30 77
30 78
30 79
30 80
29 80
28 80
28 81
28 82
28 83
27 83
27 84
27 85
28 85
28 86
28 87
27 87
27 88
27 89
26 89
26 90
26 91
25 91
