96 20
95 20
95 21
95 22
94 22
93 22
93 23
92 23
91 23
90 23
89 23
88 23
88 24
88 25
87 25
87 26
87 27
86 27
86 28
85 28
84 28
84 29
83 29
82 29
81 29
81 30
81 31
81 32
81 33
81 34
81 35
80 35
79 35
78 35
77 35
77 36
76 36
75 36
74 36
74 37
73 37
73 38
73 39
73 40
73 41
72 41
71 41
70 41
69 41
68 41
68 42
68 43
68 44
68 45
67 45
66 45
65 45
64 45
64 46
63 46
62 46
61 46
60 46
59 46
58 46
57 46
56 46
56 47
56 48
56 49
55 49
55 50
54 50
53 50
52 50
51 50
50 50
49 50
48 50
47 50
47 49
46 49
45 49
44 49
43 49
42 49
41 49
40 49
40 50
40 51
40 52
39 52
38 52
37 52
37 53
37 54
37 55
36 55
35 55
34 55
34 56
34 57
33 57
33 58
33 59
33 60
32 60
31 60
30 60
29 60
29 61
29 62
29 63
28 63
28 64
27 64
27 65
27 66
27 67
27 68
27 69
27 70
27 71
27 72
26 72
26 73
26 74
26 75
25 75
25 76
25 77
25 78
25 79
25 80
25 81
25 82
25 83
24 83
24 84
24 85
24 86
24 87
24 88
24 89
25 89
25 90
25 91
25 92
25 93
25 94
24 94
24 95
23 95
23 96
