34 40
34 39
34 38
34 37
35 37
35 36
36 36
37 36
38 36
39 36
40 36
41 36
41 35
41 34
41 33
42 33
42 32
42 31
42 30
42 29
43 29
43 28
43 27
43 26
43 25
43 24
43 23
44 23
45 23
45 22
46 22
47 22
47 21
48 21
49 21
49 20
50 20
51 20
51 19
51 18
52 18
53 18
53 17
54 17
55 17
55 16
55 15
56 15
57 15
58 15
59 15
59 14
60 14
61 14
62 14
62 13
62 12
63 12
64 12
65 12
66 12
67 12
68 12
69 12
70 12
70 11
71 11
72 11
73 11
74 11
75 11
76 11
76 10
76 9
77 9
78 9
79 9
80 9
81 9
82 9
83 9
84 9
85 9
85 8
86 8
87 8
88 8
89 8
89 9
