35 87
35 86
35 85
35 84
35 83
35 82
35 81
36 81
37 81
38 81
39 81
39 80
40 80
41 80
41 79
41 78
42 78
43 78
43 77
43 76
43 75
44 75
44 74
44 73
43 73
43 72
43 71
43 70
43 69
43 68
43 67
43 66
42 66
42 65
41 65
40 65
40 64
40 63
40 62
40 61
41 61
42 61
43 61
43 60
44 60
44 59
45 59
45 58
45 57
45 56
44 56
44 55
44 54
43 54
43 53
43 52
43 51
43 50
43 49
43 48
44 48
44 47
44 46
44 45
44 44
44 43
44 42
44 41
44 40
45 40
45 39
45 38
45 37
44 37
44 36
44 35
44 34
44 33
44 32
44 31
44 30
44 29
44 28
44 27
45 27
45 26
45 25
44 25
44 24
43 24
42 24
41 24
41 23
41 22
41 21
