65 94
65 93
66 93
66 92
66 91
66 90
65 90
64 90
63 90
63 91
62 91
61 91
60 91
59 91
58 91
57 91
57 90
56 90
55 90
54 90
54 89
53 89
53 88
53 87
53 86
53 85
52 85
51 85
51 84
51 83
51 82
51 81
51 80
50 80
49 80
49 79
48 79
48 78
47 78
46 78
45 78
45 79
44 79
43 79
42 79
41 79
40 79
39 79
38 79
37 79
36 79
35 79
34 79
33 79
32 79
31 79
30 79
29 79
28 79
28 78
27 78
26 78
26 77
25 77
25 76
24 76
24 75
23 75
22 75
21 75
21 74
21 73
21 72
21 71
20 71
19 71
18 71
17 71
16 71
15 71
15 70
15 69
14 69
13 69
13 70
12 70
11 70
11 71
10 71
10 72
9 72
9 73
8 73
7 73
6 73
5 73
5 74
4 74
4 75
4 76
4 77
4 78
4 79
4 80
4 81
5 81
6 81
7 81
8 81
8 82
9 82
9 83
9 84
9 85
9 86
9 87
9 88
9 89
9 90
9 91
9 92
10 92
10 93
10 94
11 94
12 94
12 95
12 96
12 97
12 98
