10 30
11 30
11 31
11 32
12 32
13 32
14 32
14 33
15 33
16 33
17 33
18 33
19 33
20 33
21 33
21 32
22 32
23 32
23 33
23 34
23 35
24 35
25 35
26 35
26 36
27 36
28 36
29 36
30 36
31 36
32 36
33 36
34 36
35 36
36 36
37 36
38 36
39 36
39 35
40 35
40 34
41 34
42 34
42 35
43 35
44 35
44 36
44 37
44 38
45 38
46 38
47 38
48 38
48 39
49 39
50 39
50 40
51 40
52 40
53 40
53 39
54 39
55 39
56 39
57 39
58 39
59 39
60 39
61 39
62 39
63 39
64 39
64 40
65 40
66 40
67 40
68 40
68 41
68 42
69 42
70 42
71 42
72 42
73 42
74 42
74 43
74 44
74 45
74 46
75 46
76 46
76 47
77 47
78 47
79 47
80 47
80 48
80 49
81 49
82 49
83 49
84 49
85 49
86 49
86 50
87 50
88 50
89 50
90 50
91 50
92 50
93 50
93 49
94 49
94 48
95 48
95 47
96 47
97 47
98 47
