26 34
26 35
26 36
26 37
26 38
26 39
27 39
28 39
29 39
29 40
29 41
29 42
28 42
28 43
28 44
28 45
28 46
28 47
28 48
27 48
27 49
27 50
27 51
27 52
27 53
26 53
26 54
26 55
26 56
27 56
27 57
28 57
28 58
28 59
28 60
28 61
28 62
29 62
29 63
29 64
30 64
30 65
30 66
30 67
30 68
31 68
32 68
33 68
34 68
34 69
34 70
35 70
36 70
36 71
37 71
38 71
39 71
40 71
41 71
41 72
41 73
42 73
43 73
43 74
43 75
43 76
44 76
45 76
45 77
46 77
47 77
47 78
47 79
47 80
47 81
47 82
47 83
47 84
48 84
49 84
50 84
51 84
52 84
52 85
52 86
52 87
53 87
53 88
53 89
53 90
53 91
53 92
53 93
53 94
53 95
54 95
55 95
