68 77
67 77
67 76
67 75
67 74
67 73
67 72
67 71
67 70
67 69
67 68
68 68
69 68
69 67
69 66
69 65
69 64
70 64
70 63
71 63
72 63
72 62
72 61
72 60
72 59
72 58
72 57
73 57
73 56
73 55
73 54
74 54
74 53
74 52
74 51
75 51
75 50
76 50
76 49
76 48
76 47
76 46
76 45
76 44
76 43
76 42
75 42
75 41
75 40
74 40
73 40
72 40
71 40
70 40
70 39
70 38
70 37
70 36
70 35
70 34
70 33
70 32
70 31
70 30
70 29
70 28
70 27
69 27
69 26
69 25
69 24
69 23
68 23
68 22
67 22
66 22
65 22
64 22
63 22
63 21
63 20
62 20
61 20
61 19
60 19
59 19
58 19
57 19
56 19
55 19
55 18
55 17
54 17
54 16
54 15
54 14
54 13
55 13
56 13
57 13
58 13
58 12
59 12
