37 70
37 69
37 68
37 67
37 66
37 65
37 64
37 63
37 62
38 62
38 61
39 61
40 61
40 60
40 59
41 59
42 59
43 59
44 59
45 59
46 59
47 59
48 59
48 58
48 57
48 56
48 55
49 55
50 55
50 54
50 53
50 52
50 51
50 50
51 50
52 50
53 50
54 50
55 50
56 50
57 50
58 50
58 49
59 49
60 49
60 48
61 48
62 48
62 47
63 47
64 47
65 47
65 48
66 48
67 48
68 48
69 48
70 48
71 48
72 48
73 48
73 47
74 47
75 47
76 47
76 46
77 46
78 46
79 46
80 46
81 46
82 46
83 46
83 45
83 44
84 44
85 44
85 43
85 42
85 41
85 40
85 39
85 38
86 38
86 37
86 36
87 36
88 36
89 36
90 36
