67 6
67 7
67 8
68 8
69 8
69 9
69 10
68 10
67 10
67 11
66 11
66 12
66 13
65 13
64 13
64 14
64 15
63 15
63 16
63 17
63 18
63 19
64 19
64 20
64 21
64 22
64 23
63 23
63 24
63 25
63 26
63 27
63 28
64 28
64 29
64 30
65 30
66 30
66 31
67 31
67 32
67 33
66 33
66 34
66 35
66 36
66 37
66 38
65 38
64 38
64 39
64 40
64 41
64 42
64 43
64 44
64 45
64 46
64 47
64 48
64 49
64 50
64 51
64 52
64 53
64 54
63 54
62 54
61 54
60 54
59 54
59 55
59 56
58 56
58 57
57 57
56 57
56 58
55 58
55 59
55 60
55 61
55 62
54 62
53 62
53 63
53 64
53 65
52 65
51 65
51 66
50 66
50 67
50 68
50 69
50 70
49 70
49 71
48 71
47 71
46 71
46 72
46 73
45 73
44 73
44 74
44 75
43 75
42 75
41 75
40 75
40 76
40 77
40 78
40 79
40 80
40 81
40 82
40 83
40 84
40 85
40 86
40 87
40 88
40 89
39 89
38 89
38 90
37 90
36 90
35 90
34 90
34 91
34 92
33 92
33 93
33 94
33 95
32 95
