71 48
70 48
69 48
68 48
67 48
67 49
67 50
67 51
67 52
67 53
66 53
65 53
65 54
65 55
65 56
64 56
63 56
63 57
62 57
62 58
62 59
61 59
61 60
61 61
61 62
60 62
60 63
59 63
59 64
59 65
58 65
57 65
56 65
56 66
55 66
55 67
55 68
55 69
55 70
55 71
54 71
53 71
53 72
53 73
53 74
52 74
52 75
51 75
51 76
51 77
50 77
50 78
50 79
49 79
48 79
47 79
46 79
46 80
45 80
44 80
44 81
43 81
42 81
41 81
40 81
40 82
39 82
39 83
38 83
38 84
37 84
36 84
36 85
35 85
34 85
34 86
33 86
32 86
31 86
31 87
31 88
30 88
30 89
30 90
30 91
29 91
28 91
27 91
26 91
25 91
24 91
23 91
23 92
22 92
22 93
22 94
22 95
22 96
22 97
