93 83
94 83
94 82
95 82
95 81
95 80
95 79
94 79
93 79
93 78
92 78
91 78
90 78
90 77
90 76
90 75
90 74
90 73
89 73
89 72
89 71
89 70
89 69
89 68
89 67
89 66
89 65
89 64
89 63
89 62
88 62
88 61
88 60
88 59
88 58
89 58
89 57
90 57
90 56
90 55
90 54
90 53
90 52
90 51
90 50
91 50
92 50
92 49
93 49
93 48
93 47
94 47
95 47
96 47
97 47
98 47
99 47
99 46
99 45
98 45
98 44
98 43
98 42
98 41
98 40
98 39
98 38
98 37
98 36
98 35
98 34
97 34
96 34
95 34
95 33
95 32
95 31
95 30
95 29
95 28
94 28
94 27
94 26
93 26
93 25
93 24
94 24
94 23
94 22
93 22
92 22
91 22
91 21
91 20
91 19
90 19
89 19
88 19
88 18
87 18
86 18
86 19
