54 69
55 69
55 68
56 68
57 68
57 67
57 66
57 65
57 64
58 64
59 64
60 64
60 63
61 63
62 63
63 63
64 63
65 63
65 62
65 61
65 60
66 60
67 60
68 60
68 59
69 59
69 58
70 58
70 57
71 57
71 56
71 55
70 55
70 54
70 53
70 52
70 51
70 50
70 49
70 48
70 47
70 46
71 46
71 45
71 44
71 43
71 42
71 41
71 40
71 39
72 39
73 39
74 39
74 38
74 37
75 37
75 36
75 35
75 34
75 33
75 32
76 32
77 32
77 31
78 31
78 30
79 30
80 30
81 30
81 29
82 29
82 28
82 27
82 26
82 25
83 25
83 24
83 23
83 22
83 21
84 21
85 21
85 20
85 19
86 19
87 19
88 19
89 19
90 19
91 19
92 19
