9 12
9 13
9 14
9 15
9 16
9 17
9 18
8 18
7 18
7 19
7 20
7 21
7 22
6 22
6 23
6 24
6 25
6 26
6 27
6 28
6 29
7 29
7 30
7 31
8 31
9 31
10 31
11 31
11 32
12 32
13 32
14 32
15 32
16 32
16 33
16 34
16 35
16 36
17 36
17 37
17 38
18 38
19 38
20 38
21 38
22 38
23 38
23 39
24 39
24 40
24 41
24 42
25 42
26 42
27 42
28 42
29 42
29 43
30 43
30 44
31 44
32 44
32 45
33 45
34 45
35 45
36 45
37 45
38 45
39 45
40 45
41 45
42 45
43 45
44 45
45 45
45 46
45 47
46 47
47 47
47 48
48 48
48 49
49 49
50 49
51 49
51 50
51 51
52 51
52 52
52 53
52 54
52 55
53 55
54 55
55 55
56 55
57 55
58 55
59 55
59 56
59 57
59 58
58 58
