72 81
71 81
70 81
69 81
68 81
67 81
66 81
65 81
64 81
63 81
62 81
62 80
61 80
61 79
60 79
59 79
59 78
58 78
57 78
56 78
55 78
55 77
55 76
55 75
54 75
53 75
52 75
52 74
52 73
52 72
52 71
52 70
52 69
51 69
50 69
50 68
50 67
49 67
48 67
47 67
47 66
47 65
47 64
47 63
47 62
47 61
47 60
47 59
47 58
47 57
47 56
47 55
48 55
48 54
48 53
48 52
48 51
48 50
47 50
47 49
47 48
47 47
47 46
46 46
46 45
46 44
45 44
44 44
44 43
44 42
43 42
43 41
43 40
42 40
41 40
41 39
40 39
40 38
40 37
40 36
39 36
38 36
37 36
37 35
37 34
37 33
37 32
37 31
37 30
37 29
37 28
37 27
37 26
37 25
37 24
37 23
37 22
37 21
36 21
36 20
36 19
36 18
35 18
35 17
35 16
35 15
35 14
34 14
34 13
34 12
33 12
32 12
31 12
31 11
31 10
31 9
31 8
31 7
30 7
30 6
