84 35
83 35
82 35
81 35
81 34
81 33
80 33
80 32
79 32
79 31
79 30
78 30
78 29
77 29
76 29
75 29
74 29
73 29
72 29
71 29
70 29
69 29
68 29
67 29
66 29
65 29
64 29
64 28
64 27
63 27
62 27
61 27
60 27
59 27
59 26
59 25
58 25
57 25
56 25
55 25
54 25
54 26
53 26
52 26
51 26
51 27
50 27
50 28
49 28
48 28
47 28
46 28
46 29
45 29
44 29
43 29
42 29
42 28
42 27
41 27
41 26
41 25
40 25
39 25
38 25
37 25
36 25
35 25
35 26
34 26
34 27
33 27
32 27
31 27
30 27
30 26
30 25
30 24
30 23
29 23
28 23
27 23
26 23
26 22
26 21
25 21
24 21
23 21
23 20
23 19
22 19
21 19
21 18
21 17
