30 17
31 17
31 18
31 19
31 20
31 21
31 22
30 22
30 23
30 24
30 25
30 26
30 27
30 28
31 28
31 29
32 29
33 29
33 30
34 30
34 31
35 31
35 32
35 33
35 34
35 35
35 36
36 36
37 36
37 37
37 38
37 39
38 39
38 40
38 41
38 42
37 42
37 43
37 44
37 45
37 46
36 46
36 47
36 48
36 49
36 50
35 50
35 51
35 52
36 52
36 53
36 54
36 55
35 55
35 56
35 57
35 58
35 59
35 60
34 60
34 61
34 62
33 62
33 63
32 63
31 63
31 64
30 64
30 65
29 65
29 66
29 67
29 68
29 69
28 69
28 70
28 71
28 72
28 73
28 74
28 75
27 75
27 76
27 77
27 78
27 79
27 80
26 80
25 80
25 79
24 79
23 79
22 79
22 80
22 81
22 82
22 83
22 84
23 84
23 85
23 86
22 86
21 86
20 86
20 87
20 88
20 89
19 89
18 89
17 89
17 90
17 91
17 92
16 92
16 93
16 94
17 94
