33 93
32 93
32 92
32 91
32 90
32 89
32 88
32 87
31 87
31 86
31 85
30 85
30 84
30 83
29 83
28 83
27 83
27 82
27 81
26 81
25 81
24 81
23 81
22 81
21 81
20 81
19 81
18 81
17 81
17 80
16 80
15 80
14 80
14 79
14 78
14 77
14 76
14 75
14 74
14 73
13 73
12 73
11 73
11 72
11 71
11 70
11 69
11 68
11 67
11 66
11 65
11 64
11 63
11 62
10 62
10 61
10 60
10 59
10 58
10 57
10 56
10 55
10 54
10 53
10 52
10 51
11 51
11 50
11 49
11 48
11 47
11 46
11 45
11 44
11 43
12 43
12 42
13 42
13 41
13 40
13 39
12 39
12 38
11 38
11 37
11 36
11 35
11 34
11 33
11 32
11 31
11 30
