29 85
28 85
28 84
27 84
26 84
25 84
25 83
25 82
25 81
25 80
25 79
25 78
26 78
27 78
28 78
29 78
30 78
30 79
31 79
32 79
32 78
33 78
34 78
35 78
36 78
37 78
38 78
39 78
40 78
41 78
42 78
43 78
44 78
45 78
46 78
47 78
47 77
48 77
48 76
49 76
50 76
51 76
52 76
53 76
53 75
54 75
54 74
54 73
55 73
56 73
57 73
57 72
58 72
58 71
59 71
60 71
60 72
61 72
62 72
62 73
63 73
63 74
64 74
65 74
66 74
66 75
67 75
68 75
69 75
70 75
71 75
72 75
73 75
74 75
75 75
76 75
77 75
78 75
79 75
80 75
81 75
81 74
82 74
83 74
84 74
85 74
85 75
86 75
87 75
88 75
88 74
88 73
