28 78
28 79
28 80
27 80
26 80
25 80
24 80
24 79
24 78
24 77
24 76
24 75
24 74
24 73
24 72
24 71
24 70
24 69
25 69
26 69
27 69
27 68
27 67
27 66
28 66
29 66
30 66
31 66
31 65
31 64
31 63
31 62
31 61
31 60
31 59
31 58
32 58
32 57
32 56
33 56
33 55
33 54
33 53
34 53
34 52
34 51
34 50
34 49
34 48
34 47
34 46
34 45
34 44
35 44
36 44
36 43
37 43
38 43
38 42
39 42
39 41
39 40
39 39
39 38
39 37
39 36
39 35
39 34
39 33
39 32
39 31
40 31
41 31
42 31
43 31
44 31
44 30
45 30
46 30
47 30
47 29
47 28
47 27
47 26
