68 84
67 84
66 84
65 84
64 84
63 84
62 84
61 84
61 83
61 82
60 82
60 81
60 80
60 79
60 78
61 78
61 77
61 76
60 76
60 75
59 75
58 75
58 74
57 74
56 74
56 73
55 73
54 73
54 72
53 72
52 72
52 71
52 70
51 70
50 70
49 70
49 69
48 69
47 69
47 68
46 68
46 67
46 66
45 66
44 66
43 66
42 66
41 66
40 66
39 66
39 65
39 64
39 63
38 63
38 62
38 61
38 60
38 59
38 58
38 57
37 57
36 57
36 56
35 56
35 55
35 54
35 53
34 53
34 52
33 52
32 52
31 52
30 52
30 51
29 51
29 50
29 49
29 48
28 48
27 48
27 47
27 46
26 46
26 45
26 44
26 43
25 43
24 43
23 43
22 43
21 43
20 43
19 43
18 43
18 42
17 42
17 41
17 40
16 40
16 39
15 39
15 38
15 37
15 36
