57 25
57 26
57 27
57 28
58 28
58 29
59 29
59 30
59 31
58 31
57 31
56 31
55 31
54 31
53 31
52 31
52 32
51 32
51 33
50 33
50 34
50 35
50 36
50 37
50 38
50 39
50 40
50 41
49 41
49 42
49 43
49 44
49 45
49 46
49 47
48 47
48 48
48 49
47 49
47 50
47 51
47 52
47 53
47 54
46 54
46 55
45 55
44 55
44 56
44 57
43 57
42 57
41 57
40 57
39 57
38 57
38 58
38 59
38 60
38 61
38 62
38 63
38 64
38 65
37 65
37 66
37 67
37 68
37 69
37 70
38 70
39 70
39 71
39 72
38 72
38 73
37 73
37 74
37 75
37 76
37 77
36 77
36 78
35 78
34 78
34 79
34 80
34 81
33 81
33 82
33 83
33 84
33 85
33 86
32 86
32 87
32 88
32 89
32 90
32 91
32 92
32 93
33 93
