6 97
6 96
6 95
6 94
6 93
5 93
5 92
5 91
5 90
6 90
7 90
7 89
7 88
8 88
8 87
8 86
9 86
10 86
10 85
10 84
10 83
10 82
11 82
12 82
12 81
12 80
12 79
13 79
13 78
14 78
14 77
15 77
16 77
16 76
16 75
17 75
18 75
18 74
18 73
18 72
18 71
18 70
18 69
18 68
18 67
18 66
17 66
17 65
17 64
17 63
17 62
17 61
17 60
18 60
18 59
18 58
18 57
19 57
20 57
21 57
21 56
21 55
22 55
23 55
24 55
24 54
24 53
24 52
25 52
26 52
27 52
28 52
29 52
29 51
30 51
30 50
30 49
30 48
30 47
30 46
31 46
31 45
31 44
32 44
33 44
34 44
35 44
36 44
37 44
38 44
39 44
40 44
41 44
42 44
43 44
44 44
44 43
44 42
45 42
46 42
47 42
47 41
48 41
48 40
49 40
49 39
49 38
50 38
50 37
50 36
50 35
51 35
51 34
51 33
51 32
51 31
51 30
52 30
52 29
52 28
52 27
53 27
54 27
55 27
56 27
57 27
58 27
58 26
59 26
60 26
61 26
62 26
63 26
64 26
65 26
65 25
65 24
65 23
65 22
66 22
67 22
68 22
69 22
70 22
71 22
72 22
73 22
73 21
73 20
73 19
74 19
75 19
76 19
76 18
76 17
77 17
78 17
79 17
79 16
79 15
80 15
80 14
81 14
81 13
81 12
82 12
82 11
82 10
83 10
83 9
84 9
85 9
86 9
87 9
87 8
87 7
88 7
89 7
90 7
91 7
92 7
