32 82
32 81
32 80
32 79
32 78
32 77
33 77
34 77
35 77
35 76
35 75
35 74
35 73
36 73
37 73
38 73
39 73
40 73
41 73
42 73
43 73
43 72
44 72
45 72
46 72
47 72
48 72
49 72
50 72
51 72
52 72
53 72
54 72
54 71
55 71
55 70
56 70
57 70
58 70
58 69
58 68
59 68
60 68
61 68
62 68
63 68
64 68
64 67
65 67
65 66
66 66
66 65
67 65
68 65
69 65
70 65
71 65
71 64
71 63
72 63
73 63
74 63
74 64
75 64
76 64
76 65
76 66
77 66
78 66
79 66
80 66
80 65
81 65
82 65
83 65
83 66
83 67
84 67
84 68
85 68
86 68
86 67
87 67
88 67
89 67
90 67
91 67
91 66
92 66
