97 95
97 94
97 93
96 93
95 93
95 92
94 92
94 91
93 91
93 90
92 90
92 89
92 88
91 88
91 87
90 87
90 86
90 85
89 85
88 85
87 85
86 85
85 85
84 85
84 86
83 86
82 86
81 86
81 85
80 85
79 85
78 85
78 84
77 84
76 84
76 83
75 83
74 83
73 83
72 83
72 82
71 82
70 82
69 82
68 82
67 82
66 82
65 82
64 82
64 81
63 81
63 80
62 80
61 80
60 80
59 80
58 80
58 81
57 81
56 81
56 82
55 82
54 82
54 81
53 81
52 81
51 81
50 81
49 81
48 81
47 81
46 81
46 80
46 79
46 78
45 78
45 77
44 77
43 77
42 77
41 77
41 76
40 76
39 76
38 76
37 76
36 76
35 76
35 75
35 74
34 74
34 73
34 72
33 72
33 71
33 70
33 69
33 68
33 67
33 66
32 66
32 65
32 64
32 63
32 62
32 61
32 60
31 60
31 59
31 58
31 57
