37 27
37 26
37 25
38 25
39 25
39 26
40 26
40 27
40 28
40 29
40 30
40 31
40 32
40 33
41 33
41 34
41 35
41 36
41 37
41 38
42 38
42 39
43 39
44 39
45 39
45 40
46 40
46 41
47 41
47 42
47 43
47 44
48 44
49 44
49 45
49 46
49 47
49 48
50 48
50 49
50 50
51 50
52 50
53 50
54 50
55 50
56 50
57 50
57 51
58 51
59 51
60 51
60 52
61 52
62 52
63 52
64 52
65 52
65 53
66 53
66 54
67 54
67 55
67 56
67 57
68 57
69 57
70 57
70 58
71 58
72 58
73 58
73 59
73 60
73 61
73 62
72 62
72 63
72 64
72 65
72 66
72 67
72 68
73 68
74 68
74 67
75 67
76 67
77 67
77 68
77 69
77 70
77 71
76 71
76 72
76 73
76 74
77 74
77 75
77 76
77 77
77 78
78 78
79 78
