95 33
95 32
94 32
93 32
92 32
92 31
91 31
90 31
89 31
89 32
89 33
89 34
89 35
89 36
89 37
89 38
89 39
88 39
87 39
86 39
85 39
84 39
84 40
83 40
82 40
81 40
80 40
79 40
78 40
77 40
76 40
75 40
74 40
73 40
73 41
72 41
72 42
71 42
70 42
70 43
69 43
68 43
68 44
67 44
66 44
66 45
65 45
64 45
64 46
63 46
63 47
63 48
62 48
62 49
62 50
61 50
61 51
60 51
60 52
60 53
59 53
59 54
59 55
59 56
59 57
59 58
59 59
59 60
58 60
58 61
58 62
58 63
58 64
58 65
58 66
57 66
56 66
56 67
56 68
56 69
56 70
56 71
55 71
55 72
54 72
53 72
53 73
52 73
51 73
50 73
50 74
50 75
50 76
50 77
50 78
50 79
49 79
49 80
49 81
50 81
50 82
50 83
50 84
