72 42
72 41
73 41
73 40
73 39
72 39
71 39
70 39
70 40
69 40
68 40
67 40
66 40
65 40
65 41
64 41
64 42
64 43
64 44
63 44
62 44
62 45
62 46
61 46
60 46
59 46
58 46
58 47
58 48
58 49
58 50
58 51
57 51
57 52
57 53
57 54
56 54
56 55
56 56
56 57
56 58
56 59
55 59
55 60
55 61
55 62
55 63
55 64
55 65
55 66
55 67
56 67
56 68
56 69
56 70
56 71
56 72
56 73
55 73
55 74
54 74
53 74
52 74
51 74
50 74
50 75
50 76
50 77
50 78
49 78
49 79
49 80
48 80
47 80
46 80
46 81
46 82
45 82
44 82
43 82
42 82
41 82
40 82
40 83
39 83
38 83
38 84
38 85
38 86
37 86
37 87
