95 94
94 94
93 94
92 94
92 95
91 95
90 95
89 95
89 96
88 96
87 96
86 96
85 96
85 95
85 94
84 94
83 94
82 94
82 93
81 93
80 93
80 92
80 91
79 91
79 90
79 89
79 88
78 88
78 87
77 87
77 86
77 85
77 84
77 83
76 83
76 82
75 82
74 82
74 81
74 80
74 79
74 78
74 77
74 76
75 76
75 75
75 74
75 73
74 73
74 72
74 71
74 70
74 69
74 68
73 68
72 68
71 68
70 68
69 68
69 67
68 67
67 67
66 67
66 66
65 66
64 66
63 66
62 66
61 66
60 66
59 66
59 65
59 64
59 63
58 63
57 63
56 63
56 62
55 62
54 62
54 61
53 61
52 61
52 60
52 59
52 58
51 58
50 58
49 58
48 58
47 58
46 58
46 57
46 56
46 55
46 54
46 53
46 52
46 51
45 51
45 50
45 49
45 48
44 48
43 48
43 47
42 47
41 47
41 46
41 45
41 44
41 43
41 42
41 41
40 41
39 41
39 40
38 40
38 39
38 38
38 37
38 36
38 35
38 34
37 34
37 33
37 32
37 31
37 30
36 30
36 29
36 28
35 28
35 27
34 27
