1 44
1 45
2 45
3 45
3 46
3 47
4 47
5 47
6 47
6 48
6 49
6 50
6 51
7 51
8 51
8 52
9 52
9 53
10 53
10 54
10 55
9 55
9 56
9 57
9 58
9 59
9 60
9 61
10 61
11 61
11 62
11 63
11 64
11 65
11 66
12 66
13 66
14 66
15 66
15 65
16 65
17 65
17 66
17 67
18 67
19 67
19 68
20 68
21 68
22 68
22 69
23 69
24 69
25 69
26 69
27 69
27 70
28 70
29 70
30 70
31 70
32 70
33 70
34 70
35 70
36 70
37 70
38 70
39 70
39 69
40 69
41 69
42 69
43 69
44 69
45 69
46 69
46 68
46 67
47 67
48 67
49 67
50 67
51 67
52 67
53 67
54 67
55 67
56 67
57 67
58 67
58 68
59 68
60 68
61 68
61 69
61 70
62 70
63 70
64 70
65 70
65 71
65 72
66 72
67 72
68 72
69 72
70 72
71 72
72 72
73 72
74 72
75 72
76 72
