30 83
30 82
30 81
30 80
29 80
29 79
29 78
29 77
29 76
29 75
28 75
28 74
28 73
28 72
29 72
29 71
29 70
29 69
29 68
29 67
29 66
30 66
30 65
30 64
29 64
28 64
28 63
27 63
26 63
25 63
24 63
23 63
23 62
23 61
23 60
23 59
24 59
24 58
24 57
24 56
24 55
25 55
25 54
25 53
25 52
25 51
25 50
24 50
24 49
24 48
24 47
24 46
24 45
23 45
23 44
23 43
23 42
23 41
23 40
23 39
22 39
22 38
22 37
22 36
23 36
23 35
24 35
24 34
24 33
25 33
25 32
26 32
26 31
26 30
25 30
24 30
24 29
23 29
23 28
23 27
23 26
23 25
23 24
23 23
23 22
23 21
23 20
22 20
22 19
21 19
21 18
20 18
20 17
20 16
19 16
19 15
19 14
19 13
19 12
19 11
19 10
19 9
20 9
20 8
20 7
20 6
20 5
