89 90
88 90
88 89
87 89
86 89
85 89
85 88
84 88
83 88
82 88
81 88
81 87
80 87
79 87
78 87
77 87
76 87
75 87
75 86
75 85
74 85
73 85
72 85
72 84
72 83
71 83
71 82
71 81
70 81
70 80
69 80
68 80
67 80
66 80
65 80
64 80
64 79
63 79
62 79
61 79
60 79
59 79
58 79
57 79
56 79
56 78
56 77
55 77
55 76
55 75
55 74
55 73
55 72
54 72
53 72
52 72
51 72
50 72
49 72
49 71
48 71
47 71
46 71
45 71
44 71
44 70
44 69
43 69
42 69
41 69
40 69
39 69
39 68
38 68
37 68
37 67
37 66
37 65
37 64
37 63
37 62
37 61
37 60
36 60
35 60
35 59
35 58
35 57
35 56
35 55
35 54
35 53
35 52
35 51
35 50
34 50
33 50
33 49
32 49
31 49
30 49
30 48
30 47
30 46
30 45
30 44
29 44
28 44
28 43
28 42
28 41
27 41
27 40
27 39
