67 12
66 12
66 11
65 11
64 11
63 11
62 11
61 11
60 11
59 11
59 10
58 10
57 10
56 10
56 11
55 11
54 11
54 12
53 12
53 13
53 14
53 15
53 16
52 16
52 17
52 18
53 18
53 19
54 19
54 20
54 21
53 21
52 21
51 21
51 22
51 23
51 24
50 24
50 25
49 25
48 25
48 24
47 24
46 24
45 24
44 24
43 24
42 24
42 25
41 25
40 25
39 25
38 25
37 25
36 25
36 26
36 27
35 27
35 28
34 28
33 28
32 28
32 29
31 29
30 29
29 29
28 29
27 29
26 29
25 29
24 29
23 29
22 29
21 29
20 29
19 29
18 29
17 29
16 29
15 29
15 28
15 27
14 27
13 27
13 26
13 25
13 24
13 23
13 22
12 22
12 21
11 21
11 20
11 19
11 18
10 18
9 18
8 18
8 19
8 20
8 21
8 22
