83 26
83 27
83 28
84 28
84 29
84 30
85 30
86 30
86 31
87 31
87 32
87 33
87 34
88 34
89 34
90 34
91 34
92 34
93 34
94 34
94 35
95 35
95 36
96 36
96 37
96 38
96 39
96 40
96 41
96 42
96 43
96 44
96 45
96 46
96 47
97 47
97 48
97 49
96 49
96 50
96 51
97 51
97 52
97 53
97 54
96 54
96 55
96 56
96 57
96 58
96 59
97 59
97 60
98 60
98 61
98 62
97 62
97 63
97 64
97 65
97 66
98 66
98 67
98 68
98 69
98 70
99 70
99 71
99 72
99 73
99 74
99 75
99 76
99 77
98 77
98 78
97 78
96 78
96 79
96 80
96 81
97 81
97 82
98 82
98 83
98 84
98 85
98 86
98 87
98 88
98 89
98 90
97 90
97 91
97 92
98 92
98 93
98 94
98 95
98 96
97 96
96 96
96 97
96 98
96 99
97 99
98 99
