59 72
59 73
59 74
60 74
60 75
61 75
61 76
61 77
61 78
61 79
62 79
62 80
62 81
61 81
60 81
60 82
60 83
59 83
59 84
59 85
58 85
58 86
58 87
58 88
57 88
56 88
56 87
55 87
54 87
53 87
52 87
51 87
50 87
50 86
50 85
50 84
49 84
48 84
47 84
46 84
45 84
45 83
45 82
44 82
43 82
42 82
41 82
41 83
41 84
40 84
39 84
38 84
37 84
36 84
35 84
34 84
34 85
34 86
33 86
32 86
32 87
32 88
32 89
31 89
30 89
30 90
30 91
29 91
28 91
28 92
27 92
26 92
25 92
24 92
23 92
22 92
22 91
22 90
21 90
20 90
19 90
18 90
17 90
16 90
16 91
15 91
14 91
13 91
