22 53
22 54
23 54
23 55
24 55
25 55
26 55
26 56
27 56
28 56
28 57
28 58
28 59
28 60
28 61
29 61
29 62
29 63
30 63
31 63
31 64
31 65
32 65
33 65
33 66
34 66
35 66
35 67
36 67
37 67
37 68
38 68
39 68
40 68
40 69
41 69
42 69
43 69
44 69
45 69
45 70
46 70
46 71
46 72
46 73
47 73
47 74
47 75
48 75
49 75
49 76
50 76
50 77
50 78
51 78
51 79
52 79
53 79
54 79
55 79
55 80
56 80
57 80
58 80
59 80
60 80
60 81
61 81
62 81
63 81
64 81
65 81
66 81
66 82
66 83
66 84
66 85
66 86
66 87
66 88
66 89
67 89
68 89
69 89
70 89
71 89
72 89
73 89
