32 13
33 13
34 13
34 14
34 15
35 15
35 16
35 17
35 18
36 18
36 19
36 20
36 21
36 22
36 23
36 24
37 24
37 25
37 26
37 27
38 27
38 28
38 29
39 29
39 30
40 30
40 31
40 32
40 33
40 34
40 35
40 36
41 36
41 37
41 38
40 38
40 39
40 40
40 41
40 42
40 43
40 44
40 45
41 45
41 46
41 47
41 48
41 49
41 50
42 50
43 50
44 50
44 51
45 51
46 51
47 51
47 52
48 52
48 53
49 53
50 53
51 53
52 53
52 54
53 54
54 54
55 54
55 55
56 55
57 55
57 56
57 57
58 57
58 58
58 59
58 60
58 61
58 62
58 63
58 64
58 65
59 65
59 66
60 66
61 66
62 66
63 66
63 67
64 67
65 67
65 68
66 68
66 69
66 70
67 70
68 70
69 70
70 70
71 70
71 71
71 72
72 72
73 72
74 72
75 72
76 72
76 73
76 74
77 74
77 75
78 75
78 76
78 77
79 77
80 77
80 78
80 79
80 80
80 81
81 81
81 82
82 82
82 83
82 84
82 85
82 86
83 86
83 87
