35 24
35 23
35 22
35 21
36 21
37 21
38 21
39 21
40 21
41 21
41 22
41 23
41 24
41 25
42 25
43 25
44 25
45 25
45 26
45 27
45 28
46 28
47 28
47 29
47 30
47 31
48 31
49 31
50 31
51 31
51 32
51 33
51 34
52 34
52 35
52 36
53 36
53 37
53 38
53 39
53 40
54 40
55 40
55 41
55 42
56 42
56 43
57 43
58 43
59 43
60 43
61 43
62 43
62 44
62 45
63 45
64 45
65 45
66 45
66 46
67 46
67 47
67 48
68 48
69 48
69 49
69 50
69 51
69 52
70 52
71 52
71 53
71 54
71 55
71 56
71 57
72 57
73 57
74 57
75 57
76 57
77 57
78 57
79 57
80 57
81 57
81 58
82 58
83 58
83 59
83 60
84 60
84 61
85 61
86 61
