34 76
34 75
35 75
36 75
37 75
37 74
38 74
39 74
40 74
40 73
40 72
40 71
40 70
40 69
40 68
40 67
40 66
41 66
42 66
42 67
43 67
44 67
44 66
45 66
46 66
47 66
48 66
49 66
49 65
49 64
50 64
50 63
51 63
52 63
52 62
52 61
52 60
52 59
52 58
52 57
52 56
52 55
52 54
53 54
53 53
54 53
54 52
55 52
55 51
56 51
56 50
56 49
56 48
56 47
57 47
57 46
57 45
58 45
59 45
60 45
61 45
62 45
63 45
63 44
63 43
64 43
64 42
64 41
65 41
65 40
65 39
66 39
67 39
68 39
69 39
70 39
71 39
72 39
73 39
74 39
75 39
75 38
75 37
75 36
75 35
76 35
77 35
78 35
79 35
80 35
81 35
81 34
82 34
83 34
84 34
84 33
85 33
86 33
87 33
88 33
89 33
90 33
