76 10
77 10
77 11
78 11
78 12
78 13
77 13
76 13
75 13
74 13
73 13
73 14
72 14
71 14
70 14
69 14
69 15
69 16
69 17
69 18
69 19
68 19
67 19
67 18
66 18
65 18
64 18
64 19
64 20
63 20
63 21
62 21
61 21
60 21
60 22
60 23
59 23
58 23
57 23
56 23
56 24
55 24
54 24
53 24
52 24
52 25
52 26
51 26
50 26
50 27
49 27
48 27
47 27
47 26
47 25
46 25
45 25
44 25
44 24
43 24
43 23
42 23
41 23
40 23
39 23
38 23
37 23
36 23
35 23
34 23
33 23
32 23
32 24
31 24
30 24
29 24
29 25
28 25
27 25
26 25
25 25
24 25
23 25
22 25
21 25
20 25
19 25
19 26
18 26
17 26
16 26
15 26
14 26
14 27
13 27
13 28
13 29
13 30
13 31
13 32
13 33
13 34
12 34
12 35
11 35
10 35
9 35
8 35
8 36
7 36
7 37
6 37
6 38
6 39
5 39
4 39
3 39
2 39
2 40
1 40
