14 22
14 23
15 23
15 24
15 25
14 25
14 26
14 27
13 27
13 28
12 28
12 29
12 30
12 31
13 31
13 32
13 33
14 33
14 34
14 35
14 36
15 36
16 36
17 36
17 37
18 37
18 38
19 38
19 39
20 39
21 39
21 40
21 41
21 42
21 43
21 44
21 45
21 46
21 47
22 47
22 48
22 49
23 49
24 49
25 49
26 49
27 49
27 50
28 50
29 50
29 51
29 52
29 53
29 54
30 54
30 55
31 55
31 56
31 57
31 58
31 59
31 60
32 60
33 60
33 61
33 62
34 62
35 62
35 63
35 64
35 65
35 66
35 67
35 68
35 69
35 70
35 71
35 72
36 72
37 72
37 73
38 73
39 73
40 73
41 73
42 73
43 73
44 73
44 74
45 74
46 74
47 74
48 74
49 74
50 74
50 75
51 75
52 75
52 74
53 74
54 74
54 75
55 75
56 75
57 75
58 75
59 75
60 75
61 75
61 76
62 76
62 77
62 78
62 79
62 80
62 81
62 82
63 82
63 83
63 84
64 84
65 84
66 84
67 84
68 84
69 84
70 84
70 85
70 86
71 86
72 86
73 86
73 87
74 87
75 87
75 86
76 86
77 86
