78 17
78 18
78 19
78 20
77 20
77 21
76 21
75 21
74 21
73 21
73 22
73 23
73 24
73 25
72 25
71 25
70 25
70 26
69 26
68 26
67 26
67 27
67 28
67 29
66 29
65 29
64 29
63 29
63 30
62 30
61 30
61 31
61 32
61 33
61 34
61 35
61 36
61 37
60 37
59 37
59 38
58 38
57 38
56 38
56 39
56 40
56 41
56 42
56 43
55 43
54 43
54 44
53 44
53 45
52 45
51 45
51 46
51 47
51 48
50 48
49 48
49 49
48 49
48 50
47 50
46 50
45 50
44 50
43 50
42 50
42 51
41 51
40 51
40 52
40 53
40 54
40 55
40 56
40 57
40 58
40 59
41 59
41 60
41 61
41 62
40 62
40 63
40 64
40 65
40 66
39 66
39 67
38 67
38 68
37 68
36 68
35 68
34 68
33 68
33 67
33 66
33 65
33 64
