1 54
2 54
3 54
4 54
4 53
5 53
6 53
6 54
7 54
8 54
9 54
9 55
10 55
11 55
11 54
12 54
13 54
14 54
15 54
15 53
16 53
17 53
17 54
18 54
19 54
20 54
21 54
22 54
23 54
24 54
24 53
24 52
25 52
26 52
27 52
28 52
29 52
30 52
30 53
30 54
30 55
31 55
32 55
33 55
33 56
34 56
35 56
36 56
37 56
38 56
39 56
40 56
41 56
42 56
43 56
43 57
44 57
45 57
46 57
46 58
47 58
48 58
49 58
50 58
51 58
52 58
53 58
53 59
53 60
54 60
55 60
56 60
57 60
57 61
58 61
58 62
58 63
59 63
60 63
60 64
60 65
60 66
60 67
61 67
62 67
62 68
62 69
61 69
61 70
