1 99
1 98
2 98
2 97
3 97
4 97
5 97
6 97
7 97
7 98
8 98
9 98
10 98
10 97
11 97
12 97
13 97
14 97
15 97
16 97
17 97
17 96
17 95
17 94
17 93
18 93
18 92
18 91
18 90
18 89
19 89
20 89
21 89
21 88
21 87
21 86
21 85
21 84
21 83
21 82
21 81
22 81
22 80
22 79
22 78
22 77
22 76
22 75
22 74
23 74
23 73
23 72
23 71
23 70
23 69
23 68
23 67
22 67
22 66
22 65
23 65
23 64
23 63
23 62
23 61
23 60
23 59
24 59
24 58
24 57
24 56
25 56
25 55
25 54
25 53
24 53
24 52
24 51
24 50
25 50
25 49
25 48
24 48
24 47
23 47
23 46
23 45
23 44
23 43
22 43
22 42
21 42
20 42
20 41
19 41
19 40
19 39
19 38
19 37
19 36
19 35
19 34
19 33
19 32
20 32
20 31
20 30
21 30
22 30
23 30
23 29
23 28
23 27
23 26
23 25
23 24
23 23
23 22
23 21
23 20
23 19
23 18
24 18
24 17
24 16
25 16
25 15
25 14
24 14
23 14
23 15
