75 30
75 31
74 31
73 31
72 31
72 32
72 33
72 34
72 35
72 36
72 37
72 38
72 39
72 40
72 41
72 42
71 42
70 42
70 43
70 44
70 45
70 46
70 47
70 48
71 48
72 48
72 49
72 50
72 51
72 52
71 52
71 53
71 54
71 55
71 56
71 57
70 57
69 57
69 58
69 59
70 59
70 60
70 61
70 62
70 63
70 64
70 65
70 66
71 66
71 67
71 68
70 68
70 69
70 70
70 71
71 71
71 72
71 73
70 73
69 73
69 74
69 75
69 76
69 77
69 78
69 79
69 80
69 81
69 82
69 83
69 84
69 85
70 85
70 86
70 87
71 87
72 87
73 87
73 88
73 89
73 90
73 91
73 92
73 93
72 93
72 94
72 95
