32 34
32 35
32 36
33 36
33 37
33 38
34 38
35 38
36 38
36 39
36 40
36 41
36 42
36 43
37 43
37 44
37 45
38 45
38 46
38 47
38 48
38 49
38 50
38 51
38 52
38 53
38 54
39 54
40 54
41 54
42 54
43 54
43 55
43 56
43 57
44 57
45 57
46 57
47 57
48 57
48 58
49 58
49 59
50 59
51 59
51 60
52 60
52 61
53 61
54 61
55 61
56 61
57 61
58 61
59 61
60 61
60 62
61 62
62 62
63 62
63 63
64 63
65 63
66 63
67 63
68 63
68 64
68 65
69 65
69 66
70 66
70 67
71 67
72 67
72 68
73 68
73 69
74 69
75 69
76 69
76 70
76 71
77 71
77 72
77 73
78 73
79 73
80 73
80 74
81 74
82 74
82 73
82 72
83 72
83 71
84 71
84 70
85 70
86 70
86 71
86 72
87 72
88 72
88 73
88 74
89 74
90 74
90 75
91 75
92 75
93 75
94 75
94 76
