73 78
73 77
73 76
73 75
72 75
71 75
70 75
69 75
69 74
68 74
67 74
66 74
65 74
65 73
65 72
64 72
63 72
62 72
62 71
62 70
62 69
62 68
62 67
62 66
62 65
62 64
61 64
61 63
60 63
59 63
59 64
58 64
57 64
56 64
55 64
54 64
54 63
54 62
54 61
54 60
53 60
52 60
51 60
50 60
49 60
48 60
47 60
46 60
46 59
45 59
45 58
45 57
44 57
43 57
42 57
41 57
40 57
39 57
38 57
37 57
37 56
37 55
36 55
35 55
34 55
34 54
33 54
32 54
31 54
31 55
30 55
29 55
28 55
27 55
26 55
26 56
25 56
25 57
25 58
24 58
23 58
22 58
21 58
21 57
20 57
19 57
18 57
18 56
17 56
16 56
15 56
