89 92
88 92
88 91
88 90
88 89
87 89
87 88
86 88
85 88
85 87
85 86
85 85
85 84
85 83
84 83
83 83
82 83
82 82
81 82
80 82
79 82
79 81
79 80
79 79
79 78
79 77
79 76
79 75
78 75
78 74
78 73
78 72
77 72
76 72
75 72
75 71
75 70
75 69
75 68
75 67
75 66
75 65
75 64
75 63
75 62
74 62
73 62
72 62
71 62
71 61
71 60
71 59
70 59
69 59
69 58
69 57
69 56
69 55
69 54
69 53
69 52
69 51
69 50
69 49
69 48
69 47
69 46
68 46
68 45
68 44
67 44
67 43
67 42
67 41
67 40
67 39
67 38
67 37
67 36
67 35
66 35
66 34
65 34
65 33
64 33
63 33
63 32
62 32
62 31
62 30
62 29
62 28
62 27
62 26
62 25
62 24
62 23
63 23
63 22
63 21
62 21
62 20
62 19
62 18
61 18
61 17
61 16
61 15
61 14
61 13
61 12
62 12
63 12
64 12
65 12
