1 14
1 15
1 16
1 17
1 18
1 19
1 20
1 21
1 22
1 23
2 23
3 23
4 23
5 23
6 23
7 23
8 23
9 23
10 23
11 23
12 23
13 23
14 23
15 23
16 23
17 23
18 23
19 23
20 23
21 23
22 23
23 23
24 23
25 23
26 23
26 24
27 24
28 24
29 24
29 25
29 26
29 27
30 27
31 27
32 27
33 27
33 28
34 28
35 28
35 29
36 29
37 29
38 29
38 30
39 30
40 30
41 30
42 30
42 31
43 31
43 32
44 32
44 33
45 33
46 33
47 33
47 34
48 34
49 34
50 34
50 35
50 36
50 37
50 38
50 39
50 40
51 40
51 41
51 42
52 42
53 42
54 42
55 42
56 42
57 42
58 42
58 43
59 43
60 43
61 43
61 44
61 45
62 45
62 46
62 47
63 47
63 48
63 49
63 50
64 50
64 51
64 52
64 53
64 54
64 55
64 56
65 56
66 56
67 56
67 57
68 57
69 57
70 57
71 57
72 57
73 57
74 57
75 57
76 57
77 57
77 58
78 58
78 59
79 59
80 59
81 59
82 59
82 60
83 60
84 60
85 60
85 61
86 61
87 61
87 62
87 63
88 63
88 64
89 64
90 64
90 63
90 62
91 62
91 61
