45 6
44 6
43 6
42 6
41 6
40 6
40 7
39 7
39 8
39 9
39 10
39 11
39 12
39 13
39 14
39 15
39 16
39 17
39 18
39 19
39 20
38 20
37 20
37 21
37 22
37 23
37 24
36 24
36 25
36 26
36 27
35 27
35 28
34 28
33 28
32 28
32 29
31 29
30 29
29 29
28 29
27 29
26 29
25 29
24 29
23 29
22 29
21 29
20 29
19 29
18 29
17 29
16 29
16 30
16 31
16 32
16 33
15 33
15 34
15 35
15 36
15 37
15 38
14 38
14 39
13 39
13 40
12 40
11 40
11 41
11 42
10 42
9 42
8 42
8 43
8 44
7 44
6 44
6 45
6 46
5 46
5 47
5 48
5 49
5 50
5 51
5 52
6 52
7 52
