34 89
35 89
35 88
35 87
35 86
35 85
35 84
35 83
35 82
36 82
36 81
36 80
36 79
37 79
38 79
39 79
39 78
40 78
40 77
41 77
42 77
43 77
44 77
44 76
45 76
45 75
46 75
46 74
47 74
47 73
47 72
47 71
47 70
47 69
47 68
48 68
48 67
49 67
50 67
51 67
52 67
52 66
52 65
53 65
54 65
55 65
56 65
56 64
56 63
57 63
57 62
57 61
57 60
57 59
57 58
57 57
58 57
58 56
58 55
58 54
59 54
59 53
60 53
61 53
61 52
62 52
62 51
62 50
62 49
62 48
62 47
62 46
62 45
63 45
64 45
65 45
66 45
67 45
67 44
68 44
68 43
68 42
69 42
70 42
71 42
72 42
73 42
73 43
74 43
74 44
75 44
76 44
76 43
77 43
78 43
79 43
80 43
81 43
82 43
83 43
84 43
85 43
85 44
86 44
87 44
87 43
88 43
89 43
90 43
90 42
90 41
90 40
90 39
89 39
88 39
88 38
88 37
87 37
87 36
87 35
