15 26
15 27
15 28
15 29
16 29
16 30
16 31
17 31
17 32
17 33
17 34
17 35
17 36
17 37
17 38
17 39
17 40
18 40
19 40
20 40
21 40
21 41
22 41
23 41
23 42
23 43
24 43
25 43
25 44
26 44
27 44
27 45
28 45
28 46
28 47
28 48
29 48
30 48
30 49
30 50
31 50
31 51
31 52
32 52
33 52
34 52
35 52
35 53
35 54
35 55
35 56
35 57
35 58
36 58
37 58
38 58
39 58
40 58
41 58
42 58
43 58
44 58
44 59
45 59
45 60
46 60
46 61
46 62
46 63
46 64
46 65
46 66
46 67
46 68
46 69
47 69
48 69
49 69
50 69
51 69
52 69
53 69
54 69
54 70
54 71
54 72
55 72
55 73
55 74
55 75
55 76
56 76
57 76
58 76
58 77
58 78
58 79
58 80
58 81
58 82
58 83
58 84
59 84
60 84
61 84
62 84
63 84
63 85
64 85
65 85
65 86
65 87
66 87
66 88
67 88
68 88
68 89
69 89
70 89
71 89
71 88
