2 51
2 50
2 49
3 49
3 48
3 47
4 47
5 47
6 47
6 46
6 45
6 44
6 43
6 42
6 41
6 40
7 40
8 40
9 40
10 40
11 40
12 40
13 40
14 40
14 41
15 41
16 41
16 40
16 39
16 38
17 38
17 37
17 36
17 35
17 34
17 33
17 32
17 31
17 30
18 30
18 29
19 29
19 28
20 28
21 28
22 28
23 28
24 28
25 28
26 28
26 27
27 27
28 27
28 26
28 25
29 25
29 24
29 23
30 23
30 22
31 22
32 22
33 22
34 22
34 21
34 20
34 19
35 19
36 19
37 19
38 19
38 18
38 17
38 16
39 16
40 16
41 16
42 16
42 15
43 15
43 14
44 14
45 14
46 14
47 14
48 14
49 14
49 13
49 12
49 11
49 10
50 10
51 10
51 9
51 8
51 7
52 7
52 6
53 6
54 6
55 6
55 5
56 5
57 5
58 5
58 4
59 4
60 4
60 3
61 3
62 3
63 3
64 3
65 3
66 3
67 3
68 3
69 3
69 4
70 4
70 5
71 5
71 6
72 6
73 6
73 5
73 4
74 4
75 4
76 4
76 3
