97 3
96 3
95 3
94 3
94 4
93 4
93 5
92 5
92 6
91 6
90 6
89 6
88 6
88 7
88 8
88 9
88 10
88 11
88 12
88 13
88 14
87 14
86 14
85 14
85 15
85 16
85 17
85 18
85 19
85 20
85 21
84 21
83 21
83 22
83 23
83 24
83 25
82 25
82 26
82 27
82 28
82 29
81 29
81 30
80 30
79 30
78 30
78 31
77 31
77 32
76 32
75 32
75 33
75 34
75 35
75 36
75 37
74 37
74 38
74 39
73 39
72 39
71 39
71 40
71 41
71 42
71 43
71 44
71 45
71 46
70 46
70 47
70 48
70 49
70 50
70 51
70 52
70 53
70 54
70 55
71 55
71 56
71 57
70 57
70 58
69 58
69 59
68 59
68 60
67 60
66 60
65 60
65 61
65 62
65 63
64 63
63 63
62 63
61 63
60 63
60 64
59 64
58 64
57 64
57 65
57 66
57 67
57 68
56 68
55 68
55 69
54 69
53 69
53 70
53 71
53 72
52 72
51 72
50 72
49 72
48 72
48 73
47 73
47 74
46 74
46 75
45 75
45 76
45 77
46 77
47 77
47 78
48 78
48 79
