19 57
20 57
20 58
20 59
20 60
21 60
21 61
22 61
22 62
23 62
23 63
24 63
25 63
25 62
26 62
26 61
26 60
27 60
27 59
27 58
27 57
28 57
28 56
28 55
28 54
29 54
29 53
29 52
29 51
29 50
29 49
29 48
29 47
29 46
28 46
28 45
28 44
28 43
29 43
30 43
31 43
32 43
33 43
34 43
35 43
35 42
35 41
36 41
37 41
38 41
39 41
40 41
41 41
41 42
42 42
43 42
43 41
44 41
45 41
46 41
46 42
47 42
48 42
49 42
50 42
51 42
52 42
53 42
54 42
54 41
55 41
56 41
56 40
56 39
56 38
57 38
58 38
59 38
60 38
61 38
62 38
63 38
63 37
63 36
64 36
64 35
64 34
64 33
65 33
66 33
66 32
66 31
67 31
68 31
69 31
69 30
70 30
70 29
70 28
70 27
70 26
70 25
71 25
72 25
73 25
74 25
75 25
75 24
75 23
75 22
76 22
76 21
76 20
76 19
77 19
78 19
78 20
78 21
79 21
80 21
81 21
81 20
81 19
81 18
81 17
81 16
81 15
81 14
80 14
80 13
79 13
78 13
