91 83
90 83
89 83
89 84
89 85
88 85
87 85
86 85
85 85
84 85
84 84
84 83
85 83
85 82
85 81
84 81
84 80
84 79
84 78
84 77
84 76
84 75
83 75
82 75
81 75
80 75
79 75
78 75
78 74
77 74
77 73
76 73
75 73
75 72
75 71
75 70
75 69
75 68
75 67
74 67
73 67
72 67
72 66
72 65
71 65
70 65
70 64
69 64
68 64
67 64
66 64
65 64
64 64
63 64
62 64
61 64
60 64
59 64
58 64
58 63
57 63
56 63
55 63
55 62
54 62
54 61
53 61
52 61
51 61
50 61
49 61
48 61
48 60
48 59
48 58
47 58
46 58
46 57
46 56
46 55
45 55
45 54
44 54
43 54
43 53
43 52
43 51
43 50
42 50
41 50
41 49
40 49
39 49
39 48
39 47
39 46
39 45
38 45
37 45
37 44
37 43
36 43
36 42
35 42
35 41
34 41
33 41
33 40
33 39
33 38
33 37
33 36
33 35
32 35
31 35
30 35
29 35
28 35
28 34
27 34
27 33
26 33
26 32
26 31
26 30
26 29
25 29
25 28
25 27
25 26
25 25
25 24
25 23
25 22
25 21
25 20
25 19
25 18
25 17
25 16
24 16
24 15
24 14
24 13
24 12
24 11
24 10
24 9
23 9
23 8
23 7
23 6
23 5
23 4
22 4
21 4
21 3
20 3
19 3
19 4
18 4
18 5
18 6
18 7
19 7
