50 15
50 16
50 17
49 17
49 18
49 19
49 20
49 21
48 21
48 22
48 23
47 23
46 23
46 24
46 25
46 26
46 27
46 28
46 29
46 30
46 31
46 32
46 33
45 33
45 34
45 35
45 36
45 37
44 37
44 38
43 38
43 39
43 40
42 40
42 41
42 42
42 43
43 43
43 44
43 45
43 46
43 47
43 48
43 49
43 50
43 51
43 52
44 52
45 52
45 53
45 54
45 55
45 56
45 57
46 57
46 58
47 58
47 59
47 60
47 61
47 62
48 62
48 63
48 64
48 65
49 65
50 65
51 65
51 66
52 66
53 66
53 67
53 68
54 68
55 68
55 69
55 70
56 70
57 70
57 71
58 71
58 72
59 72
59 73
59 74
59 75
59 76
58 76
58 77
58 78
59 78
59 79
60 79
60 80
60 81
60 82
60 83
60 84
60 85
61 85
62 85
63 85
64 85
65 85
66 85
67 85
68 85
68 86
68 87
69 87
70 87
71 87
72 87
73 87
74 87
75 87
75 88
76 88
76 89
76 90
76 91
75 91
75 92
74 92
73 92
73 93
72 93
71 93
71 94
70 94
69 94
69 93
