94 73
93 73
93 74
93 75
92 75
91 75
91 74
90 74
89 74
88 74
88 73
88 72
87 72
87 71
87 70
86 70
86 69
86 68
86 67
85 67
85 66
85 65
85 64
84 64
83 64
82 64
81 64
81 63
81 62
80 62
79 62
78 62
78 61
77 61
76 61
75 61
74 61
74 60
73 60
72 60
72 59
72 58
72 57
72 56
71 56
70 56
69 56
68 56
67 56
67 55
67 54
67 53
67 52
67 51
67 50
66 50
65 50
64 50
63 50
62 50
61 50
60 50
60 49
60 48
60 47
60 46
60 45
60 44
60 43
60 42
60 41
60 40
60 39
60 38
60 37
60 36
60 35
59 35
59 34
59 33
59 32
59 31
58 31
57 31
56 31
55 31
54 31
53 31
53 30
53 29
53 28
53 27
53 26
53 25
53 24
53 23
53 22
52 22
52 21
52 20
52 19
52 18
51 18
51 17
50 17
49 17
48 17
47 17
46 17
45 17
44 17
44 18
44 19
