33 5
34 5
35 5
35 6
36 6
36 7
36 8
37 8
38 8
39 8
40 8
41 8
42 8
43 8
44 8
45 8
45 9
45 10
46 10
47 10
47 11
48 11
48 12
49 12
50 12
51 12
52 12
52 13
53 13
53 14
53 15
54 15
54 16
54 17
55 17
56 17
57 17
58 17
59 17
60 17
61 17
62 17
63 17
64 17
65 17
66 17
67 17
67 18
67 19
68 19
68 20
68 21
68 22
69 22
69 23
69 24
69 25
69 26
70 26
70 27
70 28
70 29
71 29
71 30
72 30
73 30
73 31
74 31
75 31
76 31
77 31
77 32
78 32
79 32
80 32
81 32
82 32
82 33
82 34
83 34
84 34
85 34
86 34
87 34
88 34
89 34
90 34
91 34
92 34
93 34
93 35
94 35
94 36
95 36
95 37
96 37
97 37
98 37
98 36
99 36
