99 46
98 46
97 46
96 46
95 46
95 45
95 44
95 43
94 43
93 43
92 43
92 42
91 42
91 41
90 41
90 40
90 39
89 39
88 39
88 38
88 37
88 36
88 35
88 34
87 34
86 34
85 34
84 34
84 33
84 32
83 32
82 32
81 32
81 33
80 33
79 33
78 33
77 33
76 33
75 33
74 33
73 33
72 33
72 34
71 34
70 34
69 34
69 33
68 33
67 33
66 33
65 33
64 33
63 33
62 33
61 33
60 33
59 33
58 33
57 33
57 32
56 32
56 31
55 31
55 30
55 29
54 29
53 29
52 29
51 29
50 29
49 29
49 28
48 28
47 28
46 28
45 28
44 28
43 28
42 28
42 29
42 30
42 31
41 31
41 32
40 32
40 33
40 34
40 35
39 35
38 35
37 35
36 35
36 34
35 34
