5 66
5 65
5 64
5 63
6 63
6 62
7 62
8 62
8 61
8 60
8 59
8 58
8 57
8 56
8 55
8 54
9 54
9 53
9 52
9 51
10 51
11 51
11 50
12 50
13 50
13 49
13 48
13 47
13 46
14 46
14 45
14 44
14 43
14 42
15 42
16 42
17 42
18 42
19 42
19 41
19 40
20 40
21 40
22 40
23 40
24 40
25 40
25 39
26 39
27 39
27 40
28 40
29 40
30 40
31 40
32 40
32 39
33 39
33 38
33 37
34 37
34 36
34 35
34 34
35 34
35 33
35 32
36 32
37 32
38 32
39 32
39 31
40 31
40 30
40 29
40 28
40 27
40 26
40 25
41 25
42 25
43 25
44 25
44 24
44 23
44 22
45 22
45 21
46 21
47 21
48 21
49 21
