9 50
10 50
11 50
12 50
13 50
14 50
15 50
16 50
17 50
18 50
18 49
19 49
20 49
21 49
22 49
22 48
23 48
24 48
25 48
25 49
25 50
25 51
25 52
26 52
27 52
28 52
29 52
30 52
31 52
31 53
32 53
33 53
34 53
35 53
36 53
37 53
38 53
38 52
38 51
39 51
40 51
40 50
40 49
41 49
42 49
42 50
43 50
43 51
43 52
44 52
45 52
45 53
45 54
45 55
46 55
46 56
46 57
47 57
48 57
49 57
50 57
51 57
51 58
52 58
53 58
54 58
55 58
56 58
57 58
58 58
59 58
59 59
59 60
60 60
61 60
61 61
62 61
63 61
64 61
65 61
65 60
65 59
66 59
67 59
68 59
69 59
69 60
70 60
70 61
71 61
72 61
72 60
73 60
74 60
75 60
76 60
76 59
77 59
78 59
78 58
79 58
80 58
81 58
82 58
83 58
84 58
84 57
85 57
86 57
86 56
87 56
88 56
89 56
90 56
91 56
92 56
93 56
93 55
93 54
94 54
95 54
95 55
96 55
96 56
96 57
95 57
95 58
95 59
96 59
97 59
97 60
