76 86
76 85
76 84
76 83
76 82
77 82
77 81
77 80
76 80
76 79
76 78
75 78
75 77
75 76
75 75
75 74
74 74
74 73
73 73
73 72
73 71
73 70
72 70
72 69
72 68
72 67
72 66
71 66
71 65
71 64
71 63
71 62
70 62
69 62
69 61
69 60
69 59
69 58
69 57
70 57
70 56
70 55
69 55
69 54
68 54
67 54
66 54
65 54
64 54
64 53
63 53
62 53
62 52
61 52
60 52
59 52
59 51
59 50
58 50
57 50
56 50
56 49
56 48
56 47
56 46
56 45
56 44
56 43
56 42
55 42
55 41
55 40
54 40
54 39
53 39
52 39
51 39
51 38
51 37
50 37
50 36
50 35
50 34
50 33
50 32
50 31
50 30
50 29
51 29
51 28
51 27
51 26
50 26
49 26
48 26
48 25
47 25
46 25
46 24
46 23
46 22
46 21
45 21
44 21
44 20
44 19
43 19
43 18
43 17
42 17
41 17
41 16
40 16
40 15
40 14
41 14
42 14
42 15
