4 36
5 36
6 36
6 35
7 35
8 35
9 35
10 35
11 35
12 35
13 35
14 35
14 36
15 36
16 36
17 36
18 36
19 36
20 36
20 35
21 35
21 34
22 34
23 34
23 33
24 33
25 33
25 32
26 32
27 32
28 32
28 33
28 34
28 35
29 35
30 35
30 34
31 34
32 34
32 35
33 35
34 35
34 36
35 36
36 36
36 35
37 35
38 35
38 34
39 34
40 34
41 34
42 34
43 34
43 35
44 35
45 35
46 35
46 34
46 33
46 32
46 31
46 30
47 30
48 30
49 30
50 30
51 30
52 30
52 29
53 29
54 29
55 29
56 29
57 29
58 29
58 30
58 31
59 31
60 31
60 30
61 30
61 29
62 29
63 29
63 28
63 27
64 27
