56 89
55 89
55 88
54 88
53 88
52 88
52 89
51 89
50 89
49 89
49 90
48 90
47 90
47 89
46 89
45 89
44 89
44 88
44 87
44 86
44 85
44 84
44 83
44 82
45 82
46 82
47 82
48 82
48 81
48 80
49 80
49 79
49 78
49 77
49 76
49 75
50 75
51 75
51 74
51 73
51 72
51 71
51 70
51 69
52 69
53 69
53 68
54 68
54 67
55 67
55 66
55 65
55 64
55 63
55 62
56 62
57 62
57 61
57 60
57 59
57 58
58 58
59 58
59 57
60 57
61 57
62 57
62 56
63 56
63 55
63 54
64 54
64 53
65 53
65 52
65 51
65 50
66 50
67 50
68 50
68 49
68 48
68 47
69 47
69 46
70 46
70 45
71 45
71 44
71 43
71 42
72 42
73 42
73 41
73 40
74 40
74 39
74 38
74 37
74 36
74 35
74 34
74 33
74 32
74 31
75 31
76 31
77 31
77 30
77 29
78 29
78 28
78 27
79 27
79 26
79 25
80 25
81 25
82 25
82 24
82 23
83 23
84 23
85 23
86 23
87 23
88 23
89 23
89 22
89 21
89 20
89 19
89 18
89 17
89 16
89 15
89 14
89 13
88 13
88 12
88 11
88 10
89 10
89 9
89 8
89 7
90 7
91 7
