41 54
41 53
41 52
40 52
40 51
40 50
40 49
41 49
41 48
41 47
41 46
41 45
40 45
39 45
39 44
39 43
39 42
39 41
39 40
39 39
39 38
40 38
40 37
40 36
40 35
40 34
41 34
42 34
43 34
44 34
45 34
46 34
46 33
47 33
48 33
49 33
50 33
50 32
50 31
51 31
52 31
52 30
52 29
52 28
52 27
53 27
53 26
53 25
52 25
52 24
52 23
53 23
53 22
53 21
53 20
54 20
55 20
55 19
56 19
57 19
58 19
59 19
60 19
60 18
61 18
62 18
62 17
63 17
64 17
64 16
64 15
65 15
66 15
66 14
66 13
67 13
68 13
68 12
69 12
69 11
69 10
70 10
71 10
72 10
73 10
74 10
75 10
75 9
75 8
76 8
76 7
76 6
76 5
75 5
