58 23
57 23
57 24
57 25
57 26
58 26
58 27
58 28
58 29
58 30
58 31
58 32
58 33
58 34
58 35
58 36
58 37
58 38
57 38
56 38
56 39
55 39
55 40
55 41
54 41
54 42
54 43
53 43
52 43
52 44
52 45
52 46
52 47
53 47
53 48
53 49
52 49
51 49
51 48
50 48
49 48
49 49
49 50
49 51
49 52
49 53
49 54
49 55
49 56
49 57
49 58
48 58
48 59
48 60
48 61
48 62
49 62
49 63
49 64
49 65
49 66
49 67
50 67
50 68
50 69
50 70
50 71
50 72
49 72
49 73
49 74
48 74
48 75
48 76
49 76
50 76
50 77
50 78
50 79
51 79
51 80
52 80
52 81
53 81
53 82
53 83
53 84
53 85
53 86
53 87
53 88
54 88
54 89
55 89
56 89
56 88
57 88
57 87
58 87
59 87
60 87
60 86
60 85
59 85
59 84
59 83
58 83
58 82
58 81
59 81
