67 69
66 69
65 69
65 70
65 71
65 72
65 73
64 73
63 73
62 73
61 73
61 74
61 75
61 76
61 77
61 78
60 78
59 78
58 78
57 78
57 77
56 77
55 77
54 77
53 77
52 77
51 77
50 77
49 77
48 77
47 77
46 77
45 77
45 78
45 79
45 80
44 80
43 80
43 81
43 82
43 83
42 83
41 83
41 82
40 82
39 82
39 83
39 84
38 84
38 85
37 85
37 86
37 87
36 87
35 87
35 86
34 86
33 86
32 86
32 87
31 87
30 87
29 87
28 87
27 87
27 88
27 89
26 89
25 89
25 90
25 91
25 92
26 92
26 93
26 94
26 95
26 96
25 96
25 97
24 97
24 98
24 99
25 99
26 99
27 99
