83 78
82 78
82 79
82 80
81 80
80 80
79 80
78 80
77 80
77 79
77 78
77 77
76 77
75 77
74 77
74 76
73 76
72 76
71 76
70 76
69 76
68 76
68 77
67 77
66 77
65 77
65 78
64 78
63 78
62 78
61 78
61 79
61 80
60 80
59 80
59 81
58 81
57 81
56 81
55 81
54 81
53 81
52 81
51 81
50 81
49 81
48 81
47 81
46 81
45 81
44 81
44 80
43 80
42 80
41 80
40 80
40 81
39 81
38 81
37 81
36 81
35 81
35 80
34 80
33 80
32 80
31 80
30 80
30 79
29 79
28 79
27 79
26 79
25 79
25 78
24 78
24 77
23 77
22 77
21 77
20 77
19 77
18 77
18 76
17 76
16 76
16 77
15 77
14 77
13 77
12 77
11 77
10 77
10 76
9 76
8 76
8 75
7 75
6 75
5 75
5 74
5 73
4 73
4 72
3 72
2 72
1 72
1 71
1 70
1 69
