5 51
5 52
6 52
6 53
6 54
6 55
7 55
7 56
7 57
7 58
7 59
7 60
7 61
8 61
9 61
9 62
9 63
9 64
9 65
9 66
9 67
10 67
11 67
11 68
11 69
11 70
11 71
11 72
11 73
11 74
11 75
11 76
11 77
12 77
13 77
13 78
14 78
14 79
15 79
16 79
16 80
16 81
16 82
17 82
17 83
18 83
19 83
20 83
20 84
21 84
22 84
22 85
23 85
23 86
24 86
25 86
25 87
26 87
27 87
27 88
28 88
29 88
30 88
31 88
31 89
32 89
33 89
34 89
35 89
35 88
36 88
37 88
37 89
38 89
39 89
40 89
40 90
41 90
42 90
43 90
43 89
44 89
45 89
46 89
46 90
47 90
48 90
48 91
49 91
50 91
51 91
51 92
