24 12
25 12
26 12
27 12
28 12
28 11
29 11
30 11
31 11
31 12
31 13
31 14
32 14
32 15
33 15
33 16
33 17
34 17
35 17
35 18
36 18
37 18
37 19
37 20
38 20
38 21
38 22
38 23
38 24
39 24
40 24
40 25
41 25
41 26
41 27
41 28
42 28
42 29
42 30
42 31
42 32
42 33
42 34
43 34
43 35
44 35
44 36
44 37
44 38
44 39
44 40
44 41
44 42
44 43
44 44
44 45
44 46
45 46
46 46
46 47
46 48
46 49
46 50
46 51
46 52
46 53
46 54
47 54
48 54
48 55
49 55
50 55
51 55
52 55
53 55
53 56
54 56
55 56
56 56
57 56
57 57
57 58
57 59
57 60
57 61
57 62
57 63
57 64
57 65
58 65
59 65
60 65
61 65
61 66
61 67
62 67
62 68
63 68
64 68
65 68
66 68
67 68
68 68
68 69
68 70
69 70
70 70
71 70
72 70
73 70
73 71
73 72
73 73
73 74
73 75
73 76
74 76
75 76
76 76
77 76
78 76
79 76
