1 82
1 81
1 80
1 79
2 79
3 79
3 78
3 77
3 76
3 75
3 74
3 73
3 72
4 72
4 71
4 70
5 70
6 70
6 69
6 68
7 68
8 68
9 68
9 67
9 66
9 65
9 64
9 63
10 63
11 63
12 63
12 62
12 61
12 60
12 59
12 58
13 58
13 57
14 57
15 57
16 57
17 57
18 57
18 56
19 56
20 56
21 56
21 55
22 55
23 55
24 55
24 54
25 54
25 53
25 52
26 52
27 52
28 52
29 52
30 52
30 51
30 50
30 49
30 48
30 47
31 47
31 46
32 46
32 45
33 45
34 45
35 45
36 45
37 45
38 45
39 45
39 44
39 43
40 43
41 43
41 42
41 41
41 40
41 39
42 39
43 39
44 39
45 39
46 39
47 39
48 39
49 39
49 38
49 37
50 37
51 37
51 36
51 35
51 34
51 33
51 32
51 31
52 31
53 31
53 30
53 29
53 28
53 27
53 26
53 25
53 24
53 23
53 22
53 21
53 20
53 19
53 18
53 17
53 16
53 15
53 14
53 13
53 12
53 11
54 11
55 11
55 10
56 10
57 10
57 9
57 8
57 7
57 6
58 6
59 6
60 6
61 6
61 5
61 4
62 4
63 4
64 4
65 4
65 3
65 2
66 2
66 1
67 1
68 1
68 2
69 2
70 2
