43 6
43 7
43 8
43 9
43 10
42 10
41 10
40 10
40 11
39 11
39 12
39 13
39 14
39 15
39 16
39 17
39 18
39 19
39 20
40 20
40 21
41 21
42 21
43 21
43 22
43 23
43 24
43 25
43 26
43 27
43 28
43 29
43 30
43 31
43 32
44 32
45 32
46 32
46 33
46 34
46 35
47 35
47 36
48 36
48 37
48 38
49 38
50 38
51 38
52 38
52 39
52 40
53 40
54 40
54 41
54 42
54 43
54 44
54 45
54 46
54 47
54 48
54 49
54 50
54 51
54 52
55 52
56 52
57 52
58 52
58 53
59 53
60 53
61 53
62 53
62 54
63 54
63 55
63 56
63 57
63 58
63 59
64 59
64 60
64 61
64 62
65 62
65 63
65 64
65 65
65 66
66 66
67 66
68 66
69 66
70 66
71 66
71 67
72 67
73 67
74 67
74 68
74 69
74 70
74 71
74 72
74 73
74 74
75 74
76 74
77 74
77 75
78 75
78 76
78 77
78 78
78 79
79 79
80 79
80 80
81 80
81 81
82 81
82 82
83 82
83 83
84 83
85 83
85 84
86 84
86 85
87 85
87 86
