42 11
42 12
42 13
43 13
43 14
44 14
45 14
46 14
47 14
47 15
48 15
48 16
48 17
48 18
48 19
48 20
48 21
49 21
50 21
51 21
52 21
53 21
54 21
55 21
56 21
56 22
57 22
58 22
59 22
59 21
60 21
61 21
62 21
62 22
62 23
62 24
62 25
63 25
64 25
64 26
65 26
65 27
66 27
66 28
66 29
67 29
68 29
68 30
69 30
69 31
70 31
70 32
70 33
70 34
71 34
71 35
71 36
72 36
73 36
73 37
73 38
73 39
73 40
74 40
75 40
75 41
75 42
75 43
75 44
75 45
76 45
76 46
76 47
76 48
76 49
77 49
78 49
79 49
80 49
80 50
80 51
80 52
80 53
81 53
81 54
81 55
81 56
81 57
82 57
83 57
83 58
83 59
83 60
83 61
83 62
84 62
84 63
84 64
85 64
86 64
87 64
88 64
88 65
88 66
88 67
88 68
88 69
88 70
88 71
88 72
88 73
88 74
87 74
87 75
87 76
87 77
87 78
86 78
85 78
84 78
83 78
82 78
82 79
82 80
82 81
82 82
83 82
