21 19
21 20
21 21
20 21
20 22
20 23
19 23
18 23
18 24
18 25
18 26
18 27
19 27
19 28
19 29
19 30
19 31
19 32
19 33
19 34
20 34
20 35
20 36
21 36
21 37
21 38
21 39
21 40
20 40
20 41
20 42
20 43
20 44
20 45
20 46
19 46
18 46
17 46
17 47
17 48
17 49
17 50
16 50
15 50
15 51
15 52
15 53
16 53
17 53
17 54
17 55
16 55
16 56
15 56
15 57
15 58
15 59
15 60
15 61
15 62
14 62
13 62
13 63
13 64
13 65
14 65
15 65
15 66
15 67
15 68
15 69
15 70
15 71
15 72
15 73
15 74
14 74
13 74
13 75
13 76
13 77
13 78
13 79
13 80
12 80
12 81
12 82
11 82
10 82
9 82
8 82
8 83
8 84
8 85
8 86
8 87
8 88
