52 83
51 83
50 83
49 83
48 83
47 83
47 82
47 81
46 81
46 80
45 80
45 79
45 78
45 77
45 76
45 75
45 74
45 73
44 73
43 73
43 72
43 71
43 70
43 69
43 68
43 67
43 66
43 65
42 65
41 65
40 65
39 65
39 64
39 63
39 62
38 62
38 61
38 60
38 59
38 58
37 58
37 57
37 56
36 56
35 56
35 55
34 55
34 54
34 53
35 53
35 52
36 52
36 51
36 50
37 50
37 49
37 48
37 47
37 46
37 45
37 44
37 43
37 42
38 42
38 41
39 41
39 40
39 39
39 38
39 37
39 36
40 36
40 35
40 34
40 33
39 33
39 32
39 31
39 30
39 29
39 28
39 27
39 26
39 25
39 24
39 23
38 23
38 22
38 21
38 20
38 19
38 18
