35 94
35 93
35 92
35 91
35 90
35 89
36 89
37 89
37 88
38 88
38 87
38 86
39 86
39 85
39 84
40 84
40 83
40 82
40 81
40 80
40 79
41 79
41 78
41 77
42 77
42 76
42 75
43 75
44 75
45 75
46 75
46 74
47 74
48 74
49 74
50 74
50 73
50 72
50 71
51 71
52 71
52 70
52 69
53 69
54 69
55 69
56 69
57 69
58 69
59 69
59 68
59 67
60 67
61 67
61 66
62 66
63 66
64 66
65 66
66 66
67 66
67 67
68 67
69 67
69 66
70 66
70 65
71 65
72 65
73 65
74 65
75 65
76 65
76 64
77 64
77 63
77 62
78 62
79 62
80 62
80 61
80 60
81 60
82 60
82 59
82 58
82 57
82 56
82 55
82 54
83 54
84 54
84 53
85 53
86 53
86 52
87 52
