94 24
94 25
93 25
92 25
92 26
92 27
91 27
90 27
89 27
88 27
88 28
87 28
87 29
87 30
86 30
85 30
84 30
84 31
84 32
83 32
83 33
82 33
81 33
81 34
80 34
80 35
80 36
79 36
78 36
77 36
76 36
76 37
75 37
74 37
73 37
72 37
71 37
71 38
71 39
70 39
69 39
68 39
67 39
66 39
65 39
64 39
63 39
62 39
62 40
62 41
62 42
61 42
61 43
60 43
59 43
59 44
58 44
57 44
57 45
56 45
56 46
55 46
55 47
55 48
55 49
55 50
54 50
53 50
52 50
52 51
51 51
50 51
49 51
48 51
48 52
47 52
46 52
45 52
45 51
44 51
43 51
43 52
43 53
42 53
41 53
40 53
39 53
38 53
37 53
36 53
35 53
34 53
33 53
33 54
32 54
31 54
30 54
29 54
28 54
27 54
26 54
25 54
24 54
23 54
23 55
22 55
22 56
22 57
21 57
21 58
21 59
20 59
20 60
19 60
18 60
18 61
18 62
17 62
17 63
16 63
16 64
16 65
15 65
15 66
15 67
14 67
14 68
13 68
12 68
11 68
11 69
10 69
10 70
10 71
9 71
9 72
9 73
8 73
7 73
7 74
7 75
