91 16
90 16
89 16
88 16
87 16
86 16
86 17
86 18
87 18
87 19
87 20
86 20
85 20
85 21
85 22
85 23
85 24
85 25
85 26
85 27
85 28
85 29
84 29
84 30
84 31
84 32
83 32
83 33
82 33
81 33
81 34
80 34
80 35
80 36
79 36
78 36
77 36
77 37
77 38
77 39
76 39
76 40
75 40
74 40
73 40
73 41
72 41
72 42
71 42
70 42
70 43
69 43
68 43
68 44
67 44
66 44
66 45
65 45
64 45
64 46
63 46
63 47
63 48
62 48
62 49
62 50
61 50
61 51
60 51
60 52
60 53
59 53
59 54
59 55
59 56
59 57
59 58
59 59
59 60
58 60
58 61
58 62
58 63
58 64
58 65
58 66
57 66
56 66
56 67
56 68
56 69
56 70
56 71
55 71
55 72
54 72
53 72
53 73
52 73
51 73
50 73
50 74
50 75
50 76
50 77
49 77
49 78
48 78
48 79
48 80
48 81
48 82
48 83
47 83
46 83
46 82
45 82
44 82
44 83
43 83
43 84
43 85
43 86
43 87
42 87
42 88
42 89
42 90
41 90
41 91
41 92
41 93
40 93
39 93
38 93
37 93
36 93
35 93
34 93
33 93
