52 99
51 99
51 98
51 97
51 96
51 95
51 94
51 93
51 92
51 91
50 91
49 91
49 90
49 89
48 89
47 89
46 89
45 89
44 89
43 89
42 89
41 89
40 89
40 88
40 87
39 87
38 87
38 86
37 86
37 85
36 85
36 84
35 84
35 83
35 82
34 82
34 81
34 80
33 80
33 79
33 78
32 78
31 78
31 77
31 76
30 76
29 76
29 75
29 74
28 74
27 74
26 74
26 73
26 72
25 72
24 72
23 72
23 71
23 70
23 69
22 69
22 68
22 67
22 66
22 65
22 64
22 63
21 63
21 62
21 61
20 61
20 60
20 59
20 58
19 58
19 57
18 57
18 56
17 56
17 55
17 54
17 53
17 52
16 52
16 51
15 51
14 51
13 51
12 51
11 51
10 51
9 51
8 51
7 51
6 51
6 50
6 49
6 48
6 47
6 46
6 45
6 44
6 43
5 43
5 42
5 41
