11 41
11 42
11 43
12 43
13 43
14 43
15 43
15 44
16 44
16 45
16 46
16 47
16 48
16 49
16 50
16 51
16 52
17 52
17 53
17 54
17 55
18 55
19 55
20 55
20 56
21 56
22 56
23 56
24 56
25 56
26 56
27 56
27 57
28 57
28 58
29 58
30 58
30 59
30 60
30 61
30 62
30 63
31 63
31 64
31 65
31 66
31 67
32 67
33 67
33 68
34 68
35 68
35 69
35 70
36 70
36 71
37 71
38 71
38 72
38 73
39 73
40 73
40 74
41 74
41 75
41 76
42 76
43 76
44 76
45 76
45 77
45 78
46 78
46 79
46 80
47 80
47 81
48 81
49 81
50 81
50 82
50 83
50 84
50 85
50 86
51 86
52 86
52 87
53 87
54 87
54 88
55 88
56 88
57 88
57 89
57 90
57 91
58 91
59 91
60 91
61 91
61 92
62 92
63 92
