85 46
85 47
85 48
85 49
85 50
85 51
84 51
84 52
84 53
84 54
84 55
84 56
84 57
83 57
83 58
83 59
82 59
81 59
81 60
80 60
79 60
79 61
79 62
79 63
79 64
78 64
78 65
78 66
78 67
78 68
77 68
76 68
75 68
75 69
74 69
73 69
73 70
73 71
73 72
73 73
73 74
73 75
73 76
72 76
72 77
72 78
72 79
71 79
70 79
69 79
68 79
67 79
66 79
65 79
64 79
64 80
64 81
64 82
64 83
63 83
63 84
62 84
62 85
62 86
62 87
61 87
61 88
61 89
60 89
59 89
58 89
57 89
57 90
57 91
56 91
56 92
56 93
55 93
54 93
54 94
53 94
52 94
51 94
50 94
50 93
50 92
51 92
51 91
