14 44
15 44
16 44
17 44
18 44
19 44
20 44
21 44
22 44
22 45
23 45
24 45
25 45
26 45
26 46
27 46
28 46
28 47
28 48
29 48
30 48
31 48
31 49
32 49
33 49
34 49
35 49
36 49
37 49
38 49
39 49
39 50
39 51
39 52
40 52
41 52
42 52
43 52
44 52
44 51
45 51
46 51
47 51
48 51
49 51
50 51
51 51
52 51
53 51
54 51
55 51
56 51
56 50
57 50
58 50
58 51
58 52
58 53
58 54
58 55
58 56
59 56
60 56
61 56
62 56
63 56
64 56
64 57
65 57
66 57
66 58
67 58
67 59
68 59
69 59
70 59
70 60
70 61
71 61
71 62
71 63
72 63
73 63
74 63
75 63
76 63
77 63
78 63
79 63
79 64
80 64
81 64
82 64
82 65
83 65
84 65
85 65
86 65
86 66
87 66
88 66
89 66
89 67
90 67
90 68
91 68
91 69
92 69
93 69
94 69
95 69
95 70
95 71
95 72
95 73
95 74
95 75
95 76
95 77
