80 20
80 21
80 22
80 23
80 24
81 24
81 25
81 26
81 27
81 28
81 29
81 30
81 31
82 31
83 31
84 31
84 32
84 33
84 34
84 35
84 36
84 37
84 38
84 39
84 40
84 41
84 42
84 43
85 43
85 44
85 45
85 46
86 46
86 47
86 48
86 49
86 50
86 51
86 52
86 53
87 53
88 53
89 53
89 54
89 55
90 55
90 56
90 57
90 58
90 59
90 60
90 61
91 61
92 61
92 62
92 63
92 64
92 65
93 65
93 66
93 67
93 68
93 69
93 70
93 71
94 71
95 71
96 71
97 71
97 72
98 72
98 73
98 74
98 75
98 76
97 76
97 77
97 78
97 79
97 80
97 81
97 82
96 82
96 83
96 84
95 84
94 84
94 85
94 86
93 86
93 87
92 87
92 88
91 88
91 89
