11 88
11 87
11 86
11 85
11 84
11 83
11 82
11 81
12 81
12 80
13 80
14 80
14 79
14 78
13 78
13 77
13 76
13 75
13 74
13 73
13 72
13 71
13 70
14 70
14 69
14 68
14 67
15 67
16 67
16 66
16 65
17 65
18 65
18 64
19 64
19 63
19 62
19 61
20 61
21 61
22 61
23 61
23 60
23 59
23 58
23 57
24 57
24 56
24 55
24 54
24 53
24 52
25 52
26 52
27 52
28 52
29 52
29 51
30 51
31 51
32 51
32 50
32 49
31 49
31 48
31 47
31 46
31 45
31 44
31 43
30 43
29 43
28 43
28 42
28 41
28 40
28 39
28 38
28 37
27 37
27 36
27 35
27 34
27 33
27 32
27 31
26 31
26 30
25 30
25 29
24 29
23 29
22 29
21 29
21 28
20 28
20 27
19 27
19 26
18 26
17 26
16 26
15 26
15 27
14 27
13 27
12 27
12 26
12 25
12 24
12 23
12 22
12 21
