77 1
76 1
76 2
75 2
75 3
74 3
73 3
73 4
73 5
73 6
74 6
75 6
75 7
75 8
74 8
73 8
73 9
73 10
73 11
72 11
72 12
71 12
70 12
70 13
69 13
68 13
67 13
66 13
66 12
66 11
65 11
64 11
64 10
63 10
62 10
62 9
61 9
60 9
59 9
58 9
57 9
57 10
56 10
55 10
54 10
53 10
52 10
51 10
50 10
49 10
48 10
47 10
46 10
45 10
44 10
43 10
43 11
42 11
42 12
41 12
40 12
40 13
39 13
38 13
38 12
37 12
36 12
35 12
34 12
34 13
33 13
32 13
31 13
31 12
30 12
29 12
28 12
27 12
27 13
26 13
26 14
26 15
26 16
26 17
25 17
24 17
23 17
22 17
22 18
21 18
21 19
