46 11
46 12
47 12
47 13
48 13
49 13
50 13
50 14
51 14
52 14
53 14
54 14
54 15
54 16
55 16
56 16
57 16
57 17
58 17
59 17
59 18
60 18
60 19
61 19
62 19
62 20
62 21
62 22
63 22
64 22
65 22
66 22
67 22
68 22
69 22
70 22
70 23
70 24
71 24
71 25
71 26
72 26
73 26
74 26
74 27
74 28
75 28
76 28
76 29
76 30
77 30
77 31
77 32
78 32
79 32
79 33
80 33
81 33
81 34
82 34
82 35
82 36
82 37
82 38
82 39
82 40
82 41
81 41
81 42
81 43
81 44
82 44
82 45
82 46
81 46
81 47
81 48
81 49
81 50
81 51
81 52
81 53
81 54
81 55
80 55
80 56
