62 98
62 97
62 96
62 95
62 94
62 93
63 93
63 92
63 91
63 90
63 89
63 88
63 87
63 86
63 85
63 84
63 83
62 83
61 83
61 82
61 81
61 80
60 80
60 79
60 78
60 77
59 77
59 76
59 75
59 74
59 73
59 72
59 71
59 70
59 69
59 68
59 67
58 67
57 67
57 66
56 66
56 65
56 64
56 63
56 62
55 62
55 61
55 60
55 59
55 58
55 57
55 56
55 55
55 54
54 54
54 53
54 52
54 51
54 50
54 49
54 48
53 48
53 47
52 47
51 47
50 47
49 47
49 46
49 45
49 44
48 44
47 44
46 44
46 43
46 42
45 42
44 42
43 42
42 42
41 42
41 41
40 41
39 41
38 41
37 41
37 40
36 40
35 40
34 40
34 39
34 38
34 37
34 36
33 36
33 35
32 35
31 35
31 34
31 33
31 32
31 31
31 30
30 30
29 30
29 29
28 29
28 28
28 27
28 26
28 25
27 25
27 24
27 23
27 22
27 21
27 20
27 19
27 18
27 17
27 16
26 16
25 16
25 15
25 14
24 14
24 13
24 12
24 11
25 11
26 11
27 11
27 12
