15 45
15 46
16 46
16 47
16 48
16 49
16 50
16 51
16 52
16 53
16 54
17 54
17 55
17 56
17 57
16 57
16 58
16 59
16 60
16 61
17 61
18 61
18 62
18 63
19 63
19 64
20 64
20 65
21 65
22 65
23 65
24 65
25 65
25 66
25 67
25 68
26 68
27 68
28 68
29 68
30 68
31 68
32 68
33 68
34 68
35 68
36 68
37 68
38 68
39 68
40 68
41 68
41 67
42 67
42 66
43 66
44 66
44 67
44 68
44 69
45 69
45 70
45 71
45 72
45 73
46 73
47 73
47 74
48 74
49 74
50 74
51 74
52 74
53 74
54 74
55 74
55 75
55 76
56 76
56 77
56 78
56 79
56 80
57 80
58 80
59 80
59 81
59 82
58 82
58 83
58 84
59 84
59 85
60 85
61 85
62 85
63 85
64 85
64 86
64 87
65 87
66 87
66 86
67 86
67 85
