91 79
91 80
90 80
90 81
89 81
88 81
87 81
86 81
85 81
85 80
85 79
84 79
83 79
83 78
83 77
82 77
82 76
82 75
82 74
81 74
80 74
80 73
80 72
80 71
79 71
79 70
79 69
79 68
79 67
79 66
78 66
77 66
77 65
77 64
76 64
76 63
75 63
75 62
75 61
75 60
75 59
75 58
75 57
76 57
76 56
76 55
75 55
74 55
74 54
74 53
74 52
74 51
74 50
74 49
73 49
73 48
72 48
71 48
70 48
70 47
70 46
70 45
70 44
70 43
69 43
69 42
69 41
68 41
67 41
66 41
65 41
64 41
63 41
63 40
63 39
63 38
63 37
63 36
62 36
62 35
61 35
60 35
59 35
58 35
58 34
58 33
58 32
58 31
57 31
57 30
57 29
57 28
57 27
56 27
56 26
55 26
54 26
53 26
52 26
51 26
50 26
50 25
49 25
49 24
49 23
49 22
48 22
48 21
48 20
48 19
47 19
46 19
46 18
46 17
46 16
