98 13
97 13
96 13
95 13
94 13
93 13
92 13
92 14
91 14
91 15
91 16
91 17
90 17
90 18
89 18
88 18
87 18
86 18
85 18
84 18
84 19
84 20
84 21
84 22
84 23
84 24
83 24
82 24
81 24
81 25
81 26
81 27
81 28
81 29
81 30
80 30
79 30
79 31
79 32
78 32
77 32
77 33
76 33
76 34
76 35
75 35
75 36
75 37
74 37
73 37
72 37
71 37
70 37
69 37
68 37
67 37
66 37
65 37
64 37
63 37
62 37
62 38
62 39
62 40
62 41
61 41
61 42
61 43
61 44
61 45
61 46
60 46
59 46
59 47
58 47
57 47
57 48
57 49
57 50
56 50
55 50
55 51
54 51
54 52
53 52
52 52
52 53
52 54
52 55
52 56
52 57
51 57
51 58
50 58
50 59
50 60
50 61
49 61
49 62
49 63
48 63
47 63
47 64
47 65
47 66
47 67
47 68
47 69
47 70
47 71
47 72
46 72
45 72
45 73
45 74
45 75
45 76
45 77
44 77
44 78
44 79
44 80
44 81
44 82
44 83
44 84
44 85
43 85
43 86
