93 40
92 40
91 40
91 39
91 38
91 37
90 37
89 37
88 37
88 36
87 36
86 36
85 36
84 36
83 36
82 36
82 35
81 35
80 35
80 36
79 36
78 36
77 36
76 36
75 36
75 35
74 35
73 35
73 34
73 33
73 32
73 31
73 30
72 30
72 29
71 29
70 29
69 29
69 28
68 28
67 28
66 28
65 28
64 28
64 27
64 26
64 25
64 24
63 24
63 23
63 22
63 21
63 20
62 20
62 19
62 18
61 18
61 17
61 16
60 16
60 15
59 15
58 15
57 15
56 15
56 14
56 13
55 13
54 13
54 12
53 12
52 12
51 12
51 13
50 13
49 13
48 13
48 14
48 15
48 16
49 16
49 17
50 17
51 17
51 16
