52 92
52 93
51 93
50 93
49 93
48 93
48 92
48 91
47 91
47 90
47 89
47 88
47 87
46 87
46 86
46 85
45 85
44 85
43 85
43 84
42 84
42 83
41 83
41 82
40 82
39 82
38 82
37 82
36 82
36 81
35 81
34 81
33 81
33 80
33 79
32 79
31 79
31 78
30 78
30 77
29 77
28 77
27 77
27 76
27 75
26 75
25 75
24 75
23 75
22 75
21 75
20 75
19 75
19 74
18 74
17 74
17 73
17 72
17 71
17 70
17 69
17 68
17 67
17 66
16 66
16 65
15 65
14 65
14 64
14 63
14 62
13 62
13 61
13 60
13 59
13 58
13 57
12 57
11 57
11 56
10 56
9 56
9 55
9 54
9 53
9 52
8 52
8 51
7 51
6 51
6 50
5 50
4 50
4 49
4 48
4 47
3 47
2 47
2 46
2 45
2 44
2 43
3 43
4 43
