99 98
98 98
98 97
98 96
98 95
98 94
98 93
97 93
96 93
95 93
95 92
95 91
95 90
95 89
94 89
93 89
92 89
92 88
91 88
90 88
89 88
89 87
89 86
88 86
87 86
87 85
87 84
87 83
86 83
86 82
85 82
84 82
83 82
83 81
82 81
82 80
82 79
82 78
82 77
82 76
82 75
83 75
83 74
83 73
82 73
82 72
82 71
82 70
81 70
81 69
81 68
81 67
80 67
79 67
78 67
78 66
78 65
79 65
79 64
79 63
79 62
78 62
78 61
78 60
78 59
78 58
78 57
77 57
76 57
75 57
75 56
75 55
75 54
75 53
75 52
74 52
73 52
72 52
72 51
72 50
72 49
72 48
71 48
70 48
70 47
70 46
70 45
70 44
70 43
70 42
69 42
