80 39
79 39
78 39
78 38
77 38
76 38
75 38
74 38
73 38
72 38
72 37
72 36
72 35
72 34
71 34
70 34
69 34
68 34
68 33
67 33
66 33
65 33
64 33
63 33
63 34
62 34
61 34
60 34
60 33
59 33
58 33
57 33
57 34
56 34
55 34
54 34
53 34
52 34
51 34
51 33
50 33
49 33
48 33
47 33
46 33
45 33
44 33
44 32
44 31
44 30
43 30
42 30
41 30
41 31
40 31
39 31
38 31
38 30
37 30
36 30
35 30
34 30
33 30
33 31
32 31
31 31
30 31
30 32
29 32
28 32
27 32
27 33
27 34
27 35
26 35
26 36
25 36
24 36
23 36
22 36
22 37
21 37
20 37
20 38
20 39
20 40
20 41
20 42
20 43
19 43
19 44
19 45
19 46
18 46
18 47
18 48
18 49
18 50
18 51
17 51
17 52
