67 17
66 17
65 17
64 17
64 18
64 19
64 20
63 20
62 20
61 20
61 21
60 21
60 22
59 22
58 22
57 22
56 22
56 23
56 24
56 25
56 26
56 27
56 28
56 29
56 30
56 31
56 32
55 32
55 33
55 34
55 35
55 36
55 37
54 37
54 38
53 38
53 39
52 39
52 40
51 40
51 41
50 41
49 41
49 42
48 42
47 42
46 42
45 42
45 43
44 43
44 44
43 44
42 44
42 45
41 45
40 45
40 46
40 47
39 47
38 47
38 48
38 49
38 50
38 51
38 52
38 53
38 54
38 55
38 56
38 57
38 58
38 59
38 60
38 61
37 61
37 62
37 63
37 64
37 65
36 65
36 66
36 67
36 68
36 69
36 70
36 71
36 72
36 73
35 73
34 73
34 74
33 74
33 75
33 76
33 77
33 78
33 79
34 79
34 80
34 81
34 82
35 82
35 83
35 84
35 85
35 86
35 87
35 88
35 89
36 89
37 89
37 90
37 91
37 92
37 93
