87 93
87 92
86 92
85 92
84 92
83 92
83 91
83 90
82 90
81 90
81 89
81 88
80 88
80 87
79 87
78 87
77 87
76 87
76 86
76 85
75 85
75 84
74 84
73 84
73 83
73 82
72 82
71 82
70 82
69 82
69 81
69 80
69 79
69 78
69 77
69 76
69 75
69 74
69 73
68 73
68 72
68 71
68 70
68 69
68 68
68 67
68 66
69 66
69 65
69 64
68 64
67 64
66 64
66 63
65 63
65 62
64 62
63 62
63 61
62 61
61 61
61 60
61 59
61 58
61 57
60 57
59 57
58 57
58 56
58 55
58 54
58 53
57 53
56 53
56 52
56 51
56 50
56 49
56 48
56 47
56 46
56 45
56 44
56 43
56 42
56 41
56 40
56 39
56 38
56 37
56 36
56 35
55 35
54 35
53 35
52 35
52 34
52 33
52 32
52 31
52 30
52 29
52 28
52 27
52 26
52 25
51 25
51 24
51 23
51 22
51 21
51 20
50 20
50 19
50 18
50 17
51 17
