65 15
65 16
64 16
64 17
64 18
63 18
62 18
62 19
61 19
61 20
60 20
59 20
58 20
57 20
56 20
56 21
56 22
55 22
54 22
53 22
53 23
53 24
53 25
53 26
53 27
53 28
53 29
53 30
53 31
52 31
51 31
51 32
51 33
51 34
51 35
51 36
51 37
50 37
49 37
49 38
49 39
48 39
47 39
46 39
45 39
44 39
43 39
42 39
41 39
41 40
41 41
41 42
41 43
40 43
39 43
39 44
39 45
38 45
37 45
36 45
36 46
36 47
36 48
36 49
36 50
36 51
36 52
36 53
36 54
36 55
36 56
36 57
36 58
36 59
36 60
36 61
36 62
36 63
36 64
35 64
34 64
33 64
33 65
33 66
32 66
31 66
30 66
30 65
29 65
28 65
27 65
26 65
25 65
25 66
