52 82
52 81
52 80
51 80
51 79
51 78
50 78
50 77
50 76
49 76
48 76
47 76
47 75
47 74
47 73
46 73
45 73
44 73
44 72
44 71
44 70
45 70
45 69
45 68
45 67
45 66
45 65
46 65
46 64
46 63
46 62
46 61
46 60
46 59
46 58
46 57
46 56
46 55
46 54
46 53
46 52
47 52
48 52
49 52
50 52
51 52
51 51
51 50
52 50
53 50
54 50
54 49
54 48
54 47
54 46
54 45
55 45
56 45
57 45
57 44
57 43
58 43
58 42
58 41
58 40
59 40
60 40
61 40
62 40
63 40
63 39
63 38
63 37
64 37
65 37
65 36
65 35
66 35
67 35
68 35
68 34
69 34
69 33
69 32
69 31
70 31
71 31
71 30
71 29
72 29
72 28
72 27
72 26
72 25
72 24
72 23
72 22
73 22
73 21
73 20
74 20
75 20
76 20
77 20
78 20
79 20
80 20
81 20
