30 5
31 5
32 5
33 5
33 6
34 6
35 6
35 7
35 8
34 8
34 9
34 10
34 11
34 12
33 12
33 13
33 14
33 15
33 16
33 17
33 18
33 19
34 19
34 20
34 21
34 22
34 23
35 23
35 24
35 25
35 26
35 27
35 28
35 29
35 30
35 31
35 32
35 33
34 33
34 34
34 35
34 36
34 37
34 38
34 39
34 40
34 41
34 42
34 43
35 43
35 44
36 44
36 45
37 45
38 45
39 45
39 46
39 47
38 47
38 48
37 48
37 49
36 49
35 49
34 49
34 50
33 50
32 50
31 50
30 50
30 51
30 52
30 53
29 53
29 54
29 55
29 56
29 57
28 57
27 57
27 58
27 59
27 60
27 61
27 62
27 63
27 64
27 65
26 65
25 65
25 66
25 67
25 68
24 68
24 69
24 70
24 71
24 72
24 73
24 74
24 75
24 76
23 76
23 77
22 77
22 78
22 79
21 79
21 80
21 81
21 82
21 83
21 84
21 85
22 85
23 85
24 85
