32 46
32 47
33 47
34 47
35 47
36 47
37 47
38 47
39 47
40 47
41 47
41 46
42 46
43 46
44 46
45 46
45 45
46 45
47 45
47 44
48 44
49 44
49 45
49 46
49 47
50 47
51 47
52 47
52 48
52 49
52 50
53 50
54 50
54 51
54 52
55 52
56 52
57 52
58 52
59 52
60 52
61 52
62 52
62 53
63 53
64 53
65 53
65 54
65 55
65 56
66 56
66 57
67 57
68 57
69 57
70 57
71 57
72 57
73 57
73 58
74 58
75 58
75 59
75 60
75 61
76 61
76 62
77 62
77 63
78 63
79 63
80 63
80 64
81 64
82 64
83 64
84 64
85 64
86 64
87 64
87 65
87 66
87 67
88 67
88 68
88 69
