11 11
10 11
10 12
10 13
10 14
11 14
12 14
13 14
14 14
15 14
16 14
17 14
17 15
18 15
18 16
18 17
18 18
18 19
19 19
20 19
21 19
22 19
23 19
23 20
23 21
23 22
24 22
24 23
24 24
24 25
25 25
25 26
26 26
26 27
26 28
26 29
27 29
28 29
28 30
29 30
30 30
30 31
30 32
30 33
30 34
31 34
32 34
32 35
33 35
34 35
34 36
34 37
34 38
35 38
35 39
35 40
35 41
35 42
35 43
35 44
35 45
35 46
35 47
36 47
36 48
36 49
37 49
37 50
37 51
37 52
37 53
37 54
37 55
37 56
37 57
37 58
37 59
37 60
37 61
38 61
38 62
38 63
38 64
38 65
38 66
38 67
38 68
38 69
38 70
38 71
38 72
38 73
38 74
38 75
38 76
38 77
38 78
38 79
37 79
36 79
36 80
35 80
35 81
35 82
35 83
35 84
35 85
36 85
36 86
36 87
36 88
36 89
36 90
36 91
36 92
37 92
38 92
