5 10
6 10
7 10
7 11
8 11
9 11
10 11
11 11
12 11
12 12
12 13
12 14
12 15
12 16
12 17
12 18
13 18
13 19
14 19
14 20
15 20
15 21
16 21
17 21
18 21
19 21
19 22
19 23
20 23
20 24
21 24
21 25
21 26
21 27
21 28
21 29
21 30
21 31
21 32
21 33
22 33
22 34
22 35
22 36
23 36
24 36
24 37
24 38
25 38
26 38
27 38
27 39
28 39
29 39
29 40
29 41
29 42
29 43
30 43
30 44
30 45
30 46
30 47
30 48
30 49
30 50
31 50
32 50
33 50
34 50
35 50
36 50
37 50
38 50
38 51
38 52
39 52
40 52
40 53
40 54
40 55
41 55
41 56
42 56
43 56
44 56
44 57
45 57
46 57
46 58
46 59
46 60
46 61
46 62
46 63
46 64
47 64
47 65
47 66
48 66
48 67
48 68
49 68
49 69
49 70
50 70
50 71
50 72
50 73
50 74
50 75
50 76
51 76
52 76
52 77
52 78
52 79
52 80
52 81
52 82
53 82
54 82
55 82
56 82
57 82
58 82
59 82
59 83
59 84
58 84
57 84
56 84
55 84
55 85
55 86
55 87
55 88
55 89
55 90
54 90
