27 68
27 67
28 67
28 66
29 66
29 65
29 64
30 64
31 64
32 64
33 64
34 64
35 64
35 63
35 62
36 62
37 62
38 62
38 61
38 60
38 59
39 59
40 59
41 59
41 60
42 60
43 60
44 60
44 59
45 59
46 59
47 59
47 58
48 58
49 58
49 57
49 56
50 56
50 55
51 55
51 54
52 54
53 54
53 53
53 52
53 51
53 50
54 50
55 50
56 50
57 50
58 50
59 50
60 50
61 50
62 50
63 50
64 50
65 50
66 50
66 49
66 48
67 48
67 47
67 46
67 45
67 44
67 43
68 43
69 43
69 42
69 41
70 41
71 41
72 41
73 41
73 40
74 40
74 39
74 38
75 38
76 38
77 38
78 38
79 38
80 38
81 38
82 38
83 38
83 37
