97 78
97 77
97 76
97 75
96 75
96 74
96 73
96 72
96 71
96 70
96 69
96 68
96 67
95 67
94 67
94 66
94 65
94 64
94 63
94 62
93 62
92 62
92 61
91 61
91 60
90 60
89 60
88 60
88 59
88 58
88 57
87 57
87 56
87 55
86 55
86 54
85 54
85 53
85 52
85 51
85 50
85 49
84 49
83 49
83 48
83 47
82 47
81 47
81 46
81 45
81 44
81 43
81 42
80 42
79 42
79 41
79 40
79 39
79 38
78 38
77 38
76 38
75 38
74 38
73 38
72 38
72 37
72 36
72 35
72 34
72 33
72 32
72 31
71 31
71 30
70 30
69 30
68 30
67 30
67 29
67 28
66 28
66 27
66 26
66 25
66 24
66 23
65 23
64 23
64 22
64 21
63 21
62 21
61 21
61 20
60 20
59 20
59 19
58 19
58 18
58 17
57 17
56 17
55 17
54 17
53 17
53 16
53 15
53 14
52 14
52 13
52 12
