80 69
80 70
79 70
78 70
77 70
77 71
77 72
77 73
76 73
75 73
74 73
73 73
73 74
72 74
72 75
71 75
70 75
69 75
69 74
68 74
67 74
67 75
66 75
65 75
64 75
64 76
63 76
62 76
61 76
60 76
59 76
58 76
57 76
57 75
56 75
55 75
54 75
53 75
52 75
51 75
50 75
49 75
48 75
47 75
47 76
46 76
46 77
46 78
46 79
46 80
45 80
45 81
45 82
45 83
45 84
45 85
45 86
45 87
44 87
43 87
43 88
43 89
42 89
41 89
41 90
41 91
40 91
39 91
39 90
38 90
37 90
37 91
37 92
37 93
37 94
36 94
35 94
35 95
35 96
34 96
33 96
32 96
31 96
30 96
30 97
29 97
28 97
27 97
26 97
25 97
24 97
24 96
24 95
23 95
22 95
21 95
21 96
20 96
20 97
19 97
18 97
17 97
17 96
17 95
17 94
16 94
15 94
14 94
13 94
12 94
11 94
10 94
9 94
8 94
7 94
7 95
6 95
5 95
4 95
3 95
3 94
