96 65
96 64
95 64
95 63
95 62
95 61
95 60
95 59
95 58
95 57
94 57
93 57
92 57
91 57
91 56
91 55
90 55
89 55
88 55
88 54
87 54
87 53
87 52
86 52
85 52
84 52
83 52
82 52
82 53
81 53
80 53
80 52
80 51
79 51
78 51
78 50
77 50
76 50
75 50
74 50
73 50
73 49
73 48
72 48
72 47
72 46
71 46
70 46
69 46
68 46
67 46
66 46
65 46
65 45
65 44
65 43
64 43
63 43
63 42
63 41
63 40
62 40
62 39
61 39
60 39
59 39
58 39
57 39
56 39
55 39
54 39
54 38
54 37
54 36
54 35
54 34
54 33
53 33
52 33
51 33
50 33
49 33
48 33
47 33
46 33
45 33
44 33
44 32
