60 9
61 9
61 10
61 11
62 11
63 11
64 11
65 11
66 11
66 12
66 13
66 14
66 15
66 16
66 17
66 18
66 19
66 20
67 20
68 20
69 20
70 20
71 20
71 21
72 21
73 21
73 22
73 23
73 24
73 25
74 25
75 25
75 26
75 27
75 28
75 29
75 30
75 31
76 31
77 31
77 32
77 33
77 34
77 35
77 36
77 37
77 38
77 39
77 40
78 40
78 41
79 41
79 42
80 42
80 43
80 44
81 44
82 44
83 44
83 45
84 45
85 45
85 46
86 46
87 46
87 47
87 48
87 49
87 50
88 50
88 51
89 51
89 52
90 52
90 53
91 53
91 54
91 55
92 55
92 56
93 56
94 56
94 57
94 58
94 59
