72 80
71 80
70 80
69 80
69 79
69 78
69 77
68 77
68 76
68 75
67 75
66 75
65 75
64 75
64 74
64 73
64 72
65 72
65 71
65 70
64 70
63 70
62 70
61 70
60 70
60 69
60 68
60 67
60 66
60 65
60 64
60 63
60 62
59 62
58 62
58 61
58 60
59 60
60 60
60 59
60 58
60 57
61 57
61 56
61 55
60 55
59 55
59 54
59 53
58 53
57 53
56 53
56 52
56 51
56 50
56 49
56 48
55 48
54 48
54 47
53 47
52 47
52 46
52 45
52 44
52 43
52 42
51 42
51 41
51 40
51 39
51 38
52 38
52 37
52 36
52 35
52 34
51 34
51 33
51 32
51 31
51 30
51 29
51 28
51 27
51 26
51 25
51 24
51 23
52 23
52 22
52 21
52 20
53 20
53 19
54 19
55 19
55 18
55 17
55 16
55 15
55 14
55 13
56 13
