5 35
4 35
4 34
4 33
5 33
6 33
7 33
8 33
9 33
10 33
11 33
11 32
12 32
13 32
14 32
15 32
15 33
16 33
17 33
17 32
17 31
17 30
17 29
17 28
18 28
19 28
20 28
21 28
22 28
23 28
24 28
25 28
26 28
27 28
28 28
29 28
30 28
31 28
31 27
31 26
32 26
33 26
34 26
35 26
36 26
37 26
38 26
39 26
40 26
40 25
41 25
42 25
43 25
44 25
45 25
45 24
46 24
47 24
48 24
49 24
50 24
51 24
52 24
53 24
53 25
53 26
53 27
54 27
55 27
55 28
56 28
57 28
58 28
58 27
59 27
60 27
60 26
61 26
61 25
61 24
61 23
61 22
61 21
61 20
61 19
62 19
63 19
64 19
65 19
66 19
67 19
68 19
69 19
70 19
70 18
71 18
72 18
73 18
74 18
75 18
76 18
76 19
77 19
78 19
79 19
