84 50
83 50
82 50
82 51
81 51
81 52
80 52
80 53
79 53
78 53
78 54
78 55
78 56
78 57
78 58
78 59
78 60
78 61
78 62
78 63
78 64
78 65
78 66
78 67
78 68
77 68
77 69
77 70
77 71
77 72
76 72
76 73
76 74
75 74
74 74
74 75
74 76
74 77
73 77
72 77
71 77
70 77
69 77
69 78
68 78
67 78
66 78
65 78
65 79
65 80
64 80
63 80
62 80
61 80
60 80
60 81
59 81
59 82
58 82
58 83
58 84
58 85
57 85
56 85
55 85
54 85
53 85
52 85
51 85
50 85
49 85
49 86
48 86
48 87
47 87
46 87
45 87
44 87
43 87
42 87
42 88
42 89
41 89
40 89
39 89
38 89
