70 1
70 0
69 0
68 0
68 1
67 1
66 1
65 1
64 1
63 1
62 1
62 2
62 3
62 4
62 5
62 6
62 7
62 8
62 9
62 10
62 11
62 12
62 13
62 14
62 15
61 15
61 16
61 17
60 17
59 17
58 17
57 17
57 18
57 19
57 20
57 21
56 21
56 22
56 23
56 24
55 24
55 25
55 26
54 26
53 26
52 26
52 27
52 28
52 29
52 30
51 30
51 31
51 32
51 33
51 34
51 35
50 35
50 36
49 36
49 37
49 38
49 39
49 40
48 40
47 40
46 40
45 40
45 41
45 42
45 43
44 43
43 43
43 44
43 45
43 46
43 47
42 47
41 47
40 47
39 47
38 47
38 48
38 49
38 50
38 51
38 52
38 53
38 54
37 54
37 55
37 56
36 56
36 57
35 57
35 58
34 58
34 59
34 60
34 61
34 62
34 63
34 64
34 65
33 65
33 66
32 66
32 67
31 67
30 67
29 67
28 67
28 68
27 68
26 68
26 69
26 70
25 70
25 71
25 72
24 72
23 72
22 72
21 72
20 72
19 72
18 72
18 73
18 74
17 74
17 75
17 76
17 77
16 77
16 78
15 78
14 78
13 78
12 78
11 78
11 79
10 79
9 79
8 79
8 80
8 81
8 82
