37 50
37 49
37 48
37 47
37 46
38 46
38 45
38 44
39 44
39 43
39 42
39 41
39 40
39 39
40 39
41 39
41 38
42 38
43 38
43 37
43 36
44 36
45 36
46 36
47 36
48 36
49 36
50 36
51 36
52 36
53 36
54 36
54 35
55 35
56 35
56 34
57 34
58 34
59 34
60 34
61 34
62 34
63 34
63 35
63 36
64 36
65 36
65 35
66 35
67 35
68 35
68 34
69 34
70 34
71 34
72 34
72 33
73 33
73 32
74 32
75 32
76 32
76 31
76 30
77 30
77 29
78 29
79 29
79 28
80 28
81 28
82 28
82 27
83 27
83 26
84 26
85 26
86 26
86 27
86 28
87 28
87 29
87 30
87 31
87 32
88 32
89 32
89 33
89 34
90 34
91 34
91 33
91 32
92 32
93 32
93 31
94 31
95 31
96 31
97 31
97 32
