9 84
9 83
9 82
9 81
8 81
7 81
6 81
6 80
6 79
5 79
5 78
4 78
4 77
4 76
4 75
4 74
4 73
5 73
5 72
5 71
5 70
5 69
5 68
5 67
5 66
5 65
6 65
7 65
8 65
8 64
8 63
9 63
10 63
11 63
11 62
11 61
12 61
13 61
14 61
15 61
16 61
16 60
17 60
17 59
18 59
19 59
20 59
21 59
22 59
22 58
22 57
23 57
23 56
23 55
24 55
24 54
25 54
25 53
26 53
26 52
27 52
27 51
27 50
28 50
29 50
29 49
29 48
29 47
29 46
29 45
30 45
31 45
31 44
31 43
31 42
31 41
31 40
31 39
31 38
31 37
31 36
31 35
31 34
32 34
32 33
33 33
34 33
34 32
34 31
34 30
34 29
35 29
35 28
35 27
35 26
35 25
35 24
35 23
35 22
36 22
37 22
38 22
39 22
40 22
40 21
40 20
40 19
40 18
41 18
41 17
41 16
42 16
43 16
43 15
43 14
43 13
43 12
43 11
43 10
44 10
45 10
45 9
46 9
47 9
47 8
48 8
48 7
48 6
48 5
48 4
48 3
48 2
48 1
48 0
49 0
