30 12
31 12
31 13
32 13
33 13
34 13
35 13
35 12
36 12
37 12
38 12
38 13
38 14
38 15
38 16
38 17
39 17
40 17
41 17
42 17
42 18
43 18
43 19
44 19
45 19
45 18
46 18
47 18
47 19
47 20
48 20
49 20
49 21
50 21
51 21
52 21
53 21
54 21
54 22
55 22
56 22
56 21
56 20
57 20
58 20
58 21
58 22
59 22
60 22
61 22
61 23
62 23
63 23
64 23
65 23
66 23
67 23
68 23
68 24
69 24
69 25
69 26
69 27
70 27
71 27
72 27
72 28
72 29
72 30
72 31
72 32
72 33
72 34
73 34
73 35
74 35
75 35
76 35
76 34
77 34
78 34
78 35
79 35
80 35
