97 29
96 29
96 30
96 31
95 31
95 32
95 33
95 34
95 35
94 35
93 35
93 36
92 36
91 36
90 36
89 36
88 36
87 36
86 36
86 37
86 38
86 39
85 39
84 39
84 40
83 40
83 41
82 41
81 41
80 41
80 42
80 43
80 44
79 44
78 44
77 44
76 44
75 44
74 44
73 44
72 44
72 45
71 45
71 46
70 46
69 46
68 46
67 46
66 46
66 47
66 48
65 48
64 48
64 49
63 49
62 49
62 50
62 51
62 52
62 53
62 54
61 54
61 55
61 56
61 57
61 58
61 59
60 59
59 59
58 59
58 60
58 61
58 62
58 63
58 64
58 65
58 66
57 66
56 66
56 67
56 68
56 69
56 70
56 71
56 72
56 73
56 74
55 74
55 75
55 76
54 76
54 77
54 78
54 79
54 80
53 80
52 80
51 80
51 81
51 82
51 83
51 84
52 84
53 84
53 85
53 86
53 87
53 88
53 89
52 89
51 89
50 89
49 89
49 90
48 90
47 90
46 90
46 89
45 89
44 89
43 89
42 89
42 90
41 90
41 91
41 92
41 93
