79 51
78 51
77 51
76 51
75 51
75 50
74 50
73 50
72 50
72 49
72 48
72 47
71 47
71 46
71 45
70 45
69 45
68 45
67 45
66 45
65 45
64 45
64 46
64 47
64 48
64 49
64 50
63 50
62 50
62 49
62 48
61 48
60 48
59 48
59 47
58 47
57 47
57 46
56 46
56 45
55 45
55 44
54 44
53 44
53 45
52 45
51 45
50 45
49 45
48 45
47 45
46 45
45 45
45 46
44 46
44 47
43 47
42 47
41 47
40 47
39 47
38 47
38 46
37 46
36 46
35 46
34 46
34 47
33 47
32 47
31 47
30 47
29 47
29 48
29 49
28 49
27 49
26 49
25 49
24 49
23 49
23 48
22 48
22 47
22 46
22 45
22 44
22 43
21 43
21 42
21 41
20 41
19 41
19 40
18 40
17 40
16 40
15 40
15 39
15 38
15 37
14 37
