14 68
14 69
14 70
14 71
14 72
15 72
15 73
16 73
17 73
17 74
18 74
19 74
19 75
20 75
21 75
22 75
22 76
23 76
24 76
25 76
25 77
25 78
26 78
26 79
27 79
27 80
27 81
27 82
28 82
29 82
30 82
31 82
32 82
33 82
34 82
34 83
34 84
35 84
36 84
37 84
38 84
39 84
40 84
40 85
40 86
41 86
42 86
43 86
44 86
45 86
46 86
47 86
47 87
47 88
48 88
48 89
49 89
50 89
51 89
52 89
52 88
53 88
54 88
55 88
55 87
55 86
56 86
57 86
58 86
59 86
60 86
61 86
61 87
62 87
63 87
63 86
64 86
65 86
66 86
66 85
67 85
68 85
69 85
70 85
70 84
71 84
71 83
72 83
73 83
73 84
74 84
74 85
75 85
76 85
76 86
77 86
78 86
79 86
80 86
81 86
81 87
82 87
83 87
84 87
85 87
86 87
87 87
87 86
88 86
89 86
90 86
91 86
92 86
93 86
94 86
95 86
96 86
97 86
98 86
