66 26
65 26
65 27
64 27
64 28
63 28
63 29
62 29
61 29
60 29
60 30
60 31
60 32
59 32
59 33
58 33
57 33
56 33
55 33
54 33
53 33
52 33
51 33
50 33
49 33
48 33
47 33
46 33
46 34
45 34
44 34
44 35
43 35
42 35
41 35
40 35
39 35
38 35
38 36
38 37
38 38
38 39
38 40
38 41
38 42
38 43
38 44
38 45
38 46
38 47
38 48
37 48
36 48
36 49
35 49
34 49
33 49
33 50
33 51
33 52
32 52
31 52
31 53
31 54
31 55
31 56
31 57
31 58
31 59
31 60
31 61
31 62
30 62
30 63
30 64
29 64
28 64
27 64
26 64
25 64
25 65
25 66
25 67
24 67
24 68
24 69
24 70
23 70
22 70
21 70
20 70
19 70
18 70
17 70
17 71
17 72
17 73
17 74
17 75
17 76
17 77
17 78
17 79
16 79
16 80
16 81
16 82
16 83
16 84
16 85
16 86
16 87
16 88
15 88
15 89
15 90
15 91
15 92
14 92
14 93
13 93
13 94
