37 85
37 84
37 83
38 83
39 83
39 82
39 81
39 80
40 80
40 79
41 79
42 79
42 78
42 77
41 77
41 76
41 75
41 74
41 73
42 73
43 73
44 73
45 73
45 72
46 72
47 72
47 71
47 70
47 69
48 69
48 68
48 67
48 66
48 65
48 64
48 63
49 63
49 62
49 61
50 61
50 60
50 59
50 58
50 57
51 57
51 56
52 56
53 56
53 55
53 54
52 54
51 54
51 53
51 52
51 51
51 50
51 49
51 48
51 47
51 46
52 46
53 46
53 45
54 45
55 45
55 44
56 44
57 44
58 44
59 44
59 43
59 42
59 41
60 41
60 40
61 40
61 39
62 39
63 39
63 40
64 40
64 41
65 41
66 41
66 40
