95 86
96 86
96 85
97 85
98 85
98 84
98 83
98 82
97 82
97 81
96 81
96 80
95 80
94 80
94 79
93 79
93 78
92 78
91 78
90 78
89 78
89 77
89 76
88 76
87 76
86 76
85 76
85 75
84 75
84 74
83 74
82 74
81 74
81 73
81 72
81 71
81 70
80 70
79 70
78 70
77 70
77 69
77 68
77 67
77 66
77 65
77 64
77 63
76 63
76 62
76 61
76 60
76 59
76 58
76 57
75 57
75 56
75 55
75 54
74 54
74 53
74 52
74 51
75 51
75 50
76 50
76 49
76 48
76 47
76 46
76 45
76 44
76 43
76 42
75 42
75 41
75 40
74 40
73 40
72 40
71 40
70 40
70 39
70 38
70 37
70 36
70 35
70 34
70 33
70 32
70 31
70 30
70 29
70 28
70 27
69 27
69 26
69 25
69 24
69 23
68 23
68 22
67 22
66 22
65 22
64 22
63 22
63 21
63 20
63 19
64 19
