78 1
78 2
77 2
76 2
75 2
75 3
75 4
75 5
75 6
75 7
74 7
74 8
73 8
73 9
73 10
73 11
73 12
73 13
73 14
73 15
74 15
74 16
74 17
74 18
74 19
75 19
75 20
75 21
75 22
74 22
73 22
72 22
71 22
71 23
71 24
71 25
71 26
71 27
71 28
71 29
71 30
71 31
71 32
71 33
71 34
71 35
71 36
71 37
71 38
71 39
71 40
70 40
70 41
70 42
70 43
70 44
70 45
70 46
69 46
69 47
69 48
69 49
69 50
69 51
68 51
67 51
66 51
65 51
65 52
65 53
65 54
65 55
65 56
65 57
65 58
65 59
65 60
64 60
63 60
63 61
63 62
63 63
63 64
63 65
63 66
63 67
63 68
63 69
63 70
63 71
62 71
62 72
62 73
62 74
62 75
