53 2
53 3
53 4
53 5
53 6
53 7
54 7
54 8
54 9
54 10
55 10
55 11
56 11
56 12
57 12
58 12
58 13
58 14
58 15
57 15
56 15
56 16
56 17
56 18
56 19
57 19
57 20
57 21
56 21
55 21
55 22
54 22
53 22
53 23
53 24
52 24
51 24
51 25
51 26
51 27
52 27
52 28
52 29
51 29
50 29
49 29
48 29
48 30
48 31
48 32
49 32
49 33
49 34
48 34
48 35
48 36
48 37
48 38
48 39
48 40
48 41
48 42
48 43
48 44
48 45
48 46
48 47
47 47
46 47
45 47
45 48
44 48
44 49
44 50
43 50
42 50
42 51
41 51
41 52
41 53
41 54
41 55
41 56
41 57
41 58
41 59
40 59
40 60
40 61
40 62
40 63
40 64
40 65
40 66
41 66
42 66
42 67
43 67
43 68
43 69
42 69
42 70
42 71
41 71
41 72
41 73
41 74
40 74
39 74
39 75
39 76
39 77
38 77
38 78
