30 85
31 85
31 84
31 83
30 83
30 82
29 82
29 81
29 80
28 80
27 80
26 80
25 80
24 80
23 80
23 81
22 81
21 81
20 81
19 81
19 80
19 79
19 78
19 77
19 76
19 75
19 74
19 73
19 72
19 71
20 71
21 71
21 70
22 70
22 69
22 68
22 67
22 66
22 65
22 64
21 64
21 63
21 62
21 61
20 61
20 60
20 59
20 58
21 58
22 58
22 57
22 56
22 55
23 55
24 55
24 54
24 53
24 52
24 51
24 50
24 49
24 48
23 48
23 47
23 46
23 45
22 45
22 44
22 43
22 42
22 41
22 40
22 39
22 38
22 37
22 36
22 35
22 34
22 33
22 32
22 31
22 30
22 29
21 29
20 29
20 28
20 27
20 26
19 26
19 25
19 24
18 24
18 23
18 22
18 21
17 21
17 20
17 19
17 18
17 17
17 16
17 15
16 15
15 15
14 15
13 15
13 14
12 14
11 14
11 13
11 12
10 12
10 11
10 10
10 9
10 8
9 8
8 8
7 8
6 8
5 8
4 8
3 8
3 7
2 7
1 7
1 6
