85 35
85 34
85 33
84 33
84 32
83 32
83 31
82 31
82 30
81 30
80 30
80 31
80 32
80 33
80 34
80 35
79 35
79 36
78 36
77 36
76 36
75 36
74 36
74 35
73 35
73 34
73 33
72 33
71 33
70 33
69 33
68 33
68 32
67 32
66 32
65 32
64 32
64 33
63 33
62 33
61 33
61 34
60 34
59 34
58 34
58 33
57 33
56 33
55 33
54 33
54 34
53 34
52 34
52 35
51 35
50 35
49 35
48 35
47 35
46 35
45 35
44 35
44 36
44 37
44 38
44 39
44 40
43 40
42 40
41 40
40 40
39 40
38 40
37 40
36 40
36 39
36 38
35 38
34 38
33 38
32 38
31 38
30 38
29 38
28 38
27 38
26 38
25 38
25 37
24 37
23 37
