67 76
67 75
66 75
65 75
65 74
64 74
64 73
63 73
63 72
63 71
63 70
63 69
63 68
62 68
62 67
62 66
62 65
62 64
62 63
63 63
63 62
63 61
63 60
63 59
63 58
63 57
63 56
63 55
63 54
63 53
62 53
62 52
62 51
62 50
62 49
61 49
60 49
60 48
60 47
60 46
60 45
59 45
59 44
58 44
57 44
57 43
57 42
57 41
57 40
57 39
57 38
57 37
57 36
57 35
57 34
57 33
57 32
56 32
56 31
55 31
55 30
55 29
54 29
53 29
52 29
51 29
50 29
49 29
49 28
48 28
47 28
46 28
45 28
44 28
43 28
42 28
42 27
41 27
40 27
40 26
40 25
39 25
38 25
37 25
36 25
35 25
35 24
35 23
35 22
35 21
34 21
34 20
34 19
34 18
34 17
34 16
34 15
34 14
34 13
33 13
33 12
32 12
32 11
32 10
32 9
32 8
32 7
32 6
32 5
32 4
32 3
32 2
32 1
