33 8
34 8
34 9
35 9
36 9
37 9
37 10
38 10
38 11
38 12
38 13
38 14
38 15
38 16
38 17
37 17
36 17
36 18
35 18
35 19
35 20
35 21
36 21
36 22
36 23
36 24
36 25
36 26
37 26
37 27
37 28
36 28
36 29
36 30
36 31
36 32
36 33
35 33
34 33
33 33
32 33
32 34
31 34
30 34
29 34
29 35
29 36
29 37
29 38
29 39
29 40
29 41
28 41
28 42
28 43
28 44
28 45
28 46
28 47
28 48
27 48
26 48
25 48
25 49
25 50
25 51
25 52
26 52
26 53
26 54
27 54
27 55
27 56
27 57
27 58
27 59
27 60
27 61
27 62
27 63
27 64
27 65
28 65
28 66
29 66
30 66
31 66
31 67
32 67
32 68
32 69
31 69
