98 26
97 26
96 26
95 26
94 26
94 27
94 28
94 29
94 30
94 31
94 32
94 33
94 34
94 35
94 36
94 37
93 37
92 37
92 38
92 39
92 40
92 41
91 41
90 41
90 42
90 43
90 44
90 45
90 46
89 46
89 47
89 48
89 49
89 50
89 51
88 51
87 51
86 51
85 51
84 51
84 52
83 52
82 52
81 52
80 52
79 52
78 52
78 53
77 53
77 54
77 55
77 56
76 56
76 57
76 58
75 58
74 58
73 58
73 59
73 60
72 60
71 60
70 60
69 60
68 60
68 61
68 62
67 62
66 62
66 63
65 63
65 64
65 65
64 65
63 65
62 65
61 65
60 65
60 66
60 67
60 68
59 68
59 69
58 69
57 69
56 69
56 70
56 71
56 72
56 73
55 73
55 74
54 74
53 74
52 74
51 74
50 74
50 75
49 75
48 75
48 74
47 74
46 74
45 74
45 75
45 76
44 76
44 77
43 77
43 78
43 79
43 80
