23 98
23 97
23 96
23 95
24 95
24 94
25 94
26 94
27 94
28 94
28 93
28 92
29 92
29 91
29 90
29 89
29 88
29 87
29 86
29 85
30 85
30 84
30 83
31 83
32 83
33 83
33 82
33 81
33 80
33 79
33 78
32 78
31 78
30 78
30 77
30 76
30 75
30 74
30 73
30 72
30 71
30 70
31 70
32 70
33 70
34 70
34 69
34 68
34 67
34 66
34 65
34 64
34 63
34 62
34 61
34 60
35 60
35 59
35 58
35 57
36 57
37 57
37 56
37 55
37 54
37 53
37 52
36 52
36 51
36 50
36 49
37 49
37 48
37 47
37 46
37 45
37 44
38 44
38 43
38 42
38 41
38 40
38 39
39 39
40 39
40 38
40 37
40 36
40 35
40 34
41 34
42 34
42 33
42 32
42 31
42 30
42 29
42 28
42 27
43 27
43 26
44 26
45 26
46 26
46 25
46 24
46 23
47 23
47 22
47 21
47 20
47 19
47 18
48 18
48 17
48 16
48 15
49 15
49 14
49 13
49 12
48 12
47 12
47 13
47 14
