9 94
9 93
8 93
7 93
6 93
6 92
5 92
4 92
4 91
4 90
4 89
4 88
5 88
5 87
5 86
5 85
5 84
5 83
6 83
6 82
6 81
7 81
8 81
9 81
10 81
10 80
11 80
11 79
11 78
11 77
11 76
11 75
11 74
11 73
11 72
11 71
12 71
12 70
13 70
13 69
13 68
14 68
14 67
15 67
15 66
15 65
16 65
16 64
16 63
17 63
17 62
18 62
18 61
18 60
17 60
17 59
17 58
17 57
17 56
16 56
15 56
15 55
15 54
15 53
15 52
14 52
13 52
12 52
11 52
11 51
11 50
11 49
11 48
11 47
11 46
11 45
11 44
11 43
10 43
10 42
10 41
9 41
9 40
9 39
9 38
9 37
10 37
10 36
10 35
10 34
10 33
10 32
9 32
9 31
9 30
9 29
9 28
9 27
9 26
9 25
9 24
9 23
9 22
10 22
11 22
12 22
12 21
12 20
12 19
12 18
12 17
11 17
10 17
10 16
10 15
10 14
10 13
10 12
10 11
10 10
9 10
8 10
8 9
8 8
8 7
9 7
9 6
10 6
