70 74
69 74
68 74
68 73
68 72
68 71
67 71
67 70
66 70
66 69
66 68
65 68
65 67
64 67
63 67
63 66
62 66
61 66
60 66
59 66
59 65
58 65
57 65
56 65
55 65
54 65
54 64
53 64
52 64
52 63
51 63
50 63
49 63
48 63
47 63
46 63
46 62
45 62
44 62
43 62
43 61
43 60
43 59
43 58
42 58
41 58
41 57
41 56
41 55
41 54
41 53
41 52
40 52
39 52
38 52
37 52
36 52
35 52
35 51
35 50
35 49
35 48
34 48
33 48
33 47
32 47
32 46
32 45
32 44
32 43
31 43
31 42
31 41
30 41
30 40
30 39
29 39
28 39
28 38
28 37
29 37
29 36
29 35
29 34
29 33
29 32
29 31
29 30
29 29
29 28
29 27
29 26
29 25
