3 29
4 29
5 29
6 29
7 29
8 29
9 29
9 30
10 30
10 31
10 32
10 33
10 34
10 35
10 36
11 36
11 37
11 38
11 39
11 40
11 41
11 42
11 43
11 44
11 45
12 45
13 45
14 45
15 45
16 45
17 45
18 45
19 45
19 46
20 46
21 46
22 46
22 47
23 47
24 47
25 47
26 47
27 47
28 47
29 47
30 47
31 47
32 47
33 47
34 47
35 47
35 48
35 49
35 50
36 50
37 50
37 51
37 52
37 53
37 54
37 55
38 55
39 55
40 55
41 55
42 55
42 56
42 57
42 58
42 59
42 60
42 61
42 62
42 63
42 64
42 65
42 66
42 67
42 68
42 69
42 70
42 71
43 71
44 71
44 72
44 73
44 74
44 75
45 75
46 75
46 76
47 76
48 76
49 76
49 77
50 77
50 78
51 78
51 79
52 79
53 79
54 79
54 80
54 81
55 81
56 81
57 81
58 81
58 82
59 82
60 82
61 82
61 83
62 83
63 83
64 83
65 83
65 84
66 84
67 84
67 85
67 86
