61 40
62 40
62 41
62 42
61 42
60 42
59 42
58 42
57 42
56 42
55 42
54 42
53 42
53 41
53 40
53 39
53 38
52 38
51 38
50 38
49 38
49 37
48 37
47 37
46 37
45 37
44 37
44 36
43 36
42 36
41 36
40 36
39 36
38 36
37 36
37 37
36 37
35 37
34 37
34 36
33 36
32 36
31 36
30 36
29 36
28 36
27 36
27 35
26 35
25 35
24 35
23 35
22 35
22 34
22 33
22 32
22 31
22 30
22 29
22 28
22 27
22 26
21 26
21 25
21 24
20 24
19 24
18 24
17 24
16 24
15 24
14 24
13 24
13 23
13 22
13 21
13 20
13 19
13 18
13 17
13 16
12 16
11 16
11 15
11 14
