64 96
63 96
62 96
62 95
61 95
60 95
59 95
58 95
58 96
57 96
56 96
55 96
54 96
53 96
52 96
51 96
50 96
49 96
49 95
49 94
48 94
48 93
47 93
46 93
45 93
44 93
43 93
42 93
41 93
40 93
39 93
39 94
38 94
37 94
36 94
35 94
34 94
33 94
32 94
31 94
30 94
29 94
29 95
28 95
27 95
26 95
25 95
24 95
23 95
23 96
22 96
21 96
20 96
19 96
18 96
17 96
16 96
15 96
14 96
13 96
13 95
13 94
13 93
13 92
12 92
12 91
12 90
12 89
12 88
12 87
11 87
11 86
10 86
10 85
10 84
10 83
9 83
9 82
9 81
9 80
8 80
7 80
6 80
6 79
6 78
5 78
5 77
5 76
5 75
5 74
5 73
5 72
5 71
