7 35
7 36
8 36
8 37
8 38
8 39
9 39
10 39
11 39
12 39
13 39
14 39
15 39
16 39
16 40
17 40
17 41
17 42
17 43
17 44
17 45
18 45
19 45
20 45
21 45
22 45
23 45
24 45
25 45
25 46
26 46
26 47
26 48
27 48
28 48
29 48
30 48
30 49
30 50
30 51
30 52
30 53
31 53
32 53
33 53
33 54
34 54
35 54
36 54
36 55
36 56
36 57
37 57
38 57
39 57
40 57
40 58
41 58
42 58
43 58
44 58
45 58
45 59
45 60
46 60
46 61
46 62
47 62
48 62
49 62
50 62
51 62
52 62
52 63
52 64
52 65
53 65
53 66
54 66
55 66
56 66
57 66
57 67
58 67
58 68
59 68
60 68
60 69
61 69
62 69
62 70
62 71
63 71
64 71
64 72
64 73
65 73
65 74
66 74
66 75
66 76
66 77
66 78
67 78
67 79
67 80
68 80
68 81
68 82
67 82
67 83
67 84
67 85
67 86
67 87
67 88
66 88
66 89
65 89
65 90
65 91
66 91
67 91
68 91
69 91
69 92
69 93
68 93
68 94
