94 86
93 86
92 86
92 85
92 84
92 83
92 82
92 81
92 80
91 80
90 80
90 79
89 79
89 78
88 78
87 78
86 78
85 78
85 77
84 77
84 76
83 76
83 75
82 75
82 74
81 74
80 74
79 74
78 74
78 73
77 73
76 73
75 73
75 72
74 72
74 71
74 70
73 70
73 69
73 68
72 68
71 68
70 68
69 68
68 68
67 68
67 67
67 66
66 66
65 66
64 66
63 66
62 66
61 66
60 66
59 66
58 66
57 66
56 66
55 66
54 66
53 66
52 66
51 66
50 66
50 65
50 64
50 63
49 63
48 63
47 63
46 63
45 63
45 62
44 62
44 61
43 61
43 60
42 60
42 59
41 59
40 59
39 59
38 59
37 59
36 59
36 58
36 57
36 56
36 55
36 54
35 54
34 54
33 54
32 54
31 54
30 54
30 53
30 52
30 51
29 51
28 51
27 51
26 51
25 51
24 51
23 51
22 51
22 50
21 50
20 50
19 50
18 50
17 50
16 50
15 50
15 49
15 48
14 48
13 48
13 47
13 46
13 45
13 44
13 43
12 43
11 43
10 43
9 43
8 43
