15 65
15 66
16 66
17 66
17 67
18 67
19 67
19 66
19 65
19 64
20 64
21 64
21 63
22 63
23 63
23 62
24 62
25 62
25 63
26 63
27 63
27 64
28 64
29 64
30 64
31 64
32 64
33 64
34 64
35 64
36 64
37 64
37 63
37 62
37 61
38 61
39 61
39 60
39 59
40 59
41 59
42 59
42 58
43 58
44 58
45 58
46 58
47 58
48 58
49 58
50 58
51 58
52 58
52 59
53 59
54 59
54 58
54 57
55 57
56 57
57 57
58 57
58 56
58 55
58 54
58 53
59 53
60 53
60 54
61 54
62 54
63 54
64 54
65 54
66 54
67 54
68 54
69 54
70 54
71 54
72 54
73 54
74 54
75 54
76 54
77 54
77 53
78 53
79 53
80 53
81 53
82 53
83 53
