46 11
45 11
44 11
43 11
42 11
41 11
41 12
41 13
41 14
41 15
41 16
41 17
41 18
40 18
39 18
38 18
38 19
38 20
37 20
36 20
35 20
34 20
34 21
33 21
33 22
33 23
33 24
33 25
33 26
32 26
31 26
30 26
30 27
30 28
30 29
30 30
30 31
30 32
30 33
30 34
30 35
30 36
30 37
29 37
28 37
27 37
27 38
27 39
27 40
27 41
27 42
27 43
27 44
26 44
25 44
24 44
23 44
22 44
22 45
22 46
22 47
21 47
20 47
20 48
20 49
19 49
19 50
19 51
19 52
19 53
19 54
19 55
19 56
20 56
20 57
20 58
20 59
21 59
21 60
21 61
21 62
21 63
21 64
21 65
20 65
19 65
18 65
18 66
18 67
18 68
18 69
17 69
16 69
15 69
15 70
14 70
13 70
12 70
12 69
