83 0
82 0
81 0
80 0
80 1
80 2
80 3
80 4
80 5
80 6
79 6
79 7
79 8
79 9
78 9
78 10
77 10
77 11
77 12
77 13
77 14
77 15
77 16
77 17
77 18
77 19
76 19
75 19
74 19
73 19
73 20
72 20
72 21
71 21
71 22
71 23
71 24
71 25
70 25
70 26
70 27
70 28
70 29
69 29
69 30
68 30
67 30
67 31
67 32
67 33
66 33
65 33
64 33
64 34
64 35
64 36
64 37
64 38
64 39
63 39
63 40
63 41
62 41
62 42
62 43
62 44
62 45
61 45
61 46
61 47
61 48
60 48
60 49
60 50
60 51
60 52
60 53
60 54
61 54
61 55
61 56
60 56
59 56
59 57
58 57
58 58
58 59
57 59
56 59
56 60
55 60
54 60
53 60
52 60
52 61
51 61
