52 22
52 23
52 24
53 24
53 25
53 26
52 26
52 27
52 28
51 28
51 29
51 30
52 30
52 31
52 32
52 33
52 34
53 34
53 35
54 35
54 36
54 37
55 37
55 38
55 39
55 40
56 40
57 40
58 40
59 40
60 40
61 40
62 40
62 41
62 42
63 42
64 42
64 43
64 44
65 44
66 44
66 45
66 46
67 46
68 46
68 47
69 47
70 47
71 47
72 47
73 47
73 48
73 49
73 50
73 51
73 52
74 52
75 52
75 53
76 53
77 53
78 53
79 53
80 53
81 53
82 53
83 53
84 53
84 54
85 54
86 54
86 55
87 55
87 56
87 57
88 57
88 58
88 59
88 60
89 60
90 60
91 60
91 61
92 61
92 62
92 63
91 63
91 64
91 65
91 66
92 66
92 67
93 67
93 68
