59 35
60 35
60 36
60 37
59 37
58 37
58 36
57 36
57 35
56 35
55 35
55 36
54 36
54 37
53 37
53 38
53 39
53 40
53 41
52 41
52 42
51 42
50 42
49 42
48 42
48 43
48 44
47 44
46 44
45 44
44 44
43 44
43 45
42 45
41 45
40 45
40 46
39 46
39 47
38 47
38 48
37 48
36 48
35 48
34 48
33 48
32 48
32 47
31 47
30 47
30 48
29 48
28 48
27 48
27 49
26 49
26 50
26 51
25 51
24 51
24 50
23 50
22 50
21 50
21 49
20 49
19 49
18 49
17 49
16 49
16 50
15 50
14 50
13 50
12 50
11 50
10 50
9 50
8 50
7 50
6 50
6 49
6 48
5 48
4 48
4 47
3 47
3 46
3 45
3 44
3 43
4 43
