19 23
20 23
20 24
20 25
20 26
20 27
20 28
20 29
21 29
21 30
21 31
21 32
21 33
20 33
20 34
20 35
20 36
20 37
20 38
20 39
20 40
21 40
22 40
22 41
22 42
22 43
22 44
21 44
21 45
20 45
20 46
20 47
20 48
20 49
20 50
20 51
20 52
20 53
21 53
21 54
21 55
21 56
22 56
23 56
23 57
23 58
24 58
25 58
26 58
27 58
27 59
27 60
27 61
27 62
28 62
28 63
28 64
28 65
28 66
28 67
28 68
28 69
28 70
29 70
29 71
29 72
29 73
29 74
29 75
29 76
30 76
31 76
32 76
33 76
34 76
34 77
34 78
34 79
34 80
33 80
33 81
33 82
34 82
34 83
34 84
35 84
35 85
35 86
35 87
35 88
35 89
