89 84
88 84
88 83
88 82
87 82
86 82
85 82
84 82
84 81
84 80
84 79
84 78
83 78
83 77
83 76
83 75
83 74
82 74
82 73
82 72
82 71
82 70
82 69
82 68
81 68
81 67
81 66
81 65
81 64
81 63
81 62
81 61
81 60
81 59
81 58
81 57
81 56
80 56
79 56
78 56
77 56
77 55
77 54
77 53
76 53
75 53
75 52
75 51
75 50
74 50
74 49
73 49
73 48
73 47
73 46
72 46
71 46
70 46
70 45
70 44
70 43
70 42
69 42
69 41
69 40
68 40
67 40
66 40
66 39
65 39
65 38
65 37
65 36
65 35
65 34
65 33
65 32
65 31
65 30
65 29
65 28
65 27
65 26
65 25
64 25
64 24
64 23
64 22
64 21
63 21
63 20
63 19
63 18
62 18
62 17
62 16
62 15
62 14
62 13
61 13
60 13
60 12
60 11
61 11
61 10
61 9
61 8
61 7
61 6
61 5
61 4
61 3
60 3
59 3
59 2
59 1
60 1
61 1
61 0
