11 42
11 41
12 41
13 41
14 41
15 41
16 41
17 41
18 41
18 42
19 42
20 42
20 43
21 43
21 44
22 44
23 44
24 44
24 43
25 43
25 42
26 42
26 41
27 41
28 41
29 41
30 41
30 40
31 40
32 40
33 40
34 40
35 40
36 40
37 40
38 40
39 40
39 39
40 39
41 39
42 39
43 39
43 40
44 40
45 40
46 40
47 40
47 39
47 38
47 37
48 37
49 37
49 36
50 36
51 36
52 36
53 36
54 36
55 36
56 36
57 36
58 36
59 36
60 36
61 36
61 37
62 37
63 37
63 36
63 35
64 35
65 35
65 34
65 33
66 33
67 33
68 33
69 33
70 33
70 32
71 32
71 31
72 31
72 30
73 30
74 30
74 29
75 29
75 28
76 28
77 28
78 28
78 27
78 26
78 25
79 25
80 25
81 25
81 24
