45 29
46 29
47 29
48 29
49 29
50 29
51 29
52 29
53 29
53 30
54 30
54 31
55 31
56 31
56 32
56 33
57 33
58 33
59 33
59 34
60 34
60 35
60 36
60 37
60 38
60 39
60 40
60 41
60 42
60 43
61 43
61 44
61 45
61 46
61 47
61 48
61 49
61 50
62 50
63 50
64 50
65 50
65 51
66 51
66 52
67 52
68 52
69 52
70 52
71 52
71 53
71 54
72 54
73 54
74 54
75 54
75 55
75 56
76 56
76 57
77 57
78 57
79 57
80 57
81 57
81 58
82 58
82 59
83 59
84 59
84 60
85 60
86 60
86 61
86 62
87 62
88 62
88 63
89 63
90 63
91 63
92 63
93 63
94 63
95 63
95 64
95 65
96 65
96 66
97 66
98 66
