2 1
2 2
2 3
3 3
3 4
3 5
3 6
4 6
5 6
5 7
5 8
6 8
7 8
7 9
8 9
9 9
9 10
9 11
10 11
11 11
12 11
13 11
14 11
15 11
16 11
17 11
18 11
19 11
19 12
20 12
21 12
21 13
21 14
22 14
22 15
23 15
24 15
24 16
24 17
25 17
26 17
27 17
28 17
29 17
30 17
31 17
32 17
33 17
34 17
35 17
36 17
36 18
36 19
37 19
38 19
39 19
40 19
41 19
42 19
43 19
44 19
44 20
45 20
45 21
45 22
46 22
47 22
48 22
49 22
50 22
50 21
50 20
51 20
51 19
52 19
53 19
54 19
55 19
55 18
56 18
57 18
58 18
58 19
58 20
59 20
60 20
61 20
61 19
62 19
63 19
64 19
64 20
64 21
64 22
64 23
64 24
65 24
66 24
66 25
66 26
67 26
67 27
67 28
68 28
69 28
69 29
69 30
69 31
69 32
70 32
