80 7
79 7
78 7
78 8
77 8
76 8
76 9
76 10
76 11
76 12
75 12
74 12
73 12
73 11
72 11
72 10
71 10
70 10
69 10
68 10
67 10
66 10
65 10
64 10
64 11
63 11
62 11
62 12
61 12
61 13
61 14
61 15
61 16
61 17
60 17
59 17
58 17
57 17
56 17
55 17
55 18
55 19
54 19
53 19
53 20
53 21
53 22
53 23
52 23
52 24
52 25
52 26
51 26
51 27
51 28
50 28
49 28
48 28
47 28
46 28
46 29
46 30
46 31
45 31
44 31
43 31
42 31
41 31
40 31
39 31
38 31
37 31
37 32
36 32
35 32
34 32
33 32
32 32
32 33
32 34
31 34
31 35
31 36
30 36
29 36
29 37
28 37
28 38
27 38
27 39
26 39
25 39
24 39
24 40
24 41
24 42
24 43
24 44
24 45
24 46
24 47
23 47
23 48
22 48
22 49
22 50
22 51
22 52
22 53
22 54
22 55
21 55
21 56
21 57
20 57
19 57
18 57
18 58
17 58
16 58
15 58
15 59
15 60
14 60
14 61
14 62
14 63
13 63
