33 63
33 64
33 65
33 66
33 67
33 68
33 69
34 69
34 70
34 71
34 72
34 73
34 74
35 74
36 74
36 75
36 76
37 76
38 76
38 77
39 77
39 78
40 78
40 79
40 80
41 80
42 80
43 80
44 80
44 81
44 82
45 82
45 83
46 83
47 83
48 83
49 83
49 84
50 84
51 84
52 84
53 84
54 84
54 85
54 86
54 87
54 88
54 89
55 89
56 89
57 89
58 89
59 89
60 89
61 89
62 89
63 89
64 89
65 89
65 90
66 90
67 90
68 90
69 90
69 91
69 92
70 92
70 93
71 93
72 93
72 94
73 94
74 94
75 94
76 94
77 94
78 94
79 94
80 94
80 95
81 95
81 96
82 96
83 96
84 96
84 95
85 95
86 95
86 96
87 96
