5 72
5 71
5 70
6 70
7 70
7 69
8 69
9 69
10 69
10 68
11 68
12 68
13 68
14 68
15 68
16 68
17 68
18 68
19 68
20 68
21 68
22 68
23 68
23 69
24 69
24 70
25 70
26 70
27 70
28 70
29 70
30 70
30 69
31 69
31 68
32 68
33 68
34 68
35 68
35 67
35 66
36 66
37 66
38 66
39 66
40 66
41 66
41 65
41 64
42 64
43 64
44 64
45 64
46 64
47 64
48 64
49 64
50 64
51 64
52 64
53 64
53 63
54 63
55 63
56 63
56 64
57 64
58 64
58 63
59 63
59 62
60 62
61 62
62 62
63 62
64 62
65 62
66 62
67 62
67 63
68 63
69 63
69 62
70 62
71 62
71 61
72 61
73 61
74 61
75 61
76 61
76 62
77 62
78 62
78 61
79 61
80 61
81 61
81 60
82 60
82 59
83 59
84 59
84 58
85 58
86 58
87 58
88 58
88 59
89 59
90 59
91 59
91 60
92 60
93 60
94 60
94 59
95 59
95 58
95 57
95 56
95 55
96 55
96 54
97 54
97 53
