44 43
45 43
45 42
46 42
47 42
48 42
49 42
49 43
49 44
50 44
50 45
51 45
51 46
51 47
51 48
51 49
51 50
51 51
52 51
53 51
53 52
53 53
54 53
55 53
56 53
57 53
57 54
57 55
57 56
57 57
57 58
57 59
57 60
57 61
57 62
57 63
57 64
57 65
57 66
58 66
58 67
59 67
59 68
59 69
60 69
60 70
60 71
61 71
62 71
63 71
64 71
64 72
64 73
65 73
65 74
65 75
66 75
66 76
66 77
66 78
66 79
66 80
66 81
66 82
67 82
68 82
68 83
69 83
70 83
71 83
72 83
72 84
72 85
72 86
72 87
73 87
73 88
73 89
73 90
73 91
74 91
75 91
75 92
76 92
77 92
77 93
78 93
79 93
79 94
80 94
81 94
82 94
82 95
82 96
82 97
83 97
84 97
84 96
85 96
85 95
86 95
86 94
87 94
88 94
