76 7
75 7
75 8
75 9
75 10
76 10
76 11
76 12
75 12
75 13
74 13
73 13
73 12
73 11
72 11
71 11
70 11
69 11
68 11
68 12
68 13
68 14
68 15
68 16
69 16
69 17
69 18
68 18
68 19
68 20
68 21
68 22
68 23
68 24
68 25
69 25
69 26
69 27
69 28
69 29
69 30
69 31
68 31
68 32
67 32
67 33
67 34
67 35
67 36
67 37
67 38
67 39
67 40
67 41
67 42
67 43
67 44
67 45
66 45
66 46
66 47
67 47
67 48
67 49
67 50
67 51
68 51
68 52
69 52
69 53
69 54
68 54
67 54
67 55
67 56
67 57
67 58
67 59
67 60
66 60
65 60
64 60
63 60
63 61
62 61
62 62
61 62
61 63
61 64
61 65
61 66
61 67
61 68
60 68
60 69
60 70
59 70
59 71
59 72
59 73
59 74
59 75
59 76
60 76
