22 20
22 21
23 21
23 22
23 23
22 23
22 24
22 25
22 26
22 27
22 28
22 29
22 30
22 31
22 32
22 33
22 34
22 35
22 36
22 37
22 38
22 39
22 40
23 40
24 40
24 41
25 41
26 41
27 41
27 42
27 43
28 43
28 44
28 45
28 46
28 47
28 48
29 48
29 49
29 50
29 51
29 52
29 53
29 54
29 55
29 56
29 57
29 58
29 59
29 60
29 61
29 62
29 63
30 63
31 63
31 64
31 65
31 66
31 67
32 67
33 67
34 67
35 67
36 67
37 67
38 67
39 67
40 67
41 67
42 67
42 68
43 68
44 68
44 69
45 69
46 69
47 69
48 69
49 69
49 70
50 70
50 71
50 72
51 72
52 72
53 72
54 72
54 73
54 74
54 75
54 76
54 77
54 78
55 78
55 79
55 80
55 81
55 82
55 83
54 83
53 83
53 84
53 85
53 86
53 87
53 88
53 89
53 90
53 91
53 92
53 93
53 94
53 95
53 96
53 97
53 98
54 98
55 98
56 98
57 98
58 98
59 98
60 98
