69 43
68 43
67 43
66 43
65 43
64 43
63 43
62 43
62 44
61 44
61 45
60 45
59 45
58 45
58 46
58 47
58 48
58 49
58 50
58 51
58 52
57 52
56 52
55 52
55 53
54 53
53 53
52 53
52 52
51 52
50 52
50 53
49 53
48 53
47 53
46 53
46 54
45 54
44 54
44 55
43 55
43 56
43 57
43 58
42 58
41 58
40 58
39 58
39 59
39 60
39 61
38 61
38 62
37 62
36 62
35 62
35 63
35 64
35 65
34 65
33 65
33 66
32 66
32 67
32 68
31 68
30 68
29 68
28 68
27 68
26 68
25 68
24 68
23 68
22 68
21 68
20 68
19 68
19 69
18 69
18 70
18 71
17 71
17 72
16 72
15 72
15 73
15 74
15 75
15 76
15 77
14 77
14 78
14 79
14 80
14 81
13 81
12 81
