86 89
86 90
85 90
84 90
83 90
82 90
82 89
81 89
80 89
79 89
78 89
77 89
76 89
76 88
76 87
76 86
75 86
75 85
75 84
74 84
74 83
73 83
72 83
72 82
71 82
70 82
69 82
68 82
67 82
67 81
67 80
66 80
66 79
65 79
64 79
63 79
62 79
61 79
60 79
59 79
58 79
58 78
58 77
57 77
56 77
55 77
54 77
53 77
52 77
51 77
50 77
50 76
50 75
50 74
50 73
49 73
49 72
48 72
47 72
46 72
45 72
44 72
43 72
42 72
41 72
40 72
39 72
38 72
37 72
37 73
36 73
35 73
35 74
34 74
33 74
32 74
31 74
31 75
30 75
29 75
29 76
28 76
27 76
27 77
26 77
26 78
25 78
24 78
23 78
22 78
21 78
20 78
20 77
20 76
19 76
18 76
18 77
18 78
18 79
17 79
16 79
15 79
14 79
14 80
