70 5
70 6
71 6
72 6
73 6
74 6
74 7
74 8
73 8
73 9
72 9
72 10
72 11
72 12
72 13
72 14
72 15
71 15
71 16
71 17
71 18
71 19
70 19
70 20
70 21
70 22
70 23
69 23
68 23
68 24
68 25
67 25
66 25
66 26
65 26
64 26
63 26
63 27
62 27
61 27
61 28
61 29
61 30
61 31
60 31
59 31
59 32
59 33
59 34
59 35
59 36
59 37
59 38
59 39
58 39
58 40
58 41
58 42
58 43
58 44
58 45
59 45
59 46
59 47
59 48
58 48
58 49
58 50
58 51
58 52
58 53
58 54
58 55
57 55
57 56
57 57
56 57
55 57
55 58
54 58
54 59
54 60
54 61
54 62
54 63
54 64
53 64
53 65
53 66
53 67
53 68
53 69
53 70
53 71
53 72
53 73
53 74
52 74
52 75
52 76
52 77
52 78
52 79
52 80
53 80
54 80
55 80
55 81
55 82
54 82
54 83
53 83
53 84
52 84
52 85
52 86
51 86
51 87
50 87
49 87
48 87
48 88
48 89
48 90
48 91
48 92
48 93
48 94
48 95
48 96
48 97
49 97
50 97
51 97
51 98
52 98
