47 75
47 76
48 76
48 77
48 78
47 78
47 79
46 79
45 79
45 78
45 77
45 76
44 76
44 75
44 74
44 73
44 72
44 71
44 70
44 69
44 68
44 67
44 66
44 65
43 65
43 64
42 64
41 64
41 63
41 62
41 61
41 60
41 59
41 58
41 57
41 56
40 56
40 55
40 54
40 53
40 52
40 51
40 50
40 49
40 48
40 47
40 46
41 46
42 46
42 45
43 45
43 44
43 43
43 42
43 41
44 41
45 41
45 40
45 39
46 39
46 38
46 37
46 36
46 35
46 34
46 33
46 32
46 31
46 30
46 29
46 28
47 28
48 28
49 28
50 28
50 27
50 26
50 25
49 25
49 24
48 24
48 23
48 22
47 22
47 21
47 20
47 19
46 19
45 19
44 19
43 19
42 19
41 19
40 19
40 20
39 20
39 21
39 22
39 23
39 24
39 25
