21 76
21 75
21 74
21 73
22 73
23 73
23 72
24 72
25 72
25 71
25 70
25 69
25 68
26 68
27 68
28 68
28 67
28 66
29 66
30 66
30 65
30 64
30 63
30 62
30 61
30 60
30 59
30 58
31 58
31 57
31 56
31 55
31 54
31 53
32 53
33 53
33 52
33 51
33 50
33 49
33 48
34 48
34 47
34 46
34 45
34 44
34 43
34 42
34 41
35 41
35 40
35 39
35 38
36 38
36 37
36 36
36 35
36 34
36 33
37 33
38 33
38 32
39 32
40 32
41 32
42 32
42 33
43 33
44 33
45 33
45 34
46 34
47 34
47 33
48 33
49 33
50 33
51 33
52 33
53 33
54 33
55 33
56 33
56 32
57 32
58 32
59 32
60 32
60 31
61 31
62 31
62 30
62 29
63 29
63 28
63 27
63 26
63 25
63 24
63 23
64 23
65 23
65 22
65 21
66 21
67 21
68 21
69 21
70 21
71 21
72 21
73 21
73 20
74 20
75 20
75 19
76 19
77 19
78 19
78 18
79 18
80 18
80 17
80 16
80 15
79 15
