58 87
57 87
56 87
56 88
55 88
55 89
54 89
53 89
53 88
52 88
52 87
52 86
51 86
51 85
51 84
51 83
51 82
50 82
50 81
50 80
50 79
49 79
48 79
48 78
48 77
47 77
47 76
47 75
47 74
47 73
47 72
47 71
47 70
47 69
48 69
48 68
48 67
48 66
49 66
50 66
50 65
50 64
50 63
50 62
50 61
50 60
51 60
52 60
52 59
53 59
54 59
54 58
54 57
54 56
53 56
53 55
53 54
53 53
53 52
53 51
53 50
53 49
53 48
53 47
53 46
52 46
52 45
51 45
50 45
49 45
49 44
49 43
49 42
49 41
49 40
50 40
50 39
51 39
51 38
51 37
51 36
51 35
52 35
52 34
52 33
52 32
52 31
52 30
52 29
52 28
52 27
52 26
53 26
53 25
54 25
54 24
55 24
55 23
56 23
56 22
56 21
56 20
57 20
57 19
57 18
56 18
56 17
56 16
56 15
