82 0
81 0
80 0
80 1
79 1
79 2
79 3
79 4
78 4
77 4
76 4
75 4
75 5
74 5
74 6
73 6
73 7
73 8
73 9
72 9
71 9
70 9
69 9
68 9
68 10
68 11
67 11
67 12
66 12
65 12
64 12
63 12
62 12
61 12
60 12
60 13
60 14
60 15
59 15
59 16
58 16
58 17
58 18
58 19
57 19
57 20
56 20
56 21
56 22
55 22
54 22
53 22
53 23
53 24
53 25
53 26
53 27
53 28
53 29
53 30
53 31
52 31
51 31
51 32
51 33
51 34
51 35
51 36
51 37
50 37
49 37
49 38
49 39
48 39
47 39
46 39
45 39
44 39
43 39
42 39
41 39
41 40
41 41
41 42
41 43
40 43
39 43
39 44
39 45
38 45
37 45
36 45
36 46
36 47
36 48
36 49
36 50
36 51
36 52
36 53
36 54
36 55
36 56
36 57
36 58
36 59
36 60
36 61
36 62
36 63
36 64
35 64
35 65
35 66
35 67
35 68
36 68
37 68
37 69
37 70
37 71
37 72
37 73
36 73
35 73
34 73
33 73
32 73
32 74
32 75
31 75
30 75
29 75
28 75
28 76
28 77
27 77
26 77
25 77
25 78
24 78
23 78
22 78
22 79
22 80
21 80
20 80
19 80
18 80
