83 25
83 24
82 24
81 24
81 23
80 23
80 22
80 21
79 21
78 21
78 20
77 20
76 20
75 20
74 20
73 20
73 21
73 22
72 22
72 23
71 23
71 24
71 25
70 25
70 26
69 26
68 26
67 26
67 27
66 27
65 27
65 28
65 29
64 29
64 30
64 31
63 31
63 32
63 33
63 34
63 35
62 35
61 35
61 36
61 37
61 38
61 39
60 39
59 39
58 39
57 39
56 39
55 39
55 40
55 41
55 42
55 43
54 43
54 44
54 45
54 46
54 47
54 48
53 48
52 48
52 49
52 50
52 51
52 52
52 53
52 54
52 55
52 56
52 57
52 58
51 58
51 59
51 60
51 61
50 61
49 61
48 61
47 61
46 61
45 61
44 61
44 62
44 63
44 64
44 65
44 66
44 67
43 67
42 67
41 67
41 68
40 68
40 69
39 69
38 69
37 69
36 69
36 70
35 70
35 71
34 71
33 71
32 71
31 71
30 71
30 72
29 72
28 72
28 73
27 73
27 74
27 75
27 76
27 77
27 78
27 79
27 80
27 81
27 82
27 83
27 84
27 85
26 85
25 85
25 86
24 86
24 87
24 88
23 88
23 89
23 90
22 90
22 91
21 91
21 92
21 93
