39 8
39 7
38 7
38 6
37 6
36 6
35 6
35 7
35 8
34 8
34 9
33 9
33 10
33 11
33 12
32 12
32 13
32 14
31 14
30 14
29 14
28 14
27 14
26 14
25 14
25 15
25 16
24 16
24 17
24 18
23 18
23 19
23 20
22 20
21 20
20 20
19 20
18 20
17 20
16 20
15 20
15 21
15 22
15 23
15 24
15 25
15 26
15 27
15 28
15 29
15 30
15 31
15 32
14 32
13 32
13 33
13 34
13 35
12 35
11 35
10 35
9 35
8 35
8 36
7 36
7 37
6 37
6 38
5 38
4 38
4 39
3 39
3 40
3 41
3 42
3 43
3 44
4 44
4 45
4 46
4 47
4 48
4 49
4 50
3 50
3 51
2 51
2 52
2 53
2 54
3 54
