2 60
2 59
2 58
2 57
3 57
4 57
5 57
6 57
7 57
8 57
9 57
10 57
10 58
11 58
11 59
11 60
10 60
10 61
10 62
11 62
12 62
13 62
14 62
14 63
14 64
14 65
14 66
15 66
15 67
16 67
17 67
17 66
18 66
18 65
19 65
20 65
21 65
21 64
21 63
21 62
21 61
21 60
22 60
23 60
24 60
25 60
26 60
26 59
27 59
28 59
28 60
29 60
30 60
31 60
32 60
33 60
34 60
35 60
35 59
35 58
35 57
35 56
35 55
36 55
37 55
38 55
39 55
40 55
41 55
42 55
43 55
44 55
45 55
46 55
47 55
48 55
49 55
50 55
51 55
52 55
52 56
53 56
54 56
55 56
55 55
55 54
55 53
56 53
57 53
57 52
57 51
58 51
59 51
60 51
