16 95
16 94
16 93
17 93
17 92
17 91
17 90
17 89
17 88
16 88
15 88
15 87
15 86
15 85
16 85
17 85
17 84
17 83
17 82
17 81
18 81
19 81
19 80
19 79
18 79
18 78
18 77
18 76
19 76
19 75
19 74
20 74
21 74
22 74
23 74
23 73
23 72
23 71
23 70
23 69
23 68
24 68
25 68
25 67
25 66
24 66
24 65
24 64
23 64
23 63
23 62
23 61
23 60
24 60
24 59
24 58
24 57
24 56
23 56
23 55
23 54
23 53
23 52
23 51
22 51
21 51
21 50
21 49
21 48
21 47
21 46
21 45
20 45
20 44
20 43
20 42
20 41
20 40
20 39
21 39
21 38
21 37
21 36
21 35
21 34
21 33
21 32
21 31
22 31
23 31
23 30
23 29
23 28
22 28
22 27
22 26
22 25
22 24
22 23
22 22
22 21
22 20
22 19
22 18
23 18
23 17
24 17
25 17
26 17
