15 51
15 52
16 52
17 52
17 51
18 51
19 51
20 51
21 51
22 51
23 51
24 51
25 51
26 51
27 51
28 51
29 51
30 51
30 52
31 52
32 52
32 51
33 51
34 51
35 51
35 50
36 50
37 50
37 49
38 49
38 48
38 47
39 47
40 47
41 47
42 47
43 47
44 47
45 47
46 47
46 46
47 46
47 45
48 45
49 45
49 44
49 43
50 43
51 43
51 44
52 44
53 44
54 44
55 44
56 44
57 44
58 44
59 44
60 44
61 44
61 43
62 43
63 43
63 42
63 41
63 40
63 39
64 39
65 39
66 39
67 39
68 39
69 39
70 39
71 39
71 38
72 38
73 38
74 38
75 38
75 37
76 37
76 36
77 36
78 36
79 36
80 36
81 36
81 35
82 35
83 35
83 34
83 33
83 32
84 32
84 31
85 31
86 31
87 31
88 31
88 32
89 32
90 32
90 31
91 31
92 31
93 31
94 31
95 31
96 31
97 31
98 31
