86 37
87 37
88 37
89 37
89 38
89 39
88 39
87 39
86 39
85 39
84 39
84 40
83 40
82 40
81 40
80 40
79 40
78 40
77 40
76 40
75 40
74 40
73 40
73 39
72 39
71 39
70 39
69 39
68 39
67 39
66 39
65 39
64 39
63 39
62 39
62 38
61 38
61 37
61 36
60 36
60 35
59 35
58 35
57 35
56 35
55 35
55 34
54 34
53 34
52 34
51 34
50 34
50 33
49 33
48 33
48 34
47 34
46 34
46 35
45 35
44 35
43 35
42 35
42 36
41 36
40 36
40 35
39 35
38 35
38 36
37 36
36 36
35 36
34 36
33 36
33 37
32 37
31 37
30 37
30 36
30 35
29 35
28 35
27 35
27 36
