50 3
50 2
51 2
52 2
52 1
53 1
53 0
54 0
55 0
55 1
55 2
55 3
55 4
56 4
56 5
56 6
56 7
56 8
57 8
57 9
57 10
58 10
59 10
59 11
60 11
60 12
61 12
61 13
61 14
61 15
62 15
62 16
62 17
63 17
64 17
64 18
64 19
65 19
65 20
66 20
67 20
67 21
68 21
69 21
69 22
69 23
69 24
68 24
68 25
68 26
69 26
69 27
69 28
69 29
69 30
69 31
69 32
69 33
69 34
69 35
69 36
69 37
70 37
70 38
70 39
71 39
72 39
73 39
73 40
73 41
73 42
73 43
73 44
74 44
75 44
75 45
75 46
76 46
77 46
78 46
78 47
79 47
79 48
79 49
79 50
79 51
79 52
80 52
81 52
82 52
82 53
83 53
84 53
84 54
84 55
84 56
84 57
84 58
85 58
86 58
86 59
86 60
86 61
86 62
86 63
86 64
86 65
86 66
87 66
87 67
87 68
87 69
87 70
88 70
89 70
89 71
90 71
91 71
91 72
91 73
92 73
93 73
93 74
94 74
95 74
96 74
97 74
97 75
97 76
97 77
97 78
97 79
97 80
97 81
96 81
96 82
96 83
95 83
95 84
95 85
94 85
93 85
93 86
93 87
