70 72
69 72
68 72
68 73
68 74
67 74
66 74
65 74
64 74
64 73
64 72
63 72
62 72
62 71
62 70
61 70
60 70
59 70
59 69
59 68
58 68
58 67
57 67
57 66
56 66
56 65
55 65
55 64
55 63
55 62
55 61
55 60
55 59
54 59
54 58
54 57
53 57
53 56
53 55
53 54
53 53
53 52
53 51
52 51
52 50
51 50
50 50
49 50
48 50
47 50
46 50
45 50
45 49
45 48
44 48
43 48
43 47
42 47
42 46
42 45
41 45
40 45
40 44
39 44
38 44
38 43
38 42
37 42
36 42
35 42
34 42
33 42
33 41
32 41
31 41
30 41
29 41
28 41
27 41
26 41
26 40
25 40
25 39
24 39
24 38
23 38
23 37
23 36
23 35
22 35
21 35
21 34
21 33
21 32
20 32
20 31
19 31
19 30
19 29
18 29
18 28
18 27
18 26
18 25
17 25
17 24
17 23
16 23
15 23
14 23
13 23
13 22
12 22
11 22
10 22
10 21
10 20
10 19
10 18
10 17
9 17
9 16
8 16
8 15
7 15
6 15
5 15
4 15
3 15
2 15
1 15
1 16
