10 8
10 9
10 10
10 11
10 12
10 13
10 14
9 14
8 14
8 15
8 16
8 17
8 18
8 19
8 20
8 21
8 22
8 23
8 24
9 24
9 25
10 25
10 26
11 26
11 27
11 28
12 28
13 28
13 29
13 30
13 31
13 32
13 33
13 34
13 35
14 35
14 36
14 37
15 37
16 37
17 37
18 37
18 38
18 39
18 40
18 41
18 42
17 42
17 43
17 44
17 45
17 46
17 47
17 48
17 49
17 50
17 51
17 52
17 53
18 53
19 53
20 53
21 53
22 53
23 53
23 54
23 55
24 55
24 56
24 57
24 58
24 59
24 60
23 60
23 61
23 62
23 63
23 64
23 65
23 66
23 67
22 67
21 67
21 68
21 69
22 69
22 70
22 71
21 71
21 72
21 73
22 73
22 74
22 75
22 76
23 76
23 77
23 78
23 79
24 79
24 80
24 81
24 82
24 83
25 83
26 83
26 84
26 85
26 86
27 86
28 86
28 87
28 88
29 88
30 88
