27 89
26 89
25 89
24 89
23 89
22 89
22 88
22 87
21 87
21 86
21 85
21 84
21 83
21 82
21 81
21 80
21 79
21 78
21 77
20 77
19 77
18 77
17 77
17 76
17 75
17 74
17 73
17 72
17 71
16 71
16 70
16 69
16 68
16 67
16 66
16 65
16 64
17 64
17 63
17 62
16 62
15 62
15 61
15 60
15 59
15 58
15 57
15 56
16 56
16 55
17 55
17 54
17 53
16 53
15 53
14 53
13 53
12 53
12 52
12 51
12 50
12 49
12 48
11 48
11 47
11 46
11 45
12 45
12 44
12 43
12 42
12 41
12 40
11 40
11 39
11 38
11 37
11 36
10 36
10 35
10 34
10 33
9 33
9 32
8 32
7 32
7 31
7 30
7 29
7 28
7 27
6 27
6 26
5 26
5 25
5 24
5 23
6 23
7 23
7 22
7 21
6 21
6 20
6 19
6 18
6 17
6 16
5 16
5 15
5 14
5 13
5 12
5 11
5 10
4 10
4 9
4 8
4 7
4 6
4 5
