75 30
74 30
74 31
74 32
74 33
74 34
73 34
72 34
71 34
71 35
71 36
70 36
69 36
69 37
69 38
69 39
68 39
68 40
67 40
67 41
67 42
67 43
67 44
67 45
66 45
65 45
64 45
64 46
64 47
63 47
62 47
61 47
60 47
60 48
59 48
59 49
58 49
57 49
56 49
55 49
54 49
54 50
53 50
52 50
51 50
51 51
51 52
50 52
50 53
49 53
48 53
47 53
47 54
46 54
45 54
44 54
44 55
44 56
43 56
43 57
43 58
43 59
43 60
43 61
43 62
43 63
42 63
41 63
40 63
40 64
40 65
39 65
39 66
39 67
38 67
38 68
38 69
38 70
38 71
38 72
38 73
38 74
38 75
38 76
38 77
38 78
37 78
36 78
35 78
34 78
34 79
33 79
33 80
32 80
31 80
30 80
29 80
28 80
28 81
28 82
28 83
28 84
28 85
28 86
27 86
27 87
27 88
27 89
27 90
27 91
26 91
26 92
26 93
