33 90
33 89
33 88
34 88
34 87
34 86
35 86
36 86
37 86
37 85
38 85
38 84
38 83
38 82
38 81
38 80
38 79
39 79
39 78
40 78
40 77
40 76
41 76
42 76
42 75
42 74
42 73
42 72
43 72
43 71
43 70
43 69
43 68
43 67
43 66
43 65
43 64
44 64
45 64
46 64
47 64
47 63
47 62
48 62
48 61
48 60
49 60
49 59
49 58
49 57
49 56
49 55
49 54
49 53
50 53
50 52
50 51
50 50
51 50
52 50
53 50
53 49
53 48
54 48
55 48
55 47
56 47
57 47
58 47
59 47
59 46
59 45
58 45
58 44
58 43
58 42
58 41
58 40
58 39
58 38
58 37
59 37
59 36
59 35
59 34
60 34
61 34
61 33
62 33
62 32
63 32
