37 38
38 38
39 38
39 39
39 40
40 40
41 40
42 40
43 40
44 40
44 41
44 42
44 43
44 44
45 44
46 44
47 44
47 45
48 45
49 45
49 44
49 43
50 43
51 43
51 44
52 44
53 44
54 44
55 44
56 44
57 44
58 44
59 44
60 44
60 45
61 45
62 45
63 45
64 45
65 45
66 45
67 45
68 45
68 46
69 46
70 46
71 46
72 46
73 46
73 45
74 45
75 45
76 45
76 44
77 44
78 44
79 44
79 43
79 42
80 42
81 42
82 42
82 43
82 44
82 45
83 45
84 45
84 46
84 47
83 47
83 48
83 49
82 49
81 49
81 50
81 51
82 51
82 52
82 53
82 54
82 55
82 56
81 56
81 57
81 58
81 59
81 60
81 61
82 61
82 62
82 63
82 64
82 65
82 66
83 66
83 67
84 67
85 67
85 68
86 68
87 68
88 68
89 68
90 68
90 69
91 69
91 70
91 71
92 71
92 72
92 73
91 73
90 73
