46 13
46 14
46 15
46 16
46 17
46 18
46 19
46 20
46 21
46 22
46 23
47 23
47 24
47 25
46 25
45 25
45 26
45 27
44 27
43 27
43 28
43 29
43 30
42 30
41 30
41 31
41 32
41 33
40 33
39 33
39 34
39 35
39 36
39 37
39 38
39 39
39 40
39 41
39 42
39 43
39 44
39 45
39 46
39 47
40 47
40 48
40 49
40 50
40 51
40 52
40 53
40 54
40 55
39 55
39 56
38 56
38 57
38 58
38 59
38 60
38 61
37 61
36 61
36 62
35 62
35 63
35 64
36 64
36 65
37 65
37 66
37 67
37 68
38 68
38 69
38 70
38 71
38 72
38 73
38 74
38 75
38 76
38 77
39 77
40 77
41 77
