90 0
91 0
92 0
92 1
93 1
93 2
93 3
94 3
94 4
94 5
94 6
94 7
94 8
94 9
94 10
93 10
93 11
92 11
91 11
90 11
89 11
89 12
88 12
88 13
87 13
86 13
85 13
85 14
84 14
83 14
83 15
83 16
82 16
82 17
82 18
81 18
81 19
80 19
79 19
78 19
77 19
76 19
76 20
75 20
74 20
73 20
72 20
72 21
72 22
72 23
72 24
71 24
70 24
69 24
68 24
68 25
68 26
67 26
66 26
65 26
64 26
63 26
62 26
61 26
61 25
60 25
60 24
59 24
58 24
57 24
56 24
55 24
55 25
54 25
53 25
52 25
51 25
51 26
51 27
51 28
51 29
51 30
50 30
49 30
48 30
48 31
47 31
47 32
47 33
46 33
45 33
44 33
43 33
43 32
42 32
42 31
41 31
40 31
39 31
38 31
38 32
37 32
36 32
36 31
36 30
36 29
35 29
34 29
34 30
34 31
33 31
33 32
33 33
32 33
31 33
30 33
29 33
28 33
27 33
26 33
25 33
24 33
23 33
22 33
22 34
22 35
21 35
20 35
19 35
18 35
17 35
16 35
15 35
15 36
15 37
15 38
15 39
