18 16
18 17
18 18
17 18
17 19
17 20
17 21
16 21
16 22
16 23
16 24
16 25
15 25
15 26
15 27
15 28
15 29
15 30
14 30
13 30
12 30
11 30
10 30
10 31
10 32
10 33
10 34
10 35
9 35
9 36
9 37
10 37
10 38
11 38
11 39
11 40
11 41
11 42
11 43
12 43
12 44
13 44
13 45
13 46
14 46
14 47
14 48
15 48
15 49
15 50
16 50
17 50
17 51
17 52
17 53
17 54
17 55
17 56
18 56
19 56
20 56
21 56
22 56
23 56
24 56
25 56
26 56
26 57
26 58
26 59
27 59
27 60
27 61
28 61
29 61
29 62
29 63
29 64
29 65
29 66
29 67
30 67
31 67
32 67
32 68
32 69
33 69
33 70
33 71
33 72
34 72
34 73
34 74
34 75
34 76
34 77
34 78
34 79
34 80
35 80
35 81
36 81
37 81
38 81
39 81
40 81
41 81
42 81
