29 93
30 93
31 93
31 94
32 94
33 94
34 94
34 95
35 95
35 96
36 96
36 97
37 97
37 98
37 99
38 99
39 99
40 99
41 99
42 99
43 99
44 99
44 98
44 97
44 96
45 96
46 96
46 95
47 95
48 95
49 95
49 94
50 94
51 94
52 94
52 93
53 93
53 92
54 92
55 92
55 91
56 91
57 91
58 91
59 91
59 90
59 89
60 89
61 89
61 90
62 90
63 90
64 90
64 91
65 91
65 92
65 93
65 94
66 94
67 94
67 95
68 95
69 95
69 96
70 96
71 96
72 96
73 96
74 96
75 96
76 96
77 96
78 96
79 96
80 96
81 96
81 95
81 94
82 94
83 94
84 94
85 94
85 95
85 96
85 97
85 98
85 99
