38 83
38 82
39 82
40 82
41 82
41 83
42 83
42 84
43 84
44 84
44 83
45 83
46 83
47 83
48 83
49 83
49 82
49 81
49 80
49 79
49 78
50 78
51 78
52 78
52 77
53 77
54 77
54 76
55 76
55 75
56 75
56 74
57 74
58 74
58 73
59 73
59 72
59 71
59 70
60 70
60 69
60 68
60 67
60 66
61 66
61 65
62 65
63 65
64 65
65 65
66 65
66 64
66 63
67 63
67 62
67 61
68 61
69 61
70 61
71 61
72 61
73 61
74 61
74 60
74 59
74 58
75 58
75 57
75 56
76 56
76 55
76 54
76 53
76 52
76 51
77 51
78 51
79 51
80 51
80 50
80 49
81 49
82 49
83 49
84 49
85 49
86 49
86 48
86 47
87 47
88 47
88 46
88 45
87 45
86 45
85 45
85 44
84 44
84 43
84 42
84 41
84 40
84 39
84 38
84 37
84 36
84 35
84 34
85 34
85 33
85 32
86 32
87 32
88 32
88 31
89 31
89 30
89 29
89 28
89 27
89 26
90 26
90 25
90 24
90 23
90 22
91 22
91 21
91 20
91 19
91 18
91 17
91 16
91 15
91 14
92 14
93 14
94 14
