72 85
72 84
73 84
74 84
74 83
75 83
75 82
76 82
76 81
76 80
75 80
75 79
74 79
74 78
74 77
74 76
74 75
73 75
73 74
73 73
73 72
73 71
72 71
72 70
72 69
71 69
71 68
71 67
71 66
71 65
71 64
71 63
71 62
71 61
70 61
69 61
68 61
67 61
67 60
66 60
65 60
65 59
65 58
65 57
65 56
65 55
65 54
66 54
67 54
67 53
67 52
67 51
67 50
67 49
67 48
67 47
67 46
67 45
67 44
67 43
67 42
67 41
67 40
67 39
67 38
66 38
66 37
66 36
66 35
66 34
66 33
66 32
66 31
66 30
66 29
66 28
67 28
67 27
67 26
67 25
68 25
68 24
68 23
69 23
70 23
70 22
71 22
71 21
71 20
71 19
71 18
71 17
72 17
72 16
72 15
72 14
73 14
73 13
73 12
73 11
74 11
