25 14
25 15
25 16
25 17
25 18
26 18
27 18
28 18
29 18
29 19
29 20
29 21
29 22
29 23
29 24
29 25
29 26
30 26
30 27
31 27
31 28
32 28
33 28
33 29
33 30
33 31
34 31
35 31
35 32
35 33
36 33
36 34
36 35
37 35
38 35
39 35
40 35
41 35
42 35
43 35
44 35
44 34
45 34
46 34
47 34
48 34
49 34
50 34
51 34
51 35
51 36
52 36
52 37
53 37
53 38
53 39
54 39
55 39
56 39
57 39
58 39
58 40
59 40
60 40
60 39
61 39
61 38
62 38
63 38
63 39
64 39
65 39
66 39
67 39
68 39
68 40
69 40
69 41
70 41
71 41
72 41
73 41
74 41
75 41
76 41
77 41
78 41
79 41
80 41
80 42
81 42
81 43
82 43
83 43
83 44
84 44
85 44
85 45
86 45
87 45
88 45
89 45
90 45
91 45
92 45
92 46
93 46
94 46
95 46
96 46
97 46
97 45
98 45
99 45
