33 26
32 26
32 27
31 27
31 28
30 28
29 28
28 28
28 29
28 30
28 31
28 32
28 33
28 34
27 34
26 34
26 35
26 36
26 37
25 37
25 38
25 39
25 40
26 40
26 41
26 42
26 43
26 44
26 45
26 46
26 47
26 48
26 49
26 50
27 50
27 51
27 52
26 52
25 52
24 52
24 53
23 53
22 53
22 54
21 54
20 54
20 55
20 56
19 56
18 56
18 57
17 57
17 58
16 58
16 59
15 59
14 59
13 59
13 60
12 60
12 61
12 62
12 63
11 63
10 63
10 64
9 64
9 65
9 66
8 66
7 66
6 66
5 66
5 67
5 68
5 69
5 70
5 71
5 72
5 73
5 74
5 75
5 76
5 77
5 78
6 78
6 79
6 80
5 80
5 81
4 81
3 81
3 82
