99 0
98 0
97 0
96 0
95 0
94 0
93 0
92 0
91 0
90 0
89 0
88 0
87 0
86 0
85 0
84 0
83 0
82 0
81 0
80 0
80 1
80 2
80 3
80 4
80 5
79 5
78 5
77 5
76 5
76 6
76 7
76 8
75 8
75 9
75 10
75 11
74 11
73 11
72 11
71 11
70 11
69 11
69 12
68 12
67 12
66 12
66 13
65 13
65 14
65 15
64 15
64 16
64 17
64 18
64 19
63 19
62 19
61 19
61 20
61 21
61 22
60 22
59 22
58 22
57 22
57 23
57 24
57 25
56 25
56 26
56 27
55 27
54 27
54 28
53 28
52 28
51 28
50 28
49 28
48 28
48 29
47 29
46 29
46 30
46 31
45 31
45 32
44 32
44 33
44 34
44 35
44 36
44 37
44 38
44 39
43 39
43 40
42 40
42 41
41 41
40 41
39 41
39 42
39 43
38 43
37 43
36 43
35 43
34 43
33 43
32 43
31 43
30 43
29 43
28 43
27 43
26 43
26 44
25 44
24 44
23 44
22 44
21 44
20 44
19 44
18 44
17 44
17 45
16 45
15 45
14 45
14 46
13 46
13 47
13 48
14 48
14 49
14 50
14 51
14 52
14 53
14 54
14 55
14 56
15 56
15 57
15 58
15 59
16 59
17 59
