17 0
17 1
17 2
17 3
17 4
18 4
18 5
18 6
18 7
18 8
18 9
19 9
20 9
20 10
20 11
21 11
21 12
21 13
21 14
22 14
23 14
24 14
25 14
26 14
26 15
27 15
28 15
29 15
30 15
31 15
32 15
33 15
33 16
34 16
35 16
36 16
36 15
37 15
38 15
38 16
39 16
39 17
40 17
41 17
42 17
43 17
43 18
43 19
44 19
44 20
44 21
44 22
44 23
44 24
44 25
44 26
44 27
45 27
46 27
47 27
48 27
49 27
50 27
51 27
51 26
52 26
53 26
54 26
55 26
55 27
56 27
57 27
58 27
59 27
60 27
61 27
62 27
63 27
63 28
64 28
65 28
66 28
67 28
67 29
67 30
67 31
68 31
68 32
69 32
70 32
70 31
71 31
72 31
73 31
74 31
75 31
76 31
77 31
78 31
79 31
80 31
81 31
81 30
82 30
83 30
84 30
85 30
86 30
86 29
87 29
87 28
88 28
89 28
89 27
89 26
90 26
91 26
91 27
