80 63
79 63
79 62
78 62
77 62
76 62
75 62
75 61
74 61
73 61
72 61
71 61
70 61
70 60
70 59
69 59
69 58
68 58
67 58
66 58
66 57
65 57
64 57
63 57
62 57
61 57
61 56
60 56
59 56
59 55
58 55
58 54
58 53
57 53
56 53
56 52
56 51
56 50
56 49
55 49
54 49
53 49
52 49
51 49
50 49
50 50
49 50
48 50
47 50
46 50
45 50
44 50
43 50
42 50
41 50
40 50
39 50
39 49
39 48
38 48
37 48
37 49
36 49
35 49
34 49
34 48
33 48
32 48
32 47
31 47
30 47
29 47
28 47
27 47
26 47
25 47
24 47
23 47
22 47
21 47
21 46
21 45
21 44
21 43
20 43
19 43
18 43
18 42
17 42
16 42
15 42
14 42
13 42
13 41
12 41
11 41
11 42
11 43
10 43
9 43
9 42
8 42
7 42
