46 14
45 14
45 13
44 13
43 13
42 13
41 13
40 13
39 13
38 13
37 13
36 13
36 14
36 15
36 16
35 16
34 16
33 16
32 16
31 16
31 17
31 18
31 19
30 19
30 20
30 21
30 22
30 23
29 23
29 24
28 24
28 25
28 26
28 27
28 28
28 29
28 30
28 31
28 32
28 33
28 34
28 35
28 36
29 36
29 37
29 38
29 39
30 39
30 40
30 41
29 41
28 41
27 41
27 42
27 43
27 44
26 44
25 44
24 44
24 45
24 46
24 47
24 48
24 49
24 50
24 51
24 52
24 53
24 54
24 55
24 56
23 56
23 57
23 58
23 59
23 60
22 60
21 60
21 61
21 62
21 63
21 64
21 65
22 65
22 66
22 67
21 67
20 67
20 68
20 69
20 70
20 71
20 72
20 73
20 74
21 74
22 74
22 75
22 76
22 77
22 78
22 79
21 79
20 79
20 80
20 81
20 82
20 83
19 83
18 83
