29 80
29 79
29 78
29 77
29 76
29 75
29 74
30 74
31 74
31 73
31 72
31 71
32 71
33 71
33 70
34 70
34 69
34 68
34 67
34 66
34 65
34 64
35 64
36 64
37 64
37 63
37 62
37 61
38 61
39 61
39 60
39 59
40 59
41 59
42 59
42 58
42 57
42 56
43 56
44 56
44 55
45 55
45 54
45 53
46 53
46 52
46 51
46 50
46 49
46 48
46 47
46 46
46 45
47 45
48 45
48 44
48 43
48 42
48 41
48 40
49 40
49 39
49 38
49 37
49 36
48 36
48 35
48 34
49 34
50 34
51 34
51 35
52 35
53 35
53 34
53 33
54 33
55 33
55 32
56 32
57 32
58 32
59 32
59 31
59 30
59 29
60 29
60 28
60 27
61 27
62 27
63 27
64 27
65 27
66 27
67 27
67 26
68 26
68 25
68 24
69 24
