27 45
27 46
27 47
27 48
28 48
29 48
29 49
30 49
31 49
31 50
32 50
33 50
33 51
34 51
34 52
35 52
36 52
37 52
38 52
39 52
39 53
40 53
41 53
42 53
42 54
43 54
44 54
45 54
46 54
46 55
47 55
47 56
48 56
48 57
49 57
49 58
50 58
50 59
51 59
51 60
51 61
51 62
51 63
52 63
52 64
52 65
52 66
53 66
54 66
54 67
55 67
56 67
57 67
58 67
59 67
60 67
61 67
62 67
63 67
64 67
64 68
64 69
65 69
66 69
67 69
68 69
69 69
69 70
69 71
69 72
69 73
69 74
69 75
70 75
71 75
72 75
73 75
74 75
75 75
76 75
77 75
78 75
79 75
80 75
80 76
81 76
82 76
83 76
83 75
84 75
