32 67
32 66
32 65
32 64
33 64
33 63
34 63
34 62
34 61
34 60
34 59
34 58
34 57
33 57
32 57
32 56
32 55
32 54
32 53
32 52
32 51
32 50
32 49
33 49
33 48
33 47
33 46
34 46
35 46
35 45
35 44
35 43
35 42
35 41
34 41
34 40
34 39
34 38
34 37
35 37
35 36
35 35
35 34
35 33
35 32
35 31
35 30
34 30
34 29
34 28
34 27
34 26
35 26
35 25
36 25
37 25
38 25
39 25
39 24
39 23
39 22
40 22
41 22
41 21
42 21
42 20
42 19
43 19
44 19
45 19
46 19
47 19
48 19
49 19
49 18
49 17
49 16
49 15
49 14
50 14
50 13
50 12
51 12
51 11
52 11
52 10
52 9
53 9
54 9
55 9
56 9
56 8
57 8
58 8
59 8
60 8
61 8
62 8
63 8
63 7
64 7
65 7
66 7
67 7
68 7
69 7
70 7
71 7
72 7
73 7
73 6
73 5
74 5
74 4
75 4
76 4
77 4
78 4
78 5
78 6
78 7
78 8
79 8
79 9
80 9
81 9
82 9
83 9
84 9
85 9
86 9
86 10
86 11
86 12
86 13
87 13
87 14
88 14
89 14
89 15
89 16
88 16
88 17
87 17
87 18
87 19
