35 78
34 78
33 78
32 78
31 78
30 78
30 77
30 76
30 75
30 74
30 73
30 72
30 71
30 70
31 70
32 70
33 70
34 70
34 69
34 68
34 67
34 66
34 65
34 64
34 63
34 62
34 61
34 60
35 60
35 59
35 58
35 57
36 57
37 57
37 56
37 55
37 54
37 53
37 52
38 52
39 52
40 52
40 51
40 50
40 49
40 48
40 47
41 47
41 46
41 45
41 44
41 43
41 42
42 42
43 42
44 42
45 42
45 41
45 40
45 39
46 39
46 38
47 38
48 38
49 38
49 37
49 36
50 36
50 35
50 34
51 34
52 34
52 33
53 33
53 32
53 31
54 31
54 30
54 29
54 28
55 28
55 27
55 26
56 26
57 26
57 25
57 24
57 23
58 23
59 23
59 22
59 21
59 20
59 19
59 18
59 17
59 16
60 16
61 16
62 16
63 16
63 15
64 15
64 14
65 14
66 14
67 14
68 14
68 13
69 13
70 13
71 13
72 13
73 13
74 13
74 12
75 12
75 11
75 10
75 9
76 9
76 8
76 7
77 7
77 6
77 5
77 4
78 4
79 4
80 4
81 4
82 4
83 4
83 3
83 2
84 2
85 2
86 2
87 2
87 1
