98 72
98 71
98 70
97 70
96 70
95 70
94 70
94 69
94 68
94 67
94 66
94 65
93 65
92 65
91 65
91 64
90 64
89 64
88 64
87 64
86 64
85 64
84 64
84 63
83 63
82 63
82 62
82 61
82 60
82 59
82 58
81 58
80 58
79 58
78 58
77 58
76 58
75 58
74 58
74 57
74 56
73 56
73 55
72 55
71 55
70 55
70 54
69 54
68 54
68 53
68 52
68 51
68 50
68 49
68 48
67 48
67 47
66 47
66 46
66 45
65 45
64 45
64 44
63 44
62 44
62 43
62 42
62 41
62 40
62 39
62 38
61 38
61 37
61 36
60 36
60 35
59 35
58 35
57 35
56 35
55 35
55 34
54 34
53 34
52 34
51 34
50 34
50 33
49 33
48 33
48 32
48 31
48 30
48 29
47 29
47 28
