30 51
31 51
31 50
32 50
33 50
33 51
33 52
33 53
33 54
34 54
35 54
36 54
36 55
36 56
37 56
38 56
38 55
38 54
38 53
39 53
40 53
40 52
41 52
41 51
42 51
42 50
43 50
44 50
44 49
44 48
45 48
45 47
46 47
47 47
48 47
48 46
48 45
48 44
48 43
48 42
48 41
48 40
48 39
48 38
48 37
48 36
48 35
48 34
49 34
49 33
49 32
48 32
48 31
48 30
48 29
49 29
50 29
51 29
52 29
52 28
52 27
51 27
51 26
51 25
51 24
52 24
53 24
54 24
55 24
56 24
57 24
57 23
58 23
59 23
59 22
60 22
61 22
61 21
61 20
62 20
62 19
63 19
64 19
65 19
66 19
66 18
67 18
67 17
68 17
69 17
69 16
70 16
71 16
72 16
73 16
73 15
74 15
75 15
76 15
76 14
76 13
76 12
77 12
78 12
79 12
80 12
80 11
81 11
82 11
82 10
83 10
84 10
85 10
86 10
87 10
87 9
87 8
88 8
88 7
88 6
89 6
90 6
90 7
91 7
92 7
93 7
94 7
94 8
95 8
95 9
96 9
97 9
98 9
