38 32
38 33
37 33
36 33
36 34
36 35
36 36
36 37
36 38
35 38
35 39
35 40
35 41
34 41
34 42
34 43
34 44
34 45
34 46
34 47
34 48
33 48
33 49
33 50
33 51
33 52
33 53
32 53
31 53
31 54
31 55
31 56
31 57
31 58
30 58
30 59
30 60
30 61
30 62
30 63
30 64
30 65
30 66
29 66
28 66
28 67
28 68
27 68
26 68
25 68
25 69
25 70
25 71
25 72
24 72
24 73
23 73
22 73
22 74
21 74
20 74
19 74
19 75
18 75
18 76
17 76
16 76
15 76
15 77
15 78
14 78
13 78
13 79
12 79
11 79
11 80
11 81
11 82
11 83
12 83
13 83
14 83
15 83
15 84
16 84
16 85
17 85
17 86
18 86
19 86
19 87
20 87
20 88
21 88
21 89
21 90
22 90
22 91
23 91
24 91
24 90
24 89
24 88
24 87
