36 3
36 2
35 2
34 2
33 2
32 2
31 2
31 3
31 4
31 5
31 6
31 7
30 7
30 8
30 9
30 10
29 10
28 10
27 10
27 11
27 12
27 13
28 13
29 13
29 14
30 14
30 15
30 16
30 17
30 18
30 19
31 19
31 20
31 21
31 22
32 22
32 23
32 24
31 24
31 25
30 25
30 26
30 27
30 28
31 28
32 28
32 29
32 30
32 31
32 32
32 33
32 34
32 35
32 36
32 37
32 38
32 39
33 39
33 40
33 41
33 42
32 42
31 42
30 42
29 42
29 43
28 43
28 44
28 45
29 45
30 45
30 46
30 47
30 48
30 49
31 49
31 50
31 51
31 52
31 53
31 54
31 55
32 55
33 55
34 55
34 56
34 57
34 58
34 59
34 60
35 60
35 61
35 62
35 63
35 64
35 65
35 66
35 67
35 68
36 68
36 69
36 70
35 70
34 70
34 71
33 71
33 72
33 73
