61 81
61 80
61 79
62 79
63 79
64 79
64 80
65 80
65 81
65 82
65 83
65 84
66 84
66 85
67 85
68 85
68 86
69 86
70 86
71 86
72 86
72 85
72 84
73 84
73 83
74 83
75 83
76 83
76 82
76 81
75 81
74 81
74 80
74 79
74 78
74 77
74 76
74 75
74 74
74 73
73 73
73 72
73 71
73 70
73 69
73 68
73 67
73 66
73 65
73 64
74 64
74 63
75 63
75 62
75 61
75 60
75 59
75 58
76 58
76 57
76 56
76 55
76 54
75 54
74 54
74 53
73 53
73 52
73 51
73 50
73 49
73 48
73 47
73 46
73 45
73 44
73 43
74 43
74 42
74 41
74 40
75 40
75 39
76 39
76 38
76 37
75 37
75 36
75 35
75 34
75 33
75 32
75 31
75 30
74 30
74 29
74 28
73 28
73 27
72 27
72 26
72 25
71 25
71 24
71 23
71 22
71 21
71 20
71 19
72 19
72 18
72 17
72 16
72 15
71 15
70 15
70 14
