2 16
1 16
1 15
1 14
0 14
0 13
0 12
0 11
0 10
0 9
0 8
0 7
1 7
1 6
1 5
2 5
3 5
4 5
4 4
5 4
5 3
5 2
6 2
6 1
7 1
8 1
9 1
9 2
9 3
9 4
9 5
9 6
9 7
10 7
11 7
12 7
13 7
14 7
15 7
16 7
17 7
18 7
18 8
19 8
19 9
20 9
20 10
20 11
20 12
20 13
20 14
20 15
21 15
22 15
23 15
24 15
24 16
24 17
24 18
24 19
25 19
26 19
27 19
27 20
28 20
29 20
30 20
31 20
32 20
33 20
34 20
34 21
35 21
36 21
37 21
37 22
37 23
37 24
38 24
38 25
38 26
38 27
38 28
38 29
38 30
38 31
38 32
39 32
39 33
40 33
40 34
41 34
41 35
41 36
41 37
41 38
42 38
42 39
42 40
42 41
42 42
42 43
43 43
43 44
43 45
42 45
42 46
42 47
42 48
42 49
42 50
43 50
43 51
44 51
45 51
45 52
46 52
47 52
47 53
47 54
47 55
47 56
47 57
47 58
47 59
47 60
47 61
47 62
47 63
47 64
47 65
47 66
48 66
48 67
49 67
50 67
50 68
50 69
50 70
50 71
50 72
50 73
50 74
51 74
52 74
52 75
52 76
52 77
52 78
52 79
52 80
52 81
53 81
54 81
54 82
55 82
56 82
56 81
57 81
58 81
58 80
