77 53
76 53
75 53
74 53
73 53
73 54
73 55
73 56
73 57
72 57
72 58
71 58
70 58
69 58
68 58
68 59
67 59
66 59
66 60
66 61
65 61
65 62
64 62
64 63
63 63
62 63
62 64
61 64
61 65
61 66
61 67
60 67
59 67
58 67
57 67
56 67
55 67
55 68
54 68
53 68
52 68
51 68
50 68
49 68
48 68
47 68
46 68
45 68
45 67
44 67
43 67
42 67
41 67
40 67
39 67
39 66
39 65
38 65
37 65
37 64
36 64
35 64
34 64
34 65
33 65
32 65
32 64
31 64
30 64
30 65
29 65
29 66
29 67
28 67
27 67
27 68
26 68
25 68
25 69
24 69
23 69
22 69
21 69
20 69
19 69
18 69
18 70
18 71
18 72
18 73
17 73
17 74
16 74
15 74
15 75
14 75
13 75
12 75
11 75
10 75
10 76
9 76
8 76
7 76
6 76
6 77
6 78
6 79
5 79
4 79
3 79
2 79
2 80
2 81
2 82
2 83
2 84
2 85
3 85
