99 99
98 99
98 98
97 98
96 98
95 98
94 98
94 97
93 97
92 97
91 97
90 97
90 96
90 95
89 95
88 95
87 95
86 95
86 94
85 94
84 94
83 94
82 94
81 94
80 94
80 93
79 93
79 92
79 91
78 91
77 91
76 91
75 91
75 90
74 90
73 90
72 90
72 91
71 91
70 91
69 91
68 91
67 91
66 91
65 91
64 91
63 91
62 91
61 91
61 90
61 89
60 89
59 89
58 89
57 89
57 88
57 87
56 87
55 87
54 87
53 87
53 88
52 88
51 88
51 89
50 89
49 89
49 88
48 88
47 88
46 88
45 88
44 88
43 88
42 88
42 89
41 89
40 89
39 89
38 89
38 90
37 90
36 90
35 90
34 90
33 90
33 91
32 91
31 91
30 91
29 91
28 91
27 91
26 91
25 91
24 91
23 91
23 90
23 89
22 89
21 89
