42 5
42 6
41 6
41 7
41 8
40 8
40 9
39 9
38 9
38 10
38 11
38 12
37 12
36 12
35 12
34 12
34 13
33 13
32 13
31 13
31 14
31 15
30 15
30 16
29 16
29 17
29 18
29 19
29 20
28 20
28 21
28 22
28 23
27 23
27 24
27 25
26 25
26 26
25 26
25 27
25 28
24 28
23 28
23 29
23 30
22 30
22 31
22 32
22 33
22 34
22 35
22 36
22 37
21 37
21 38
21 39
20 39
19 39
19 40
19 41
19 42
19 43
19 44
19 45
19 46
19 47
19 48
18 48
17 48
17 49
17 50
17 51
17 52
16 52
15 52
15 53
14 53
14 54
13 54
12 54
11 54
11 55
10 55
9 55
9 56
9 57
9 58
9 59
9 60
9 61
9 62
9 63
9 64
9 65
9 66
8 66
7 66
7 67
7 68
8 68
8 69
8 70
8 71
8 72
8 73
9 73
10 73
10 74
