33 59
33 58
33 57
33 56
34 56
35 56
36 56
36 55
37 55
37 54
38 54
38 53
38 52
37 52
37 51
37 50
37 49
37 48
37 47
37 46
38 46
39 46
39 45
39 44
39 43
40 43
41 43
41 42
41 41
41 40
41 39
41 38
41 37
41 36
41 35
42 35
42 34
43 34
43 33
43 32
44 32
44 31
45 31
46 31
46 30
47 30
48 30
49 30
49 29
49 28
49 27
50 27
50 26
50 25
50 24
50 23
51 23
52 23
53 23
53 22
53 21
53 20
53 19
53 18
53 17
54 17
54 16
54 15
55 15
55 14
55 13
56 13
57 13
57 12
58 12
59 12
60 12
60 11
60 10
60 9
60 8
61 8
62 8
62 7
63 7
64 7
65 7
65 6
66 6
67 6
67 7
67 8
68 8
69 8
70 8
71 8
72 8
73 8
73 9
73 10
73 11
73 12
