66 87
66 88
66 89
65 89
64 89
63 89
62 89
61 89
60 89
60 88
60 87
60 86
60 85
60 84
60 83
60 82
61 82
61 81
61 80
61 79
61 78
61 77
61 76
61 75
61 74
61 73
60 73
60 72
60 71
60 70
60 69
61 69
61 68
61 67
61 66
60 66
60 65
60 64
60 63
60 62
60 61
59 61
59 60
59 59
59 58
59 57
59 56
58 56
58 55
58 54
58 53
59 53
59 52
59 51
59 50
58 50
58 49
58 48
58 47
58 46
58 45
58 44
58 43
57 43
57 42
57 41
57 40
57 39
56 39
56 38
56 37
57 37
57 36
57 35
57 34
57 33
57 32
57 31
57 30
57 29
57 28
58 28
58 27
59 27
60 27
60 26
61 26
61 25
61 24
61 23
61 22
61 21
61 20
61 19
62 19
63 19
64 19
64 18
64 17
64 16
65 16
65 15
65 14
66 14
67 14
67 13
67 12
67 11
68 11
