24 9
24 10
24 11
24 12
24 13
25 13
25 14
25 15
25 16
26 16
26 17
26 18
26 19
27 19
28 19
29 19
29 20
30 20
30 21
30 22
30 23
30 24
31 24
31 25
31 26
31 27
31 28
30 28
30 29
30 30
30 31
30 32
29 32
29 33
28 33
28 34
28 35
28 36
27 36
27 37
27 38
27 39
27 40
27 41
27 42
27 43
27 44
27 45
28 45
28 46
29 46
30 46
31 46
31 47
31 48
32 48
32 49
33 49
34 49
35 49
35 50
36 50
37 50
38 50
39 50
40 50
40 51
40 52
40 53
40 54
40 55
40 56
40 57
40 58
40 59
41 59
41 60
42 60
43 60
43 61
44 61
44 62
44 63
44 64
44 65
44 66
44 67
44 68
44 69
44 70
44 71
44 72
45 72
46 72
47 72
47 73
47 74
47 75
47 76
47 77
47 78
47 79
47 80
48 80
49 80
50 80
51 80
52 80
53 80
54 80
54 81
54 82
55 82
56 82
57 82
58 82
59 82
59 83
60 83
