99 1
99 2
98 2
97 2
96 2
95 2
94 2
93 2
93 3
92 3
92 4
92 5
92 6
92 7
92 8
91 8
90 8
90 9
90 10
89 10
88 10
87 10
87 11
87 12
87 13
86 13
85 13
85 12
84 12
84 11
83 11
82 11
81 11
80 11
79 11
79 10
79 9
78 9
77 9
76 9
75 9
74 9
73 9
72 9
71 9
71 10
70 10
70 11
69 11
69 12
68 12
67 12
66 12
65 12
65 11
64 11
63 11
62 11
61 11
60 11
59 11
58 11
57 11
57 12
56 12
55 12
54 12
53 12
53 11
52 11
51 11
50 11
49 11
48 11
47 11
47 12
46 12
45 12
44 12
44 11
43 11
43 10
42 10
41 10
40 10
39 10
38 10
38 11
37 11
36 11
35 11
34 11
34 12
34 13
33 13
32 13
31 13
31 12
31 11
31 10
30 10
29 10
29 9
28 9
27 9
26 9
26 8
