46 8
46 9
46 10
45 10
45 11
45 12
45 13
45 14
45 15
45 16
45 17
46 17
47 17
47 18
47 19
48 19
49 19
49 20
49 21
50 21
50 22
50 23
50 24
50 25
50 26
49 26
49 27
49 28
48 28
48 29
47 29
47 30
47 31
47 32
47 33
46 33
46 34
46 35
46 36
46 37
46 38
46 39
45 39
44 39
43 39
43 40
43 41
43 42
43 43
43 44
43 45
43 46
43 47
43 48
43 49
43 50
43 51
43 52
43 53
44 53
44 54
44 55
44 56
44 57
43 57
43 58
43 59
43 60
44 60
44 61
44 62
44 63
45 63
46 63
46 64
47 64
47 65
48 65
49 65
49 66
49 67
50 67
51 67
51 68
51 69
51 70
51 71
51 72
52 72
53 72
54 72
54 73
55 73
56 73
57 73
58 73
59 73
60 73
61 73
61 72
62 72
