5 33
5 34
6 34
7 34
8 34
9 34
9 35
10 35
11 35
12 35
13 35
14 35
15 35
16 35
17 35
17 36
18 36
19 36
19 37
20 37
20 38
21 38
22 38
23 38
24 38
24 37
24 36
24 35
24 34
25 34
26 34
27 34
28 34
28 35
29 35
29 36
29 37
29 38
29 39
29 40
30 40
31 40
31 41
32 41
33 41
34 41
34 42
35 42
35 43
36 43
36 44
37 44
37 45
37 46
37 47
38 47
39 47
40 47
41 47
42 47
43 47
44 47
45 47
46 47
47 47
48 47
49 47
50 47
51 47
52 47
52 46
53 46
54 46
55 46
56 46
57 46
57 45
58 45
59 45
59 46
59 47
60 47
60 48
60 49
59 49
58 49
57 49
