18 32
18 33
19 33
19 34
19 35
19 36
19 37
19 38
19 39
20 39
21 39
22 39
22 40
23 40
23 41
23 42
23 43
23 44
23 45
24 45
25 45
26 45
27 45
28 45
29 45
30 45
31 45
31 46
32 46
33 46
34 46
35 46
36 46
37 46
37 47
37 48
38 48
39 48
40 48
41 48
42 48
43 48
44 48
45 48
45 49
45 50
46 50
47 50
48 50
49 50
50 50
50 51
50 52
50 53
51 53
52 53
53 53
53 54
54 54
55 54
55 55
55 56
55 57
55 58
56 58
57 58
58 58
59 58
60 58
61 58
61 59
61 60
61 61
62 61
63 61
63 62
64 62
65 62
66 62
67 62
68 62
68 63
68 64
68 65
69 65
70 65
70 66
70 67
71 67
71 68
72 68
73 68
73 69
73 70
74 70
74 71
75 71
75 72
75 73
76 73
76 74
77 74
78 74
78 75
78 76
78 77
78 78
79 78
