48 99
48 98
48 97
48 96
49 96
49 95
49 94
49 93
49 92
50 92
50 91
50 90
49 90
48 90
48 89
47 89
47 88
47 87
47 86
47 85
47 84
47 83
47 82
47 81
47 80
48 80
49 80
50 80
50 79
51 79
52 79
53 79
53 78
54 78
54 77
54 76
55 76
56 76
56 75
56 74
56 73
56 72
56 71
55 71
55 70
55 69
55 68
55 67
55 66
55 65
56 65
57 65
57 64
57 63
57 62
57 61
57 60
57 59
57 58
58 58
59 58
59 57
59 56
60 56
60 55
60 54
60 53
61 53
61 52
61 51
61 50
61 49
61 48
60 48
60 47
60 46
60 45
60 44
61 44
61 43
61 42
62 42
63 42
63 41
63 40
63 39
63 38
64 38
64 37
64 36
63 36
62 36
61 36
61 35
61 34
61 33
61 32
61 31
62 31
62 30
63 30
64 30
65 30
65 29
66 29
67 29
67 28
67 27
67 26
67 25
67 24
67 23
67 22
67 21
67 20
67 19
68 19
68 18
68 17
69 17
70 17
70 16
70 15
71 15
72 15
72 16
73 16
74 16
75 16
75 15
75 14
74 14
74 13
74 12
74 11
74 10
74 9
74 8
74 7
73 7
72 7
