23 66
23 65
23 64
23 63
23 62
23 61
23 60
23 59
23 58
23 57
23 56
23 55
22 55
22 54
22 53
22 52
22 51
22 50
22 49
22 48
22 47
22 46
22 45
23 45
24 45
24 44
24 43
24 42
24 41
24 40
24 39
25 39
26 39
26 38
26 37
26 36
26 35
26 34
26 33
27 33
27 32
28 32
28 31
28 30
28 29
29 29
29 28
29 27
29 26
29 25
29 24
29 23
30 23
31 23
31 22
31 21
31 20
31 19
31 18
31 17
32 17
32 16
32 15
32 14
33 14
34 14
35 14
36 14
37 14
38 14
39 14
40 14
41 14
41 13
41 12
41 11
42 11
43 11
44 11
45 11
45 10
46 10
46 9
47 9
48 9
49 9
50 9
51 9
52 9
52 8
52 7
52 6
52 5
53 5
54 5
55 5
56 5
57 5
58 5
59 5
60 5
60 4
61 4
62 4
62 3
63 3
63 2
64 2
65 2
65 1
66 1
67 1
67 2
68 2
68 3
69 3
70 3
70 4
71 4
72 4
73 4
74 4
75 4
76 4
77 4
78 4
