96 35
95 35
95 34
95 33
94 33
93 33
93 32
93 31
92 31
91 31
90 31
89 31
88 31
87 31
86 31
85 31
85 30
84 30
83 30
82 30
81 30
80 30
80 29
79 29
79 28
78 28
78 27
77 27
76 27
75 27
74 27
74 28
73 28
72 28
71 28
70 28
69 28
69 29
68 29
68 30
67 30
66 30
65 30
64 30
63 30
62 30
61 30
60 30
59 30
58 30
57 30
56 30
55 30
54 30
53 30
53 29
52 29
51 29
50 29
49 29
49 28
48 28
48 27
48 26
48 25
47 25
46 25
45 25
44 25
43 25
43 26
43 27
42 27
41 27
40 27
39 27
39 26
39 25
38 25
37 25
36 25
36 24
36 23
35 23
34 23
33 23
33 22
32 22
31 22
31 23
31 24
31 25
31 26
31 27
31 28
32 28
32 29
32 30
32 31
32 32
