89 43
90 43
90 42
91 42
92 42
92 41
92 40
91 40
91 39
91 38
91 37
91 36
90 36
90 35
89 35
88 35
88 34
88 33
87 33
86 33
85 33
85 32
85 31
84 31
83 31
82 31
82 32
82 33
81 33
80 33
79 33
78 33
77 33
76 33
75 33
74 33
73 33
73 34
72 34
71 34
70 34
69 34
68 34
67 34
66 34
65 34
64 34
64 35
63 35
63 36
62 36
61 36
60 36
59 36
58 36
58 37
57 37
56 37
55 37
54 37
53 37
52 37
51 37
51 36
50 36
49 36
48 36
47 36
46 36
46 35
45 35
44 35
43 35
42 35
41 35
41 34
40 34
39 34
39 35
38 35
37 35
36 35
35 35
34 35
33 35
32 35
31 35
30 35
30 36
30 37
29 37
29 38
28 38
28 39
28 40
27 40
26 40
25 40
24 40
24 41
23 41
22 41
21 41
20 41
19 41
18 41
17 41
16 41
15 41
15 42
14 42
13 42
13 43
13 44
13 45
