13 6
13 7
14 7
14 8
14 9
14 10
14 11
14 12
13 12
12 12
12 13
11 13
11 14
11 15
11 16
11 17
10 17
10 18
10 19
10 20
10 21
10 22
10 23
10 24
10 25
10 26
10 27
10 28
10 29
10 30
10 31
10 32
10 33
10 34
10 35
10 36
11 36
11 37
11 38
11 39
11 40
11 41
11 42
11 43
11 44
11 45
11 46
11 47
11 48
12 48
12 49
12 50
12 51
13 51
13 52
13 53
13 54
13 55
13 56
13 57
14 57
14 58
14 59
15 59
15 60
15 61
15 62
15 63
14 63
14 64
14 65
14 66
14 67
15 67
16 67
16 68
16 69
17 69
17 70
17 71
17 72
17 73
17 74
17 75
17 76
17 77
17 78
17 79
18 79
19 79
20 79
20 80
20 81
20 82
21 82
21 83
21 84
21 85
22 85
22 86
23 86
24 86
25 86
25 87
26 87
26 88
27 88
27 89
27 90
27 91
27 92
28 92
28 93
28 94
