9 20
9 21
9 22
9 23
10 23
10 24
11 24
11 25
11 26
10 26
9 26
8 26
8 27
8 28
8 29
7 29
7 30
6 30
6 31
6 32
6 33
7 33
8 33
9 33
9 34
10 34
10 35
11 35
11 36
11 37
11 38
11 39
11 40
11 41
11 42
10 42
10 43
10 44
10 45
10 46
11 46
11 47
11 48
11 49
11 50
11 51
11 52
11 53
11 54
11 55
11 56
12 56
12 57
13 57
13 58
13 59
13 60
14 60
14 61
14 62
14 63
14 64
14 65
14 66
14 67
14 68
13 68
13 69
13 70
13 71
13 72
13 73
13 74
13 75
14 75
15 75
16 75
17 75
18 75
18 76
18 77
18 78
18 79
19 79
20 79
20 80
21 80
22 80
23 80
