60 48
60 49
60 50
60 51
59 51
58 51
57 51
56 51
55 51
54 51
54 50
53 50
52 50
52 49
51 49
51 48
50 48
50 47
49 47
48 47
48 46
47 46
46 46
45 46
44 46
43 46
43 45
42 45
41 45
41 44
40 44
39 44
38 44
37 44
36 44
36 43
35 43
34 43
34 44
33 44
32 44
32 45
32 46
31 46
31 47
31 48
31 49
31 50
30 50
29 50
29 51
29 52
28 52
27 52
27 53
26 53
26 54
25 54
24 54
23 54
23 55
23 56
23 57
23 58
23 59
23 60
22 60
22 61
22 62
21 62
21 63
21 64
21 65
21 66
21 67
21 68
21 69
22 69
22 70
22 71
22 72
22 73
22 74
21 74
21 75
21 76
21 77
21 78
21 79
20 79
20 80
20 81
19 81
18 81
18 82
17 82
17 83
16 83
15 83
14 83
13 83
13 84
12 84
11 84
11 83
10 83
9 83
8 83
7 83
6 83
6 84
6 85
6 86
6 87
7 87
8 87
8 88
8 89
8 90
8 91
7 91
