6 24
6 23
7 23
8 23
9 23
10 23
11 23
12 23
13 23
13 24
14 24
14 25
14 26
15 26
16 26
16 27
17 27
18 27
19 27
20 27
21 27
22 27
22 28
22 29
23 29
24 29
25 29
26 29
27 29
28 29
29 29
29 28
30 28
31 28
32 28
32 29
33 29
34 29
35 29
36 29
36 30
37 30
38 30
39 30
40 30
41 30
42 30
43 30
44 30
45 30
46 30
47 30
48 30
48 31
49 31
50 31
51 31
52 31
53 31
54 31
55 31
55 32
56 32
57 32
58 32
59 32
60 32
61 32
62 32
63 32
64 32
65 32
66 32
66 33
67 33
68 33
69 33
70 33
71 33
72 33
72 34
73 34
74 34
75 34
76 34
77 34
78 34
78 35
79 35
80 35
81 35
81 36
82 36
83 36
84 36
84 35
85 35
86 35
86 36
87 36
88 36
88 35
89 35
90 35
91 35
91 34
91 33
92 33
93 33
93 32
93 31
93 30
94 30
95 30
