60 19
59 19
58 19
57 19
57 20
56 20
56 21
56 22
56 23
55 23
55 24
54 24
54 25
53 25
53 26
52 26
52 27
52 28
52 29
52 30
52 31
52 32
52 33
52 34
52 35
51 35
51 36
51 37
51 38
51 39
50 39
50 40
49 40
48 40
47 40
46 40
45 40
45 41
44 41
43 41
43 42
43 43
42 43
41 43
41 44
41 45
41 46
41 47
41 48
41 49
41 50
40 50
40 51
40 52
39 52
38 52
37 52
36 52
35 52
34 52
33 52
32 52
32 53
31 53
31 54
31 55
30 55
30 56
30 57
30 58
30 59
30 60
30 61
30 62
30 63
30 64
29 64
29 65
28 65
27 65
26 65
26 66
26 67
25 67
25 68
25 69
24 69
23 69
22 69
22 70
21 70
21 71
21 72
21 73
20 73
19 73
19 74
19 75
18 75
17 75
16 75
16 76
15 76
14 76
14 77
14 78
14 79
14 80
14 81
14 82
13 82
13 83
13 84
12 84
12 85
11 85
10 85
10 86
10 87
11 87
12 87
12 88
13 88
