61 32
62 32
62 33
62 34
61 34
61 35
60 35
60 36
59 36
58 36
58 37
57 37
57 38
57 39
57 40
56 40
55 40
54 40
53 40
53 41
52 41
51 41
50 41
50 42
49 42
48 42
48 43
48 44
47 44
47 45
46 45
45 45
44 45
44 46
43 46
43 47
43 48
42 48
41 48
41 49
40 49
40 50
40 51
40 52
40 53
39 53
38 53
38 54
37 54
36 54
35 54
34 54
33 54
33 55
32 55
31 55
31 56
31 57
30 57
30 58
30 59
30 60
30 61
30 62
30 63
30 64
29 64
29 65
29 66
28 66
27 66
27 67
27 68
27 69
27 70
27 71
27 72
26 72
25 72
24 72
23 72
23 73
23 74
23 75
23 76
23 77
23 78
23 79
22 79
21 79
20 79
19 79
18 79
17 79
17 80
16 80
16 81
15 81
14 81
13 81
12 81
12 82
11 82
10 82
9 82
8 82
8 83
8 84
8 85
7 85
6 85
5 85
5 86
5 87
5 88
5 89
