92 7
91 7
90 7
89 7
89 8
89 9
88 9
87 9
86 9
85 9
85 10
85 11
84 11
83 11
82 11
81 11
80 11
79 11
79 12
79 13
79 14
78 14
78 15
78 16
77 16
76 16
75 16
74 16
73 16
73 17
73 18
73 19
72 19
71 19
70 19
69 19
68 19
67 19
67 20
67 21
66 21
65 21
64 21
63 21
62 21
61 21
61 22
61 23
61 24
61 25
61 26
61 27
61 28
61 29
60 29
60 30
60 31
60 32
60 33
60 34
59 34
58 34
58 35
57 35
57 36
56 36
56 37
55 37
54 37
53 37
52 37
51 37
50 37
50 38
50 39
49 39
48 39
47 39
46 39
46 40
45 40
44 40
43 40
43 41
42 41
42 42
42 43
42 44
42 45
42 46
42 47
42 48
42 49
41 49
40 49
40 50
39 50
38 50
37 50
