87 74
86 74
86 75
85 75
84 75
83 75
82 75
81 75
80 75
80 74
79 74
79 73
78 73
78 72
77 72
76 72
75 72
74 72
73 72
72 72
72 71
71 71
70 71
69 71
69 70
69 69
69 68
68 68
67 68
66 68
65 68
64 68
64 67
64 66
63 66
62 66
61 66
60 66
59 66
58 66
57 66
56 66
56 65
56 64
56 63
55 63
54 63
53 63
52 63
51 63
50 63
49 63
48 63
48 62
47 62
46 62
45 62
44 62
43 62
42 62
41 62
40 62
39 62
38 62
38 61
38 60
38 59
38 58
37 58
36 58
35 58
35 59
35 60
35 61
35 62
35 63
34 63
33 63
32 63
31 63
31 64
30 64
29 64
28 64
27 64
26 64
25 64
24 64
24 65
24 66
24 67
23 67
22 67
21 67
20 67
19 67
18 67
18 66
18 65
17 65
