62 60
62 61
61 61
60 61
59 61
59 60
58 60
58 59
58 58
57 58
56 58
55 58
55 57
55 56
55 55
54 55
53 55
53 54
52 54
52 53
52 52
51 52
51 51
51 50
50 50
50 49
50 48
50 47
50 46
50 45
49 45
49 44
49 43
49 42
48 42
48 41
48 40
47 40
47 39
47 38
47 37
47 36
47 35
46 35
46 34
46 33
46 32
46 31
45 31
44 31
43 31
42 31
42 30
42 29
42 28
42 27
42 26
42 25
41 25
40 25
39 25
38 25
37 25
36 25
36 24
35 24
34 24
33 24
33 23
32 23
31 23
31 22
31 21
31 20
31 19
31 18
31 17
30 17
29 17
29 16
29 15
29 14
28 14
27 14
26 14
25 14
24 14
24 13
24 12
24 11
23 11
22 11
21 11
20 11
20 10
19 10
19 9
18 9
18 8
18 7
17 7
17 6
17 5
16 5
15 5
15 4
15 3
16 3
