3 60
3 59
3 58
4 58
5 58
6 58
7 58
7 57
7 56
8 56
9 56
10 56
10 55
11 55
12 55
13 55
14 55
15 55
16 55
16 54
16 53
16 52
16 51
17 51
18 51
19 51
20 51
21 51
22 51
22 50
22 49
23 49
23 48
23 47
23 46
23 45
23 44
24 44
24 43
24 42
25 42
25 41
25 40
25 39
25 38
25 37
25 36
25 35
25 34
25 33
26 33
27 33
27 32
28 32
28 31
28 30
28 29
28 28
28 27
28 26
28 25
28 24
29 24
29 23
29 22
29 21
29 20
29 19
29 18
29 17
29 16
29 15
29 14
29 13
29 12
29 11
28 11
28 10
28 9
29 9
30 9
31 9
31 8
32 8
33 8
33 7
33 6
33 5
34 5
34 4
34 3
35 3
36 3
37 3
38 3
39 3
40 3
40 4
41 4
41 5
42 5
43 5
44 5
45 5
45 6
45 7
46 7
47 7
48 7
49 7
50 7
50 6
51 6
52 6
52 7
52 8
52 9
