96 32
95 32
94 32
93 32
93 33
92 33
92 34
91 34
90 34
89 34
88 34
88 35
87 35
86 35
86 36
86 37
85 37
85 38
84 38
83 38
83 39
82 39
81 39
80 39
79 39
78 39
77 39
76 39
75 39
74 39
73 39
73 40
73 41
72 41
71 41
71 42
70 42
69 42
68 42
67 42
66 42
65 42
64 42
64 43
64 44
63 44
62 44
61 44
60 44
59 44
58 44
57 44
56 44
55 44
54 44
53 44
53 45
53 46
52 46
52 47
51 47
51 48
50 48
49 48
49 47
48 47
47 47
46 47
45 47
44 47
44 48
44 49
43 49
42 49
41 49
40 49
40 50
39 50
39 51
38 51
37 51
36 51
35 51
35 52
35 53
34 53
33 53
32 53
31 53
31 54
30 54
29 54
28 54
27 54
26 54
25 54
24 54
23 54
22 54
22 55
21 55
21 56
20 56
19 56
18 56
18 55
17 55
17 54
17 53
16 53
15 53
14 53
14 54
13 54
13 55
12 55
11 55
10 55
10 56
9 56
8 56
8 57
7 57
6 57
5 57
4 57
3 57
3 58
3 59
3 60
3 61
3 62
3 63
3 64
3 65
3 66
