28 39
29 39
29 40
30 40
30 41
30 42
30 43
30 44
30 45
31 45
32 45
32 46
33 46
33 47
34 47
35 47
35 48
36 48
37 48
38 48
39 48
40 48
41 48
42 48
43 48
44 48
44 49
45 49
45 50
45 51
45 52
46 52
47 52
48 52
49 52
49 53
49 54
50 54
51 54
52 54
53 54
53 55
54 55
54 56
54 57
55 57
56 57
57 57
58 57
59 57
60 57
61 57
62 57
63 57
64 57
65 57
66 57
66 58
67 58
68 58
68 59
68 60
68 61
69 61
69 62
70 62
71 62
71 63
71 64
71 65
72 65
73 65
73 66
73 67
73 68
73 69
73 70
73 71
73 72
73 73
74 73
74 74
74 75
75 75
76 75
77 75
78 75
79 75
79 76
79 77
79 78
80 78
80 79
80 80
80 81
80 82
81 82
81 83
81 84
82 84
82 85
82 86
82 87
82 88
82 89
83 89
