94 88
93 88
92 88
91 88
91 87
90 87
90 86
89 86
89 85
88 85
87 85
86 85
85 85
84 85
83 85
82 85
82 84
81 84
81 83
81 82
80 82
79 82
78 82
77 82
77 81
76 81
75 81
74 81
74 80
74 79
73 79
73 78
73 77
72 77
72 76
72 75
72 74
72 73
72 72
72 71
71 71
71 70
70 70
69 70
69 69
69 68
68 68
68 67
68 66
67 66
66 66
65 66
64 66
63 66
62 66
62 65
62 64
62 63
61 63
60 63
59 63
59 62
58 62
57 62
56 62
55 62
55 61
54 61
54 60
54 59
53 59
53 58
52 58
51 58
50 58
49 58
48 58
47 58
46 58
46 57
45 57
44 57
43 57
42 57
41 57
40 57
40 56
39 56
38 56
38 55
37 55
36 55
36 54
36 53
35 53
35 52
35 51
35 50
34 50
34 49
34 48
34 47
34 46
33 46
33 45
33 44
33 43
32 43
32 42
32 41
31 41
30 41
29 41
28 41
27 41
26 41
25 41
25 40
25 39
25 38
25 37
25 36
25 35
25 34
25 33
25 32
25 31
25 30
25 29
25 28
25 27
25 26
25 25
25 24
25 23
26 23
26 22
26 21
25 21
24 21
24 20
24 19
24 18
