12 94
12 93
12 92
12 91
13 91
14 91
15 91
16 91
16 90
17 90
18 90
19 90
20 90
20 91
21 91
22 91
23 91
23 92
24 92
25 92
26 92
27 92
28 92
28 91
29 91
29 90
30 90
30 89
31 89
32 89
33 89
34 89
35 89
35 88
35 87
35 86
36 86
36 85
37 85
38 85
39 85
40 85
41 85
42 85
42 84
42 83
42 82
42 81
43 81
44 81
45 81
46 81
47 81
47 80
47 79
48 79
48 78
49 78
49 77
50 77
50 76
51 76
52 76
52 75
52 74
53 74
53 73
53 72
54 72
55 72
55 71
56 71
57 71
58 71
58 70
58 69
58 68
58 67
58 66
58 65
59 65
59 64
60 64
61 64
61 63
61 62
62 62
63 62
64 62
65 62
65 61
