88 68
87 68
87 67
87 66
86 66
86 65
86 64
86 63
86 62
86 61
86 60
86 59
86 58
85 58
84 58
84 57
84 56
84 55
84 54
84 53
83 53
82 53
82 52
81 52
80 52
79 52
79 51
78 51
77 51
76 51
75 51
74 51
73 51
73 50
72 50
71 50
71 49
71 48
71 47
71 46
70 46
69 46
69 45
69 44
69 43
68 43
67 43
66 43
65 43
64 43
63 43
62 43
61 43
61 42
60 42
59 42
59 41
58 41
57 41
56 41
55 41
54 41
53 41
52 41
51 41
51 40
51 39
51 38
51 37
50 37
49 37
49 36
49 35
48 35
48 34
47 34
46 34
45 34
44 34
43 34
42 34
41 34
40 34
39 34
38 34
38 33
38 32
38 31
37 31
36 31
36 30
35 30
34 30
33 30
32 30
31 30
31 29
30 29
30 28
29 28
28 28
27 28
26 28
25 28
24 28
24 27
24 26
24 25
24 24
24 23
24 22
23 22
22 22
21 22
20 22
20 21
20 20
20 19
20 18
20 17
20 16
20 15
20 14
21 14
22 14
22 13
22 12
22 11
22 10
22 9
22 8
21 8
20 8
19 8
