33 30
33 29
33 28
33 27
33 26
33 25
33 24
33 23
32 23
32 22
32 21
32 20
33 20
34 20
35 20
36 20
37 20
38 20
39 20
40 20
41 20
42 20
43 20
44 20
45 20
46 20
46 19
46 18
47 18
48 18
48 17
48 16
49 16
50 16
51 16
51 17
51 18
52 18
52 19
53 19
54 19
55 19
56 19
57 19
58 19
58 18
59 18
60 18
60 17
61 17
62 17
62 16
63 16
64 16
65 16
66 16
67 16
68 16
69 16
70 16
71 16
72 16
73 16
73 15
73 14
74 14
75 14
76 14
77 14
78 14
79 14
80 14
81 14
82 14
83 14
84 14
85 14
86 14
87 14
88 14
88 13
88 12
88 11
89 11
90 11
91 11
92 11
92 10
92 9
