4 34
4 35
4 36
4 37
5 37
6 37
7 37
8 37
9 37
10 37
11 37
12 37
13 37
14 37
15 37
16 37
16 38
16 39
17 39
18 39
19 39
20 39
20 40
21 40
21 41
22 41
23 41
23 42
24 42
24 43
25 43
25 44
26 44
26 45
26 46
27 46
27 47
28 47
29 47
29 48
29 49
30 49
31 49
32 49
33 49
33 50
34 50
34 51
34 52
34 53
34 54
34 55
35 55
35 56
35 57
36 57
36 58
37 58
37 59
37 60
37 61
37 62
38 62
38 63
39 63
40 63
41 63
42 63
43 63
43 64
43 65
43 66
44 66
45 66
46 66
46 67
47 67
47 68
47 69
48 69
49 69
50 69
50 70
50 71
50 72
51 72
51 73
52 73
53 73
54 73
55 73
56 73
57 73
58 73
59 73
60 73
60 74
61 74
62 74
63 74
64 74
65 74
66 74
67 74
67 75
68 75
69 75
69 76
70 76
71 76
72 76
73 76
74 76
74 77
74 78
75 78
76 78
77 78
77 79
78 79
78 80
79 80
80 80
80 81
81 81
82 81
83 81
83 82
83 83
83 84
83 85
83 86
84 86
84 87
84 88
85 88
86 88
87 88
88 88
89 88
89 89
89 90
