18 34
18 35
18 36
18 37
18 38
18 39
18 40
18 41
19 41
20 41
21 41
21 42
21 43
22 43
22 44
22 45
23 45
24 45
24 46
25 46
26 46
27 46
28 46
28 47
28 48
28 49
28 50
28 51
28 52
29 52
30 52
31 52
32 52
33 52
33 53
34 53
35 53
36 53
37 53
38 53
39 53
39 54
39 55
40 55
41 55
42 55
42 56
42 57
43 57
44 57
44 58
44 59
45 59
46 59
47 59
47 60
47 61
48 61
49 61
50 61
50 62
50 63
51 63
51 64
52 64
53 64
54 64
54 65
54 66
55 66
55 67
56 67
57 67
58 67
59 67
60 67
61 67
62 67
63 67
63 68
64 68
65 68
65 69
66 69
67 69
68 69
68 70
68 71
68 72
69 72
69 73
70 73
70 74
71 74
72 74
73 74
73 75
73 76
74 76
75 76
76 76
76 77
76 78
77 78
78 78
79 78
79 79
80 79
80 80
81 80
81 81
81 82
81 83
81 84
82 84
83 84
84 84
84 85
85 85
86 85
86 86
86 87
86 88
