8 94
8 93
8 92
8 91
8 90
8 89
8 88
7 88
7 87
7 86
8 86
9 86
9 85
10 85
10 84
11 84
11 83
12 83
12 82
12 81
12 80
12 79
12 78
12 77
12 76
12 75
12 74
12 73
12 72
13 72
13 71
14 71
14 70
15 70
15 69
16 69
16 68
16 67
16 66
16 65
17 65
17 64
17 63
17 62
17 61
17 60
17 59
16 59
15 59
15 58
14 58
14 57
14 56
14 55
14 54
13 54
13 53
13 52
13 51
13 50
13 49
12 49
12 48
11 48
11 47
11 46
11 45
11 44
11 43
11 42
11 41
11 40
11 39
11 38
11 37
11 36
11 35
11 34
11 33
11 32
10 32
10 31
10 30
10 29
10 28
10 27
10 26
10 25
10 24
10 23
10 22
10 21
10 20
10 19
10 18
10 17
11 17
12 17
13 17
13 16
14 16
15 16
15 17
15 18
16 18
17 18
18 18
19 18
20 18
21 18
21 17
22 17
22 16
23 16
24 16
24 17
25 17
25 18
