15 34
14 34
14 35
13 35
12 35
11 35
10 35
10 34
9 34
9 33
9 32
9 31
9 30
10 30
11 30
12 30
13 30
14 30
15 30
15 29
15 28
15 27
16 27
17 27
17 28
17 29
18 29
18 30
19 30
20 30
21 30
22 30
23 30
24 30
25 30
26 30
27 30
28 30
29 30
29 31
29 32
30 32
31 32
32 32
33 32
34 32
35 32
36 32
37 32
37 33
38 33
39 33
39 34
40 34
41 34
42 34
42 35
42 36
43 36
44 36
45 36
46 36
47 36
48 36
49 36
49 35
50 35
51 35
51 36
52 36
52 37
52 38
53 38
53 39
54 39
55 39
56 39
57 39
58 39
59 39
60 39
61 39
61 38
62 38
63 38
64 38
64 39
65 39
66 39
67 39
67 38
67 37
68 37
69 37
70 37
71 37
72 37
73 37
73 38
74 38
75 38
76 38
77 38
78 38
79 38
80 38
81 38
81 37
82 37
82 36
83 36
84 36
85 36
86 36
87 36
88 36
88 37
89 37
90 37
91 37
