92 0
92 1
91 1
91 2
91 3
90 3
89 3
89 4
88 4
88 5
88 6
88 7
87 7
86 7
85 7
84 7
83 7
83 8
83 9
83 10
83 11
82 11
81 11
81 12
81 13
81 14
81 15
80 15
80 16
80 17
80 18
79 18
78 18
77 18
76 18
75 18
74 18
73 18
72 18
72 19
71 19
71 20
71 21
70 21
69 21
69 20
68 20
68 19
67 19
66 19
66 20
65 20
64 20
63 20
62 20
61 20
61 21
61 22
61 23
61 24
60 24
59 24
59 25
58 25
58 26
58 27
58 28
58 29
58 30
58 31
58 32
58 33
57 33
57 34
57 35
56 35
55 35
55 36
54 36
53 36
52 36
51 36
50 36
49 36
48 36
48 37
48 38
47 38
46 38
45 38
45 39
45 40
45 41
44 41
43 41
42 41
41 41
40 41
40 42
39 42
38 42
37 42
37 43
37 44
36 44
35 44
34 44
33 44
32 44
31 44
30 44
30 45
30 46
29 46
29 47
29 48
29 49
28 49
28 50
28 51
27 51
27 52
27 53
26 53
25 53
25 54
25 55
25 56
25 57
25 58
24 58
24 59
24 60
24 61
23 61
22 61
21 61
21 62
21 63
20 63
20 64
20 65
20 66
19 66
19 67
19 68
19 69
19 70
19 71
18 71
17 71
16 71
15 71
15 72
15 73
15 74
14 74
14 75
14 76
14 77
14 78
13 78
13 79
13 80
12 80
11 80
10 80
9 80
8 80
8 79
8 78
7 78
7 77
7 76
7 75
6 75
5 75
4 75
4 74
