3 3
4 3
4 2
5 2
6 2
7 2
7 3
7 4
7 5
7 6
7 7
7 8
7 9
7 10
7 11
8 11
9 11
10 11
11 11
11 12
11 13
12 13
13 13
13 14
14 14
15 14
16 14
17 14
18 14
19 14
19 15
20 15
21 15
22 15
23 15
23 16
24 16
25 16
25 17
26 17
26 18
26 19
27 19
28 19
29 19
29 20
30 20
30 21
31 21
31 22
31 23
31 24
31 25
32 25
33 25
33 26
33 27
34 27
34 28
34 29
34 30
34 31
34 32
34 33
34 34
34 35
35 35
36 35
37 35
38 35
38 36
38 37
39 37
39 38
40 38
40 39
40 40
40 41
40 42
40 43
40 44
40 45
40 46
41 46
42 46
43 46
43 47
44 47
45 47
46 47
46 48
46 49
46 50
46 51
47 51
48 51
49 51
50 51
51 51
51 52
51 53
52 53
52 54
52 55
52 56
53 56
54 56
54 57
54 58
55 58
