21 5
21 6
21 7
21 8
21 9
21 10
21 11
21 12
20 12
20 13
20 14
20 15
20 16
19 16
19 17
19 18
20 18
20 19
20 20
20 21
20 22
20 23
21 23
21 24
21 25
22 25
22 26
22 27
23 27
23 28
23 29
23 30
23 31
23 32
24 32
24 33
24 34
24 35
23 35
23 36
23 37
23 38
23 39
24 39
24 40
24 41
24 42
24 43
23 43
23 44
23 45
23 46
22 46
22 47
22 48
22 49
22 50
22 51
22 52
22 53
22 54
22 55
23 55
23 56
23 57
23 58
23 59
23 60
23 61
23 62
23 63
23 64
23 65
24 65
24 66
24 67
24 68
24 69
24 70
25 70
25 71
25 72
25 73
24 73
23 73
22 73
22 74
22 75
22 76
22 77
22 78
23 78
24 78
25 78
26 78
26 79
27 79
28 79
28 80
29 80
29 81
30 81
30 82
30 83
30 84
30 85
31 85
32 85
32 86
32 87
32 88
32 89
32 90
32 91
33 91
33 92
34 92
35 92
35 93
35 94
35 95
35 96
35 97
