36 10
36 11
36 12
36 13
37 13
38 13
39 13
39 14
40 14
40 15
40 16
40 17
41 17
42 17
42 18
42 19
42 20
43 20
44 20
44 21
45 21
45 22
45 23
46 23
47 23
48 23
48 24
49 24
50 24
51 24
52 24
53 24
54 24
55 24
56 24
57 24
58 24
58 25
58 26
58 27
58 28
59 28
60 28
60 29
60 30
60 31
59 31
59 32
59 33
59 34
59 35
59 36
59 37
60 37
61 37
62 37
63 37
63 38
63 39
63 40
63 41
63 42
63 43
64 43
65 43
65 44
66 44
67 44
68 44
69 44
69 45
70 45
71 45
72 45
73 45
74 45
74 46
75 46
76 46
77 46
77 47
78 47
79 47
80 47
81 47
82 47
83 47
84 47
85 47
86 47
87 47
88 47
