85 71
84 71
84 70
83 70
82 70
82 69
82 68
82 67
82 66
82 65
82 64
81 64
80 64
79 64
79 63
79 62
78 62
77 62
76 62
75 62
74 62
73 62
72 62
72 61
71 61
71 60
70 60
70 59
69 59
69 58
68 58
67 58
66 58
65 58
64 58
63 58
62 58
61 58
61 57
60 57
59 57
58 57
57 57
56 57
55 57
54 57
53 57
52 57
52 56
52 55
52 54
52 53
51 53
51 52
51 51
51 50
51 49
51 48
50 48
50 47
50 46
50 45
50 44
50 43
50 42
50 41
50 40
49 40
49 39
48 39
47 39
46 39
45 39
44 39
44 38
43 38
42 38
41 38
40 38
39 38
39 37
39 36
38 36
38 35
38 34
38 33
37 33
36 33
36 32
36 31
35 31
35 30
34 30
33 30
32 30
32 29
31 29
30 29
29 29
28 29
28 30
28 31
27 31
27 32
27 33
26 33
26 34
26 35
26 36
26 37
