61 86
61 85
62 85
62 84
62 83
62 82
61 82
61 81
61 80
60 80
59 80
58 80
58 79
58 78
58 77
58 76
58 75
58 74
58 73
57 73
57 72
57 71
57 70
56 70
55 70
54 70
54 69
54 68
53 68
53 67
52 67
51 67
51 66
50 66
49 66
49 65
49 64
49 63
49 62
49 61
50 61
50 60
50 59
50 58
50 57
49 57
48 57
47 57
47 56
46 56
45 56
45 55
44 55
43 55
42 55
41 55
40 55
39 55
39 54
38 54
38 53
38 52
38 51
38 50
37 50
36 50
36 49
36 48
36 47
35 47
35 46
34 46
33 46
32 46
31 46
30 46
29 46
29 45
29 44
29 43
29 42
28 42
27 42
26 42
25 42
24 42
23 42
23 41
23 40
23 39
23 38
23 37
23 36
23 35
23 34
23 33
22 33
22 32
22 31
22 30
21 30
20 30
20 29
20 28
19 28
18 28
17 28
16 28
15 28
14 28
13 28
13 27
13 26
13 25
13 24
13 23
13 22
12 22
12 21
12 20
11 20
11 19
11 18
11 17
11 16
11 15
11 14
10 14
9 14
9 13
9 12
9 11
8 11
7 11
6 11
6 10
6 9
6 8
6 7
7 7
7 6
8 6
8 5
9 5
