49 21
48 21
48 22
47 22
46 22
45 22
44 22
44 23
43 23
42 23
42 24
41 24
40 24
40 25
40 26
40 27
39 27
39 28
39 29
39 30
39 31
39 32
39 33
39 34
39 35
39 36
39 37
38 37
38 38
38 39
37 39
37 40
37 41
37 42
37 43
36 43
36 44
36 45
35 45
35 46
34 46
33 46
33 47
33 48
32 48
31 48
30 48
30 49
30 50
30 51
30 52
29 52
29 53
29 54
28 54
27 54
26 54
25 54
24 54
23 54
22 54
21 54
20 54
19 54
18 54
17 54
16 54
15 54
14 54
14 55
14 56
14 57
14 58
13 58
12 58
11 58
10 58
10 59
10 60
9 60
9 61
9 62
8 62
7 62
7 63
7 64
7 65
6 65
5 65
5 66
