96 12
96 13
96 14
95 14
95 15
95 16
95 17
95 18
95 19
94 19
93 19
93 20
92 20
91 20
90 20
90 21
90 22
90 23
90 24
89 24
89 25
89 26
88 26
87 26
87 27
87 28
87 29
86 29
86 30
85 30
84 30
83 30
82 30
82 31
82 32
82 33
81 33
81 34
80 34
79 34
79 35
78 35
78 36
78 37
77 37
77 38
76 38
75 38
74 38
73 38
72 38
71 38
71 39
71 40
71 41
71 42
71 43
71 44
71 45
70 45
69 45
68 45
68 46
68 47
68 48
68 49
68 50
68 51
68 52
68 53
68 54
68 55
67 55
66 55
65 55
64 55
64 56
64 57
64 58
64 59
64 60
64 61
64 62
65 62
65 63
65 64
65 65
64 65
64 66
63 66
62 66
61 66
60 66
60 65
60 64
59 64
58 64
58 63
