48 94
48 93
48 92
49 92
49 91
49 90
49 89
49 88
50 88
50 87
50 86
50 85
50 84
49 84
49 83
49 82
49 81
49 80
48 80
48 79
48 78
47 78
47 77
46 77
45 77
45 76
45 75
45 74
46 74
46 73
47 73
48 73
48 72
48 71
47 71
47 70
46 70
45 70
44 70
44 69
44 68
44 67
44 66
44 65
44 64
43 64
43 63
43 62
43 61
43 60
43 59
43 58
43 57
43 56
43 55
43 54
42 54
42 53
42 52
42 51
42 50
42 49
41 49
40 49
39 49
38 49
38 48
37 48
37 47
37 46
37 45
37 44
37 43
37 42
37 41
36 41
36 40
36 39
36 38
36 37
36 36
36 35
36 34
36 33
36 32
35 32
34 32
34 31
34 30
34 29
34 28
33 28
33 27
33 26
33 25
33 24
33 23
32 23
32 22
32 21
32 20
33 20
34 20
35 20
36 20
