9 18
9 19
9 20
10 20
10 21
10 22
10 23
10 24
11 24
12 24
13 24
14 24
15 24
15 25
16 25
16 26
16 27
16 28
16 29
16 30
16 31
17 31
18 31
19 31
20 31
21 31
22 31
22 32
22 33
23 33
24 33
24 34
24 35
24 36
24 37
23 37
23 38
23 39
23 40
23 41
22 41
22 42
22 43
22 44
23 44
23 45
23 46
23 47
23 48
23 49
23 50
22 50
22 51
22 52
22 53
22 54
22 55
21 55
21 56
20 56
20 57
20 58
20 59
21 59
21 60
22 60
22 61
22 62
22 63
22 64
22 65
22 66
21 66
21 67
21 68
21 69
22 69
22 70
22 71
22 72
22 73
22 74
22 75
22 76
21 76
21 77
21 78
21 79
21 80
20 80
19 80
18 80
18 81
18 82
17 82
17 83
17 84
17 85
17 86
17 87
17 88
18 88
19 88
19 89
20 89
21 89
22 89
23 89
24 89
25 89
25 90
25 91
25 92
26 92
27 92
27 93
27 94
