17 85
17 84
17 83
16 83
15 83
14 83
13 83
12 83
12 82
12 81
12 80
12 79
12 78
12 77
13 77
13 76
13 75
13 74
13 73
13 72
13 71
13 70
13 69
12 69
11 69
10 69
10 68
10 67
10 66
11 66
11 65
11 64
12 64
13 64
13 63
14 63
15 63
15 62
15 61
16 61
16 60
16 59
15 59
15 58
15 57
15 56
15 55
16 55
17 55
18 55
18 54
18 53
18 52
18 51
18 50
18 49
18 48
18 47
18 46
18 45
18 44
18 43
19 43
19 42
19 41
19 40
19 39
19 38
19 37
19 36
19 35
19 34
19 33
20 33
20 32
20 31
20 30
20 29
21 29
22 29
23 29
24 29
24 28
24 27
25 27
26 27
26 26
27 26
27 25
28 25
