79 73
80 73
80 72
80 71
80 70
80 69
79 69
79 68
78 68
77 68
76 68
75 68
75 69
74 69
73 69
72 69
71 69
70 69
69 69
68 69
67 69
66 69
66 68
65 68
65 67
64 67
63 67
63 66
62 66
61 66
60 66
59 66
59 65
58 65
58 64
58 63
58 62
58 61
58 60
58 59
58 58
58 57
57 57
57 56
57 55
56 55
55 55
55 54
54 54
53 54
52 54
52 53
52 52
52 51
52 50
52 49
52 48
52 47
51 47
50 47
50 46
50 45
49 45
49 44
49 43
49 42
49 41
49 40
50 40
50 39
51 39
51 38
51 37
50 37
50 36
49 36
49 35
49 34
48 34
47 34
47 33
47 32
47 31
46 31
45 31
44 31
43 31
43 30
43 29
43 28
43 27
42 27
41 27
41 26
40 26
40 25
