49 93
50 93
51 93
52 93
52 94
53 94
53 95
53 96
53 97
52 97
51 97
50 97
49 97
49 98
48 98
47 98
46 98
46 99
45 99
44 99
43 99
42 99
42 98
42 97
43 97
43 96
43 95
43 94
42 94
42 93
42 92
42 91
41 91
40 91
39 91
39 90
38 90
38 89
38 88
38 87
38 86
38 85
38 84
38 83
37 83
36 83
36 82
36 81
35 81
35 80
35 79
35 78
34 78
34 77
33 77
33 76
32 76
32 75
32 74
32 73
31 73
30 73
29 73
29 72
29 71
29 70
28 70
27 70
27 69
26 69
25 69
24 69
24 68
23 68
22 68
21 68
20 68
20 67
19 67
18 67
18 66
18 65
17 65
16 65
15 65
15 64
14 64
13 64
12 64
12 65
11 65
11 66
11 67
11 68
