74 34
73 34
72 34
71 34
70 34
70 35
69 35
69 36
69 37
69 38
69 39
69 40
69 41
69 42
69 43
68 43
67 43
67 44
67 45
67 46
67 47
67 48
66 48
66 49
66 50
65 50
64 50
63 50
62 50
61 50
60 50
59 50
59 51
59 52
59 53
59 54
58 54
58 55
58 56
58 57
58 58
57 58
56 58
55 58
55 59
55 60
55 61
55 62
55 63
54 63
53 63
52 63
51 63
50 63
50 64
50 65
49 65
48 65
47 65
47 66
46 66
46 67
46 68
46 69
46 70
46 71
45 71
45 72
45 73
45 74
45 75
45 76
45 77
45 78
44 78
43 78
43 79
42 79
42 80
41 80
40 80
40 81
40 82
40 83
40 84
39 84
39 85
39 86
