78 90
77 90
76 90
75 90
74 90
74 89
74 88
73 88
73 87
73 86
72 86
72 85
72 84
71 84
70 84
69 84
69 83
69 82
69 81
69 80
69 79
69 78
69 77
70 77
70 76
70 75
69 75
69 74
69 73
69 72
70 72
70 71
71 71
71 70
71 69
71 68
70 68
69 68
68 68
67 68
66 68
65 68
65 67
65 66
65 65
64 65
64 64
64 63
64 62
64 61
64 60
64 59
64 58
63 58
63 57
62 57
62 56
62 55
62 54
63 54
63 53
63 52
63 51
62 51
62 50
62 49
62 48
62 47
62 46
62 45
62 44
63 44
63 43
63 42
63 41
64 41
64 40
64 39
65 39
65 38
65 37
65 36
65 35
65 34
64 34
63 34
63 33
63 32
63 31
63 30
62 30
62 29
62 28
62 27
62 26
62 25
63 25
63 24
64 24
65 24
66 24
66 23
66 22
66 21
67 21
68 21
68 20
69 20
69 19
69 18
69 17
68 17
68 16
68 15
68 14
68 13
67 13
67 12
66 12
66 11
65 11
65 10
64 10
63 10
62 10
61 10
61 9
61 8
