33 6
33 7
32 7
31 7
31 8
31 9
31 10
31 11
31 12
31 13
32 13
33 13
33 14
34 14
34 15
34 16
34 17
34 18
35 18
36 18
36 19
36 20
36 21
37 21
38 21
38 22
39 22
39 23
39 24
39 25
39 26
39 27
38 27
38 28
37 28
37 29
37 30
37 31
38 31
39 31
39 32
40 32
40 33
40 34
40 35
40 36
40 37
41 37
41 38
41 39
41 40
41 41
41 42
41 43
40 43
40 44
40 45
39 45
39 46
39 47
39 48
39 49
39 50
39 51
39 52
38 52
37 52
37 53
37 54
37 55
37 56
37 57
37 58
37 59
37 60
37 61
37 62
37 63
38 63
38 64
38 65
38 66
38 67
37 67
37 68
37 69
36 69
36 70
35 70
35 71
34 71
34 72
33 72
33 73
33 74
32 74
31 74
31 75
31 76
31 77
30 77
30 78
30 79
30 80
29 80
29 81
28 81
28 82
28 83
28 84
28 85
28 86
28 87
28 88
28 89
29 89
29 90
29 91
28 91
