4 59
4 58
5 58
6 58
7 58
7 57
8 57
8 56
9 56
9 55
9 54
9 53
9 52
9 51
9 50
9 49
9 48
9 47
9 46
9 45
9 44
9 43
9 42
10 42
10 41
11 41
12 41
12 40
13 40
14 40
14 39
15 39
16 39
16 38
16 37
16 36
17 36
17 35
17 34
17 33
17 32
17 31
18 31
19 31
20 31
21 31
22 31
23 31
23 30
24 30
24 29
25 29
25 28
25 27
25 26
26 26
27 26
27 25
28 25
28 24
28 23
29 23
30 23
31 23
32 23
32 22
33 22
33 21
33 20
33 19
33 18
34 18
34 17
35 17
35 16
35 15
36 15
37 15
38 15
39 15
39 14
40 14
40 13
40 12
40 11
40 10
40 9
40 8
41 8
42 8
43 8
44 8
45 8
45 9
46 9
47 9
47 8
48 8
49 8
50 8
51 8
51 9
51 10
51 11
52 11
53 11
54 11
55 11
56 11
57 11
57 10
57 9
57 8
57 7
58 7
