18 25
18 26
18 27
18 28
18 29
18 30
19 30
20 30
21 30
22 30
22 31
22 32
23 32
23 33
23 34
23 35
24 35
25 35
26 35
26 36
27 36
28 36
29 36
30 36
31 36
32 36
33 36
34 36
35 36
36 36
37 36
38 36
39 36
39 35
40 35
40 34
41 34
42 34
42 35
43 35
44 35
44 36
44 37
44 38
45 38
46 38
47 38
48 38
48 39
49 39
50 39
50 40
51 40
52 40
53 40
53 39
54 39
55 39
55 40
55 41
55 42
55 43
56 43
56 44
56 45
56 46
56 47
56 48
57 48
57 49
57 50
57 51
57 52
57 53
57 54
57 55
57 56
57 57
58 57
58 58
58 59
58 60
58 61
58 62
59 62
59 63
60 63
60 64
60 65
61 65
61 66
62 66
62 67
62 68
63 68
