1 26
2 26
3 26
3 25
3 24
3 23
3 22
4 22
5 22
5 23
6 23
6 24
6 25
6 26
7 26
8 26
8 27
9 27
10 27
10 28
10 29
11 29
11 30
11 31
12 31
13 31
13 32
13 33
13 34
14 34
14 35
14 36
14 37
14 38
14 39
14 40
14 41
15 41
16 41
17 41
17 42
17 43
17 44
17 45
17 46
17 47
18 47
18 48
18 49
19 49
20 49
20 50
21 50
21 51
22 51
22 52
22 53
23 53
23 54
24 54
24 55
24 56
24 57
24 58
24 59
24 60
25 60
25 61
26 61
26 62
27 62
27 63
28 63
28 64
29 64
29 65
29 66
30 66
31 66
32 66
33 66
34 66
35 66
36 66
37 66
38 66
39 66
40 66
41 66
42 66
43 66
43 67
44 67
45 67
46 67
47 67
48 67
49 67
50 67
50 68
51 68
52 68
53 68
54 68
55 68
56 68
57 68
58 68
58 69
58 70
57 70
56 70
