11 9
11 10
11 11
12 11
12 12
12 13
12 14
12 15
13 15
14 15
14 16
14 17
14 18
14 19
14 20
15 20
16 20
17 20
18 20
18 21
19 21
20 21
20 22
21 22
22 22
23 22
24 22
25 22
26 22
27 22
27 23
28 23
29 23
30 23
30 24
31 24
31 25
32 25
32 26
33 26
33 27
34 27
35 27
36 27
37 27
38 27
39 27
40 27
40 28
40 29
41 29
42 29
43 29
44 29
45 29
46 29
47 29
48 29
48 30
49 30
50 30
50 29
51 29
51 28
52 28
53 28
54 28
55 28
56 28
57 28
58 28
58 29
59 29
60 29
61 29
62 29
63 29
63 30
64 30
65 30
66 30
67 30
68 30
68 29
69 29
70 29
71 29
72 29
73 29
74 29
75 29
76 29
77 29
78 29
78 28
79 28
80 28
81 28
81 29
82 29
83 29
84 29
85 29
86 29
87 29
88 29
89 29
90 29
91 29
91 28
92 28
93 28
93 29
94 29
95 29
95 30
95 31
95 32
95 33
96 33
96 34
97 34
