54 70
54 71
54 72
53 72
52 72
51 72
50 72
50 73
50 74
51 74
51 75
51 76
51 77
52 77
53 77
54 77
55 77
55 76
56 76
56 75
56 74
57 74
58 74
58 75
58 76
58 77
59 77
60 77
61 77
62 77
63 77
64 77
65 77
66 77
66 78
67 78
68 78
69 78
69 79
70 79
70 80
71 80
71 81
71 82
72 82
73 82
74 82
74 83
75 83
76 83
77 83
77 84
78 84
79 84
80 84
81 84
81 83
81 82
82 82
83 82
84 82
84 83
84 84
85 84
86 84
87 84
87 85
87 86
87 87
87 88
87 89
88 89
89 89
90 89
91 89
92 89
93 89
93 90
93 91
94 91
95 91
95 92
95 93
96 93
96 94
97 94
98 94
