64 58
63 58
62 58
62 57
61 57
60 57
60 58
60 59
60 60
60 61
60 62
60 63
60 64
59 64
59 65
58 65
57 65
57 66
57 67
56 67
56 68
56 69
55 69
54 69
54 68
53 68
52 68
51 68
50 68
49 68
49 67
49 66
49 65
49 64
49 63
50 63
50 62
50 61
50 60
50 59
50 58
51 58
51 57
51 56
51 55
51 54
52 54
53 54
53 53
53 52
53 51
53 50
53 49
52 49
51 49
50 49
49 49
48 49
47 49
46 49
46 48
45 48
45 47
45 46
45 45
44 45
44 44
44 43
44 42
44 41
44 40
44 39
44 38
44 37
43 37
42 37
42 36
42 35
42 34
41 34
40 34
39 34
38 34
38 33
37 33
37 32
36 32
35 32
34 32
34 31
34 30
34 29
34 28
34 27
33 27
33 26
33 25
33 24
33 23
33 22
33 21
33 20
32 20
32 19
32 18
32 17
32 16
32 15
31 15
31 14
31 13
31 12
31 11
30 11
30 10
30 9
29 9
28 9
28 8
28 7
28 6
27 6
26 6
25 6
24 6
24 7
23 7
22 7
22 8
21 8
20 8
20 7
19 7
19 6
19 5
18 5
18 4
18 3
18 2
18 1
19 1
20 1
21 1
22 1
23 1
23 2
23 3
