51 90
50 90
50 89
50 88
50 87
50 86
51 86
52 86
52 85
52 84
52 83
52 82
52 81
52 80
53 80
54 80
55 80
56 80
56 79
57 79
57 78
57 77
58 77
58 76
59 76
59 75
60 75
60 74
61 74
62 74
63 74
64 74
64 73
65 73
65 72
65 71
65 70
65 69
65 68
65 67
64 67
64 66
64 65
64 64
64 63
64 62
64 61
64 60
63 60
63 59
63 58
63 57
63 56
63 55
63 54
63 53
63 52
63 51
63 50
63 49
64 49
65 49
66 49
67 49
67 48
67 47
67 46
67 45
67 44
67 43
67 42
68 42
69 42
70 42
70 41
70 40
71 40
71 39
71 38
70 38
70 37
70 36
71 36
71 35
71 34
71 33
71 32
71 31
71 30
71 29
70 29
70 28
69 28
69 27
69 26
70 26
70 25
71 25
72 25
73 25
74 25
75 25
76 25
76 24
77 24
77 23
78 23
78 22
78 21
78 20
79 20
79 19
79 18
79 17
80 17
81 17
81 18
82 18
83 18
