98 0
97 0
97 1
97 2
96 2
96 3
96 4
96 5
96 6
97 6
97 7
97 8
97 9
96 9
96 10
96 11
96 12
96 13
96 14
95 14
95 15
95 16
95 17
95 18
95 19
95 20
96 20
96 21
96 22
95 22
94 22
94 23
93 23
93 24
93 25
92 25
92 26
92 27
92 28
93 28
93 29
93 30
93 31
93 32
93 33
93 34
93 35
93 36
92 36
92 37
92 38
92 39
93 39
94 39
94 40
94 41
95 41
96 41
97 41
97 42
97 43
97 44
97 45
96 45
96 46
96 47
96 48
96 49
95 49
95 50
94 50
93 50
92 50
92 51
92 52
92 53
92 54
93 54
93 55
93 56
93 57
92 57
92 58
92 59
92 60
91 60
91 61
91 62
91 63
90 63
89 63
88 63
88 64
88 65
88 66
88 67
88 68
88 69
88 70
89 70
90 70
91 70
92 70
93 70
93 71
93 72
93 73
93 74
