96 22
95 22
95 23
95 24
94 24
94 25
93 25
92 25
91 25
90 25
89 25
88 25
87 25
86 25
85 25
84 25
83 25
82 25
81 25
80 25
79 25
78 25
77 25
76 25
75 25
74 25
74 26
73 26
72 26
72 27
72 28
72 29
72 30
71 30
70 30
69 30
68 30
67 30
66 30
65 30
65 29
64 29
63 29
62 29
62 30
61 30
60 30
60 31
59 31
59 32
58 32
57 32
57 33
57 34
57 35
56 35
56 36
55 36
55 37
54 37
53 37
52 37
51 37
51 38
50 38
49 38
48 38
47 38
46 38
45 38
45 39
44 39
44 40
44 41
44 42
43 42
43 43
42 43
41 43
41 44
40 44
39 44
38 44
37 44
36 44
35 44
34 44
33 44
32 44
31 44
30 44
29 44
28 44
27 44
27 43
26 43
26 42
25 42
25 41
24 41
23 41
22 41
