79 6
78 6
78 7
78 8
78 9
78 10
78 11
77 11
76 11
75 11
74 11
73 11
72 11
71 11
71 12
71 13
71 14
71 15
71 16
71 17
70 17
69 17
68 17
67 17
67 18
66 18
66 19
65 19
64 19
64 18
64 17
63 17
62 17
61 17
60 17
60 18
59 18
58 18
58 19
57 19
56 19
55 19
55 20
55 21
55 22
54 22
53 22
52 22
51 22
51 23
51 24
51 25
51 26
51 27
51 28
51 29
51 30
50 30
50 31
50 32
50 33
50 34
50 35
49 35
48 35
48 36
47 36
46 36
45 36
45 37
45 38
45 39
44 39
44 40
44 41
44 42
43 42
43 43
42 43
41 43
41 44
40 44
39 44
38 44
37 44
36 44
35 44
34 44
33 44
32 44
31 44
30 44
