28 39
27 39
27 40
27 41
27 42
27 43
28 43
28 44
29 44
30 44
30 43
30 42
31 42
32 42
33 42
33 41
34 41
34 40
35 40
36 40
36 39
36 38
37 38
37 37
37 36
38 36
39 36
40 36
40 35
41 35
42 35
42 36
43 36
44 36
45 36
46 36
47 36
48 36
49 36
50 36
51 36
52 36
53 36
54 36
54 35
55 35
56 35
57 35
58 35
59 35
60 35
61 35
62 35
63 35
63 36
63 37
64 37
64 38
65 38
66 38
67 38
68 38
69 38
69 39
69 40
70 40
71 40
72 40
73 40
74 40
75 40
76 40
77 40
78 40
78 39
79 39
80 39
81 39
82 39
83 39
84 39
85 39
85 40
85 41
86 41
87 41
88 41
88 42
89 42
90 42
90 41
