87 37
86 37
86 36
85 36
84 36
83 36
82 36
81 36
80 36
79 36
79 35
79 34
78 34
77 34
76 34
75 34
74 34
73 34
73 33
73 32
72 32
72 31
71 31
70 31
69 31
69 30
68 30
68 29
67 29
66 29
65 29
64 29
63 29
62 29
62 30
62 31
61 31
60 31
60 32
59 32
58 32
57 32
56 32
56 31
56 30
56 29
55 29
55 28
55 27
54 27
53 27
52 27
52 26
51 26
50 26
49 26
48 26
48 27
47 27
46 27
46 26
45 26
45 25
44 25
43 25
42 25
41 25
40 25
39 25
39 24
39 23
38 23
37 23
36 23
35 23
34 23
33 23
32 23
31 23
30 23
29 23
28 23
28 22
28 21
27 21
26 21
26 20
25 20
24 20
23 20
22 20
21 20
20 20
20 19
20 18
19 18
18 18
17 18
16 18
15 18
15 17
14 17
14 16
