84 19
83 19
82 19
81 19
81 20
80 20
79 20
78 20
77 20
76 20
76 21
75 21
75 22
75 23
74 23
73 23
72 23
71 23
70 23
70 24
70 25
69 25
68 25
67 25
66 25
66 26
66 27
65 27
64 27
63 27
62 27
61 27
61 28
60 28
59 28
58 28
57 28
56 28
55 28
54 28
53 28
52 28
52 29
52 30
51 30
51 31
51 32
50 32
50 33
50 34
50 35
49 35
48 35
47 35
47 34
46 34
45 34
45 33
44 33
43 33
42 33
41 33
41 32
40 32
39 32
38 32
37 32
36 32
35 32
35 33
35 34
34 34
34 35
34 36
33 36
33 37
33 38
32 38
31 38
30 38
29 38
28 38
27 38
27 39
