62 90
62 89
62 88
62 87
61 87
60 87
59 87
58 87
58 86
57 86
56 86
56 85
55 85
55 84
55 83
55 82
55 81
55 80
54 80
54 79
53 79
52 79
51 79
50 79
50 78
49 78
48 78
48 77
48 76
47 76
46 76
45 76
44 76
43 76
42 76
41 76
40 76
40 75
40 74
40 73
40 72
39 72
38 72
37 72
36 72
35 72
34 72
34 71
34 70
34 69
33 69
33 68
33 67
33 66
32 66
32 65
32 64
32 63
32 62
32 61
32 60
32 59
32 58
32 57
32 56
32 55
32 54
32 53
32 52
32 51
32 50
32 49
31 49
31 48
31 47
31 46
31 45
31 44
31 43
30 43
29 43
28 43
28 42
28 41
28 40
28 39
28 38
28 37
27 37
27 36
27 35
27 34
27 33
27 32
27 31
26 31
26 30
25 30
25 29
24 29
23 29
22 29
21 29
21 28
21 27
21 26
21 25
21 24
21 23
