76 63
75 63
74 63
74 62
74 61
74 60
74 59
73 59
72 59
72 58
72 57
72 56
72 55
72 54
71 54
70 54
69 54
68 54
67 54
66 54
65 54
64 54
63 54
63 53
62 53
61 53
61 52
60 52
59 52
58 52
57 52
56 52
56 51
55 51
54 51
54 50
54 49
54 48
54 47
54 46
53 46
52 46
51 46
50 46
49 46
49 45
49 44
49 43
49 42
48 42
48 41
48 40
48 39
47 39
46 39
45 39
45 38
44 38
44 37
43 37
42 37
41 37
40 37
39 37
38 37
38 36
37 36
36 36
35 36
35 35
34 35
33 35
32 35
32 34
32 33
32 32
32 31
32 30
32 29
32 28
31 28
31 27
30 27
29 27
29 26
28 26
28 25
28 24
28 23
28 22
27 22
26 22
26 21
26 20
26 19
25 19
25 18
25 17
25 16
24 16
24 15
24 14
24 13
23 13
23 12
23 11
23 10
23 9
22 9
22 8
22 7
22 6
22 5
22 4
21 4
20 4
19 4
18 4
18 3
18 2
18 1
18 0
19 0
20 0
21 0
22 0
