47 86
46 86
45 86
44 86
43 86
42 86
41 86
41 87
41 88
40 88
40 89
39 89
38 89
37 89
37 88
37 87
37 86
37 85
37 84
36 84
36 83
35 83
35 82
35 81
35 80
35 79
35 78
35 77
35 76
35 75
35 74
35 73
34 73
34 72
34 71
33 71
33 70
33 69
34 69
34 68
34 67
35 67
35 66
35 65
35 64
36 64
36 63
36 62
35 62
34 62
34 61
34 60
34 59
33 59
33 58
33 57
33 56
33 55
33 54
34 54
34 53
35 53
36 53
37 53
38 53
39 53
39 52
39 51
39 50
39 49
39 48
39 47
39 46
39 45
39 44
39 43
40 43
40 42
40 41
40 40
40 39
40 38
40 37
40 36
40 35
40 34
40 33
40 32
40 31
40 30
40 29
40 28
40 27
40 26
40 25
41 25
42 25
42 24
42 23
42 22
43 22
44 22
