31 4
31 5
31 6
31 7
31 8
31 9
31 10
31 11
31 12
31 13
31 14
31 15
31 16
31 17
32 17
33 17
34 17
34 18
35 18
35 19
35 20
35 21
36 21
36 22
36 23
37 23
38 23
39 23
39 24
39 25
39 26
39 27
40 27
40 28
40 29
40 30
40 31
39 31
39 32
38 32
38 33
38 34
37 34
37 35
37 36
37 37
37 38
37 39
37 40
37 41
36 41
35 41
35 42
35 43
35 44
35 45
36 45
36 46
37 46
37 47
38 47
38 48
38 49
37 49
37 50
37 51
37 52
37 53
37 54
37 55
37 56
37 57
37 58
37 59
37 60
37 61
37 62
37 63
37 64
37 65
37 66
37 67
37 68
36 68
35 68
34 68
34 69
34 70
34 71
34 72
34 73
34 74
35 74
35 75
35 76
34 76
33 76
32 76
31 76
30 76
29 76
29 77
