32 72
33 72
34 72
35 72
35 71
36 71
37 71
38 71
39 71
40 71
41 71
42 71
42 72
42 73
43 73
44 73
45 73
45 72
46 72
46 71
47 71
47 70
47 69
48 69
49 69
50 69
50 70
51 70
52 70
53 70
54 70
55 70
56 70
57 70
58 70
59 70
60 70
61 70
61 71
62 71
63 71
63 70
64 70
65 70
66 70
66 69
66 68
67 68
68 68
69 68
70 68
70 67
70 66
71 66
72 66
72 65
72 64
73 64
73 63
73 62
74 62
75 62
76 62
77 62
78 62
78 61
79 61
80 61
81 61
82 61
82 60
83 60
84 60
85 60
86 60
87 60
88 60
89 60
89 61
89 62
90 62
91 62
91 61
91 60
92 60
93 60
94 60
95 60
96 60
