51 60
51 61
50 61
50 62
50 63
50 64
49 64
49 65
49 66
48 66
48 67
48 68
48 69
48 70
49 70
49 71
49 72
49 73
49 74
49 75
50 75
51 75
52 75
53 75
54 75
55 75
55 76
56 76
56 77
56 78
56 79
56 80
56 81
56 82
56 83
57 83
58 83
58 84
58 85
58 86
58 87
59 87
60 87
60 88
61 88
61 89
61 90
62 90
63 90
63 91
64 91
65 91
66 91
66 92
66 93
67 93
68 93
69 93
69 94
70 94
71 94
72 94
73 94
74 94
75 94
76 94
77 94
77 95
78 95
79 95
80 95
81 95
82 95
83 95
84 95
85 95
85 96
86 96
87 96
88 96
89 96
90 96
91 96
92 96
93 96
