46 0
45 0
45 1
44 1
44 2
44 3
45 3
46 3
47 3
47 4
47 5
48 5
49 5
49 6
50 6
50 7
51 7
52 7
52 8
52 9
53 9
54 9
55 9
55 10
55 11
56 11
57 11
58 11
59 11
60 11
60 12
61 12
62 12
63 12
64 12
64 13
64 14
65 14
66 14
66 15
66 16
66 17
66 18
67 18
67 19
67 20
67 21
67 22
67 23
67 24
68 24
68 25
68 26
68 27
69 27
70 27
71 27
72 27
73 27
74 27
75 27
76 27
77 27
77 28
77 29
77 30
77 31
77 32
78 32
78 33
78 34
79 34
80 34
80 35
80 36
80 37
80 38
80 39
80 40
80 41
80 42
81 42
82 42
82 43
82 44
82 45
82 46
82 47
82 48
82 49
82 50
83 50
84 50
84 51
84 52
85 52
85 53
85 54
86 54
87 54
88 54
88 55
88 56
88 57
88 58
87 58
87 59
87 60
87 61
87 62
87 63
87 64
87 65
87 66
87 67
87 68
87 69
86 69
86 70
86 71
86 72
87 72
87 73
88 73
89 73
90 73
90 74
90 75
90 76
91 76
91 77
91 78
91 79
92 79
92 80
93 80
94 80
94 81
95 81
96 81
96 82
97 82
97 83
98 83
99 83
99 84
99 85
98 85
97 85
96 85
95 85
94 85
94 84
93 84
92 84
91 84
