72 83
73 83
73 82
73 81
72 81
71 81
70 81
69 81
69 80
69 79
68 79
68 78
68 77
68 76
68 75
68 74
68 73
68 72
68 71
67 71
67 70
66 70
65 70
64 70
63 70
63 69
62 69
61 69
60 69
59 69
59 68
59 67
58 67
57 67
57 66
56 66
56 65
56 64
56 63
56 62
55 62
55 61
55 60
55 59
55 58
55 57
55 56
55 55
55 54
54 54
54 53
54 52
54 51
54 50
54 49
54 48
53 48
53 47
52 47
51 47
50 47
49 47
49 46
49 45
49 44
48 44
47 44
46 44
46 43
46 42
45 42
44 42
43 42
42 42
41 42
41 41
40 41
39 41
38 41
37 41
37 40
36 40
35 40
34 40
34 39
34 38
34 37
34 36
33 36
33 35
32 35
31 35
31 34
31 33
31 32
31 31
31 30
30 30
29 30
29 29
28 29
27 29
26 29
25 29
24 29
