42 0
41 0
40 0
39 0
38 0
37 0
37 1
36 1
36 2
36 3
36 4
36 5
35 5
34 5
34 6
34 7
34 8
34 9
34 10
34 11
33 11
32 11
31 11
30 11
29 11
28 11
28 12
28 13
28 14
28 15
28 16
27 16
27 17
27 18
27 19
26 19
26 20
26 21
26 22
26 23
25 23
25 24
25 25
25 26
25 27
25 28
25 29
25 30
25 31
25 32
24 32
24 33
24 34
24 35
23 35
23 36
23 37
23 38
22 38
21 38
21 39
21 40
21 41
21 42
21 43
21 44
20 44
20 45
20 46
20 47
20 48
20 49
20 50
20 51
20 52
20 53
21 53
22 53
22 54
22 55
22 56
22 57
22 58
22 59
22 60
22 61
22 62
21 62
21 63
20 63
20 64
19 64
18 64
18 65
18 66
18 67
19 67
19 68
20 68
