88 97
87 97
87 96
86 96
85 96
85 95
85 94
85 93
85 92
86 92
86 91
86 90
87 90
87 89
87 88
87 87
86 87
85 87
85 88
84 88
83 88
82 88
82 87
82 86
82 85
82 84
81 84
80 84
79 84
78 84
77 84
76 84
76 85
75 85
74 85
73 85
73 86
72 86
71 86
71 87
70 87
69 87
68 87
67 87
66 87
65 87
65 86
64 86
63 86
62 86
61 86
60 86
59 86
58 86
57 86
57 85
57 84
57 83
57 82
57 81
56 81
55 81
54 81
53 81
52 81
51 81
50 81
49 81
48 81
47 81
46 81
45 81
44 81
44 80
43 80
42 80
41 80
40 80
40 81
39 81
38 81
37 81
36 81
35 81
35 82
34 82
33 82
32 82
31 82
30 82
29 82
28 82
27 82
26 82
25 82
25 83
25 84
24 84
24 85
24 86
24 87
24 88
23 88
22 88
21 88
21 87
