46 85
45 85
44 85
43 85
42 85
41 85
41 84
41 83
41 82
42 82
42 81
42 80
43 80
43 79
43 78
42 78
42 77
42 76
42 75
41 75
41 74
41 73
41 72
41 71
40 71
40 70
40 69
40 68
39 68
39 67
39 66
39 65
38 65
37 65
37 64
36 64
35 64
34 64
34 63
33 63
32 63
31 63
31 62
31 61
31 60
31 59
31 58
31 57
30 57
30 56
29 56
29 55
28 55
28 54
28 53
28 52
28 51
28 50
28 49
28 48
28 47
28 46
27 46
26 46
25 46
24 46
24 45
23 45
22 45
22 44
22 43
21 43
20 43
19 43
18 43
17 43
16 43
15 43
15 42
14 42
14 41
13 41
12 41
11 41
11 40
11 39
11 38
11 37
10 37
