60 35
59 35
59 36
59 37
58 37
57 37
56 37
55 37
55 36
55 35
54 35
53 35
52 35
51 35
51 34
50 34
49 34
48 34
48 35
48 36
48 37
48 38
49 38
49 39
49 40
48 40
48 41
48 42
48 43
48 44
48 45
47 45
46 45
46 46
46 47
46 48
46 49
46 50
46 51
46 52
46 53
45 53
45 54
45 55
44 55
44 56
43 56
42 56
42 57
42 58
42 59
41 59
40 59
39 59
39 60
39 61
38 61
37 61
37 62
37 63
37 64
36 64
36 65
36 66
36 67
36 68
36 69
36 70
36 71
36 72
36 73
36 74
36 75
36 76
35 76
34 76
33 76
32 76
32 77
31 77
31 78
31 79
31 80
31 81
31 82
31 83
32 83
33 83
33 84
33 85
32 85
32 86
32 87
32 88
32 89
32 90
31 90
30 90
30 91
29 91
29 92
28 92
27 92
27 93
27 94
27 95
28 95
