27 17
27 18
28 18
29 18
29 19
29 20
29 21
29 22
29 23
30 23
30 24
30 25
31 25
32 25
33 25
34 25
34 26
34 27
34 28
34 29
35 29
35 30
35 31
35 32
36 32
37 32
38 32
38 33
39 33
40 33
41 33
41 34
42 34
43 34
44 34
45 34
46 34
47 34
48 34
49 34
50 34
51 34
52 34
53 34
54 34
55 34
56 34
57 34
58 34
58 35
59 35
60 35
61 35
61 36
61 37
62 37
62 38
62 39
62 40
63 40
63 41
63 42
63 43
63 44
64 44
65 44
65 45
65 46
65 47
66 47
66 48
66 49
66 50
66 51
66 52
66 53
66 54
65 54
64 54
63 54
62 54
62 55
62 56
62 57
62 58
61 58
60 58
60 59
60 60
59 60
58 60
58 61
58 62
58 63
57 63
57 64
57 65
58 65
