40 54
41 54
41 55
41 56
41 57
42 57
42 58
43 58
43 59
43 60
44 60
45 60
45 61
46 61
47 61
48 61
48 62
48 63
48 64
48 65
49 65
50 65
51 65
52 65
52 66
52 67
52 68
53 68
54 68
54 69
55 69
56 69
57 69
58 69
58 70
59 70
60 70
61 70
62 70
63 70
63 71
63 72
64 72
64 73
64 74
64 75
64 76
64 77
65 77
66 77
67 77
68 77
68 78
69 78
69 79
69 80
70 80
70 81
71 81
72 81
72 82
72 83
73 83
73 84
74 84
74 85
75 85
76 85
76 86
77 86
77 87
78 87
78 88
78 89
78 90
79 90
80 90
81 90
82 90
83 90
84 90
85 90
85 91
86 91
87 91
88 91
89 91
89 92
89 93
