5 11
6 11
7 11
8 11
9 11
10 11
11 11
12 11
13 11
14 11
14 12
15 12
15 13
16 13
17 13
18 13
18 14
19 14
19 15
20 15
20 16
21 16
22 16
22 17
22 18
23 18
23 19
23 20
23 21
24 21
25 21
26 21
26 22
27 22
27 23
27 24
27 25
28 25
28 26
29 26
30 26
30 27
30 28
31 28
32 28
33 28
33 27
34 27
35 27
35 28
36 28
36 29
37 29
38 29
39 29
40 29
40 30
41 30
42 30
43 30
44 30
45 30
46 30
47 30
48 30
49 30
50 30
51 30
52 30
53 30
54 30
54 31
55 31
56 31
56 32
57 32
58 32
59 32
59 33
60 33
61 33
62 33
63 33
64 33
65 33
66 33
67 33
67 34
68 34
69 34
70 34
71 34
72 34
72 33
73 33
74 33
74 32
75 32
76 32
76 33
76 34
77 34
78 34
79 34
80 34
80 33
81 33
82 33
83 33
