4 1
5 1
5 2
5 3
6 3
6 4
7 4
7 5
7 6
8 6
9 6
10 6
11 6
12 6
12 7
13 7
14 7
15 7
15 8
16 8
17 8
18 8
19 8
20 8
21 8
22 8
23 8
24 8
25 8
26 8
27 8
28 8
29 8
30 8
30 9
31 9
32 9
32 10
33 10
33 11
34 11
35 11
36 11
37 11
38 11
38 12
38 13
38 14
38 15
38 16
39 16
40 16
41 16
42 16
43 16
44 16
45 16
46 16
47 16
48 16
49 16
50 16
50 17
51 17
51 18
52 18
53 18
54 18
55 18
56 18
57 18
57 17
58 17
59 17
60 17
61 17
62 17
63 17
64 17
65 17
66 17
67 17
67 18
68 18
69 18
69 17
70 17
70 16
71 16
71 15
71 14
71 13
72 13
73 13
73 12
73 11
74 11
75 11
76 11
77 11
78 11
79 11
80 11
81 11
81 10
82 10
83 10
83 11
84 11
