61 93
61 92
61 91
61 90
61 89
61 88
62 88
63 88
63 87
63 86
63 85
63 84
63 83
64 83
65 83
66 83
66 82
66 81
66 80
66 79
66 78
66 77
66 76
67 76
68 76
69 76
70 76
71 76
72 76
72 75
73 75
73 74
73 73
73 72
74 72
75 72
76 72
77 72
77 71
77 70
77 69
77 68
78 68
79 68
79 67
80 67
80 66
81 66
82 66
82 65
82 64
83 64
83 63
83 62
83 61
83 60
83 59
83 58
83 57
83 56
83 55
83 54
83 53
84 53
84 52
85 52
85 51
85 50
86 50
86 49
86 48
85 48
85 47
85 46
85 45
85 44
86 44
87 44
87 43
88 43
88 42
88 41
88 40
88 39
88 38
88 37
88 36
88 35
89 35
89 34
89 33
89 32
89 31
89 30
89 29
89 28
88 28
87 28
87 27
87 26
87 25
87 24
86 24
85 24
84 24
83 24
82 24
82 23
82 22
82 21
82 20
82 19
82 18
82 17
81 17
80 17
79 17
78 17
77 17
77 16
