91 96
91 95
91 94
92 94
92 93
92 92
92 91
92 90
91 90
90 90
89 90
88 90
87 90
87 91
86 91
85 91
84 91
83 91
83 90
82 90
81 90
81 89
81 88
80 88
80 87
79 87
78 87
77 87
76 87
76 86
76 85
75 85
75 84
74 84
73 84
73 83
73 82
72 82
71 82
70 82
69 82
68 82
68 81
68 80
68 79
67 79
66 79
65 79
64 79
64 78
64 77
63 77
62 77
61 77
61 76
60 76
59 76
58 76
57 76
56 76
55 76
54 76
53 76
53 75
53 74
53 73
53 72
52 72
52 71
51 71
51 70
51 69
50 69
49 69
49 68
48 68
47 68
46 68
46 67
45 67
44 67
44 66
44 65
43 65
43 64
42 64
41 64
41 63
41 62
41 61
40 61
39 61
38 61
37 61
36 61
35 61
34 61
33 61
33 60
33 59
33 58
32 58
31 58
31 57
30 57
