77 15
77 16
76 16
76 17
75 17
74 17
74 18
74 19
74 20
74 21
74 22
73 22
72 22
71 22
70 22
70 23
70 24
70 25
70 26
69 26
69 27
69 28
69 29
69 30
69 31
69 32
69 33
69 34
69 35
68 35
68 36
67 36
66 36
65 36
65 37
64 37
64 38
64 39
63 39
63 40
63 41
63 42
63 43
63 44
63 45
62 45
62 46
62 47
63 47
63 48
63 49
63 50
63 51
63 52
63 53
62 53
61 53
61 54
60 54
60 55
60 56
60 57
60 58
60 59
60 60
60 61
60 62
60 63
60 64
60 65
60 66
60 67
60 68
60 69
60 70
60 71
60 72
61 72
61 73
61 74
62 74
62 75
62 76
62 77
62 78
61 78
61 79
60 79
60 80
60 81
60 82
60 83
61 83
61 84
61 85
62 85
62 86
62 87
62 88
62 89
63 89
63 90
63 91
63 92
