19 67
20 67
20 68
20 69
20 70
20 71
20 72
20 73
21 73
21 74
21 75
21 76
21 77
22 77
23 77
23 78
23 79
23 80
24 80
25 80
26 80
26 81
26 82
26 83
27 83
27 84
27 85
28 85
28 86
29 86
30 86
31 86
32 86
33 86
33 85
33 84
34 84
35 84
36 84
36 83
37 83
38 83
39 83
40 83
40 84
40 85
41 85
42 85
43 85
44 85
45 85
46 85
47 85
48 85
48 86
48 87
48 88
49 88
49 89
49 90
50 90
51 90
52 90
53 90
53 91
54 91
55 91
55 92
55 93
55 94
56 94
57 94
57 93
58 93
59 93
60 93
60 92
61 92
62 92
63 92
63 91
64 91
65 91
66 91
67 91
68 91
68 90
69 90
70 90
70 91
