89 0
89 1
88 1
87 1
87 2
86 2
86 3
85 3
85 4
85 5
85 6
85 7
84 7
83 7
82 7
82 8
81 8
80 8
79 8
78 8
78 9
78 10
78 11
78 12
78 13
78 14
78 15
78 16
78 17
77 17
76 17
76 18
76 19
76 20
76 21
76 22
76 23
76 24
76 25
76 26
76 27
76 28
76 29
76 30
76 31
76 32
76 33
75 33
75 34
75 35
74 35
74 36
74 37
74 38
74 39
74 40
73 40
73 41
73 42
73 43
73 44
73 45
73 46
73 47
73 48
72 48
71 48
71 49
70 49
70 50
70 51
70 52
69 52
68 52
67 52
67 53
67 54
67 55
67 56
67 57
68 57
69 57
70 57
70 58
71 58
72 58
73 58
73 59
73 60
73 61
73 62
72 62
72 63
72 64
72 65
72 66
72 67
72 68
73 68
74 68
74 67
75 67
76 67
77 67
77 68
77 69
77 70
77 71
76 71
76 72
76 73
76 74
