33 1
33 2
32 2
32 3
32 4
33 4
33 5
34 5
35 5
35 6
36 6
36 7
36 8
36 9
36 10
37 10
38 10
38 11
39 11
39 12
39 13
39 14
39 15
40 15
40 16
41 16
42 16
43 16
43 17
43 18
44 18
44 19
44 20
44 21
44 22
44 23
44 24
44 25
43 25
43 26
43 27
43 28
43 29
43 30
44 30
44 31
44 32
44 33
44 34
44 35
45 35
45 36
45 37
44 37
44 38
44 39
44 40
44 41
44 42
44 43
44 44
44 45
44 46
44 47
44 48
44 49
45 49
45 50
45 51
45 52
44 52
43 52
43 53
43 54
43 55
43 56
43 57
43 58
43 59
43 60
43 61
42 61
42 62
42 63
42 64
42 65
43 65
44 65
45 65
46 65
47 65
48 65
48 66
