22 78
21 78
21 77
21 76
21 75
22 75
22 74
22 73
22 72
22 71
23 71
23 70
23 69
23 68
23 67
23 66
23 65
22 65
22 64
21 64
20 64
20 63
19 63
19 62
19 61
19 60
19 59
20 59
21 59
21 58
21 57
21 56
21 55
21 54
21 53
20 53
20 52
19 52
19 51
19 50
19 49
19 48
19 47
19 46
19 45
19 44
18 44
17 44
17 43
17 42
16 42
16 41
16 40
16 39
16 38
16 37
16 36
16 35
16 34
16 33
16 32
15 32
15 31
15 30
16 30
16 29
17 29
17 28
17 27
17 26
17 25
17 24
17 23
18 23
18 22
19 22
20 22
20 21
20 20
20 19
20 18
20 17
21 17
22 17
23 17
24 17
25 17
