8 82
8 83
8 84
8 85
9 85
10 85
10 84
11 84
11 83
11 82
12 82
13 82
13 81
13 80
13 79
13 78
14 78
15 78
16 78
17 78
17 77
17 76
17 75
18 75
19 75
20 75
20 74
20 73
20 72
20 71
20 70
21 70
22 70
23 70
24 70
24 69
24 68
25 68
26 68
27 68
28 68
29 68
29 67
29 66
30 66
30 65
30 64
30 63
30 62
30 61
30 60
30 59
30 58
30 57
30 56
30 55
30 54
31 54
32 54
32 53
32 52
32 51
33 51
33 50
34 50
35 50
35 49
35 48
35 47
36 47
37 47
38 47
39 47
40 47
40 46
41 46
42 46
43 46
44 46
44 45
45 45
46 45
46 44
47 44
48 44
49 44
50 44
50 43
51 43
