99 98
99 97
98 97
97 97
97 96
96 96
95 96
94 96
93 96
93 95
93 94
92 94
91 94
91 93
91 92
91 91
90 91
89 91
88 91
87 91
86 91
85 91
84 91
83 91
82 91
81 91
80 91
79 91
78 91
78 90
78 89
78 88
78 87
78 86
78 85
77 85
76 85
75 85
74 85
73 85
72 85
71 85
70 85
69 85
68 85
67 85
66 85
65 85
65 84
64 84
63 84
62 84
61 84
60 84
60 83
60 82
60 81
60 80
59 80
58 80
58 79
57 79
57 78
56 78
55 78
54 78
54 77
54 76
54 75
54 74
54 73
54 72
53 72
52 72
52 71
52 70
52 69
52 68
52 67
52 66
51 66
51 65
51 64
51 63
51 62
51 61
51 60
51 59
50 59
50 58
49 58
48 58
47 58
47 57
46 57
45 57
44 57
44 56
44 55
44 54
44 53
44 52
43 52
43 51
43 50
43 49
