41 0
40 0
39 0
39 1
39 2
40 2
40 3
40 4
39 4
38 4
37 4
37 5
37 6
37 7
36 7
35 7
35 8
34 8
33 8
33 9
33 10
32 10
32 11
32 12
32 13
32 14
31 14
30 14
30 15
30 16
30 17
29 17
28 17
28 18
28 19
27 19
27 20
27 21
27 22
27 23
27 24
27 25
27 26
28 26
28 27
28 28
28 29
28 30
28 31
27 31
26 31
25 31
24 31
24 32
23 32
23 33
23 34
23 35
23 36
23 37
22 37
22 38
22 39
22 40
22 41
22 42
21 42
20 42
20 43
20 44
19 44
19 45
19 46
19 47
19 48
19 49
19 50
19 51
19 52
19 53
19 54
19 55
19 56
18 56
18 57
17 57
16 57
15 57
15 58
15 59
15 60
15 61
15 62
15 63
15 64
15 65
15 66
15 67
14 67
14 68
14 69
13 69
12 69
11 69
11 70
10 70
10 71
10 72
10 73
10 74
10 75
9 75
8 75
8 76
8 77
8 78
9 78
9 79
9 80
9 81
9 82
9 83
9 84
10 84
11 84
12 84
13 84
14 84
14 85
14 86
15 86
16 86
17 86
18 86
19 86
20 86
20 87
21 87
21 88
21 89
