4 80
4 81
5 81
6 81
7 81
7 82
8 82
8 83
8 84
8 85
9 85
10 85
11 85
12 85
13 85
13 86
14 86
15 86
15 85
16 85
17 85
18 85
19 85
20 85
21 85
22 85
23 85
24 85
24 84
25 84
26 84
26 85
27 85
27 86
28 86
28 87
28 88
29 88
29 89
30 89
31 89
32 89
33 89
33 88
34 88
34 87
35 87
36 87
37 87
38 87
39 87
40 87
41 87
42 87
43 87
43 88
44 88
45 88
45 87
45 86
45 85
46 85
47 85
48 85
49 85
50 85
50 84
50 83
51 83
52 83
53 83
53 82
53 81
54 81
55 81
55 80
56 80
57 80
58 80
59 80
60 80
60 81
61 81
62 81
63 81
64 81
65 81
66 81
66 82
67 82
68 82
69 82
69 81
70 81
71 81
71 82
71 83
72 83
73 83
73 84
73 85
74 85
75 85
