19 7
20 7
20 8
20 9
20 10
21 10
22 10
23 10
24 10
25 10
25 11
25 12
26 12
26 13
27 13
28 13
28 14
28 15
28 16
28 17
28 18
29 18
29 19
29 20
29 21
29 22
30 22
31 22
32 22
33 22
33 23
33 24
33 25
34 25
35 25
36 25
37 25
37 26
37 27
37 28
37 29
38 29
39 29
39 30
39 31
40 31
40 32
40 33
40 34
40 35
40 36
40 37
41 37
41 38
41 39
41 40
41 41
41 42
42 42
43 42
43 43
43 44
43 45
43 46
44 46
45 46
45 47
45 48
45 49
46 49
46 50
46 51
46 52
47 52
47 53
47 54
47 55
47 56
47 57
48 57
48 58
48 59
49 59
49 60
49 61
49 62
49 63
49 64
49 65
49 66
49 67
49 68
50 68
51 68
51 69
51 70
51 71
51 72
51 73
51 74
52 74
53 74
54 74
54 75
54 76
55 76
56 76
57 76
58 76
59 76
60 76
61 76
62 76
62 77
63 77
63 78
64 78
65 78
66 78
67 78
68 78
69 78
70 78
70 79
71 79
72 79
73 79
73 80
74 80
74 81
74 82
74 83
74 84
75 84
76 84
77 84
78 84
78 85
78 86
78 87
78 88
78 89
77 89
77 90
77 91
77 92
77 93
77 94
78 94
78 95
78 96
78 97
79 97
80 97
81 97
82 97
83 97
84 97
85 97
85 98
86 98
86 99
87 99
88 99
