1 33
0 33
0 34
0 35
0 36
0 37
0 38
0 39
0 40
0 41
0 42
1 42
1 43
1 44
2 44
3 44
3 45
4 45
5 45
5 46
5 47
6 47
6 48
7 48
8 48
8 49
8 50
8 51
9 51
10 51
11 51
12 51
12 52
12 53
13 53
14 53
15 53
16 53
16 54
16 55
17 55
18 55
18 56
19 56
19 57
20 57
21 57
22 57
23 57
24 57
24 58
25 58
26 58
27 58
28 58
28 59
29 59
30 59
31 59
32 59
33 59
33 60
34 60
34 61
34 62
34 63
35 63
36 63
37 63
38 63
38 64
39 64
39 65
40 65
40 66
41 66
41 67
42 67
43 67
44 67
45 67
46 67
47 67
48 67
49 67
50 67
50 68
51 68
52 68
53 68
54 68
55 68
56 68
57 68
58 68
58 69
59 69
60 69
61 69
62 69
63 69
64 69
65 69
66 69
