55 89
54 89
53 89
52 89
51 89
50 89
49 89
48 89
47 89
47 88
47 87
47 86
47 85
47 84
47 83
47 82
46 82
45 82
44 82
44 81
44 80
44 79
44 78
44 77
44 76
43 76
42 76
41 76
40 76
39 76
38 76
38 75
38 74
37 74
36 74
36 73
36 72
36 71
35 71
34 71
33 71
32 71
31 71
31 70
31 69
31 68
31 67
31 66
31 65
30 65
30 64
29 64
28 64
28 63
28 62
28 61
28 60
28 59
27 59
26 59
25 59
25 58
25 57
25 56
25 55
25 54
24 54
24 53
24 52
23 52
22 52
22 51
22 50
22 49
22 48
22 47
22 46
22 45
22 44
22 43
21 43
21 42
21 41
21 40
21 39
21 38
21 37
21 36
20 36
20 35
20 34
20 33
20 32
20 31
19 31
18 31
18 30
17 30
16 30
15 30
14 30
14 29
14 28
13 28
13 27
13 26
13 25
13 24
14 24
14 23
14 22
15 22
16 22
16 21
17 21
18 21
18 20
18 19
