94 74
93 74
92 74
91 74
90 74
89 74
89 73
89 72
89 71
88 71
88 70
88 69
88 68
88 67
88 66
87 66
87 65
87 64
87 63
87 62
87 61
88 61
88 60
88 59
88 58
88 57
88 56
88 55
87 55
86 55
86 54
85 54
85 53
85 52
84 52
83 52
82 52
81 52
80 52
79 52
78 52
77 52
77 51
76 51
76 50
76 49
76 48
76 47
76 46
76 45
76 44
75 44
74 44
74 43
73 43
73 42
72 42
71 42
71 41
70 41
69 41
68 41
67 41
66 41
65 41
65 40
64 40
63 40
62 40
61 40
60 40
59 40
58 40
58 39
58 38
58 37
58 36
57 36
56 36
55 36
55 35
54 35
53 35
52 35
52 34
51 34
50 34
49 34
48 34
47 34
46 34
45 34
44 34
43 34
42 34
41 34
40 34
39 34
39 33
39 32
38 32
38 31
38 30
37 30
36 30
36 29
36 28
35 28
35 27
35 26
34 26
34 25
33 25
32 25
31 25
30 25
29 25
28 25
27 25
26 25
25 25
24 25
23 25
22 25
21 25
20 25
19 25
19 26
18 26
17 26
16 26
15 26
14 26
14 27
13 27
12 27
11 27
10 27
9 27
8 27
7 27
6 27
5 27
5 26
4 26
3 26
3 25
2 25
1 25
0 25
