60 41
59 41
59 42
58 42
57 42
56 42
55 42
54 42
54 43
54 44
54 45
54 46
53 46
53 47
53 48
52 48
51 48
50 48
49 48
49 49
49 50
49 51
49 52
48 52
48 53
48 54
48 55
48 56
47 56
46 56
46 57
46 58
46 59
46 60
46 61
46 62
46 63
46 64
46 65
46 66
46 67
46 68
46 69
45 69
44 69
43 69
43 70
43 71
43 72
42 72
42 73
42 74
41 74
40 74
39 74
39 75
38 75
37 75
36 75
35 75
35 76
34 76
34 77
33 77
33 78
32 78
31 78
30 78
30 79
29 79
28 79
27 79
26 79
26 80
25 80
24 80
23 80
22 80
21 80
20 80
20 81
19 81
19 82
19 83
18 83
17 83
16 83
15 83
14 83
13 83
12 83
12 84
12 85
11 85
11 86
11 87
11 88
10 88
9 88
8 88
8 89
7 89
6 89
5 89
4 89
3 89
3 90
2 90
2 91
