32 55
33 55
34 55
35 55
35 54
35 53
36 53
37 53
38 53
39 53
39 52
39 51
38 51
38 50
37 50
37 49
37 48
36 48
35 48
34 48
33 48
32 48
31 48
30 48
29 48
28 48
27 48
27 47
27 46
27 45
27 44
27 43
27 42
27 41
27 40
27 39
26 39
25 39
24 39
23 39
22 39
21 39
20 39
20 38
19 38
19 37
19 36
19 35
19 34
19 33
18 33
18 32
18 31
18 30
18 29
18 28
17 28
17 27
17 26
17 25
17 24
17 23
17 22
16 22
16 21
16 20
16 19
16 18
17 18
17 17
17 16
17 15
17 14
17 13
16 13
16 12
16 11
16 10
15 10
14 10
13 10
13 9
13 8
13 7
13 6
13 5
13 4
14 4
15 4
