55 8
55 9
56 9
57 9
58 9
59 9
59 10
59 11
59 12
59 13
59 14
60 14
61 14
61 15
61 16
61 17
62 17
62 18
63 18
64 18
65 18
66 18
67 18
67 19
68 19
69 19
69 20
69 21
69 22
70 22
70 23
70 24
70 25
70 26
70 27
70 28
70 29
69 29
69 30
69 31
69 32
69 33
69 34
69 35
69 36
69 37
69 38
70 38
70 39
70 40
70 41
71 41
71 42
71 43
70 43
70 44
70 45
69 45
69 46
68 46
67 46
67 47
67 48
68 48
68 49
68 50
68 51
69 51
70 51
71 51
71 52
71 53
71 54
71 55
71 56
71 57
72 57
72 58
72 59
72 60
72 61
72 62
72 63
72 64
72 65
73 65
73 66
74 66
74 67
74 68
75 68
76 68
76 69
76 70
75 70
75 71
75 72
75 73
75 74
75 75
76 75
76 76
76 77
76 78
76 79
77 79
78 79
78 80
78 81
78 82
78 83
78 84
78 85
78 86
78 87
78 88
78 89
79 89
79 90
80 90
81 90
82 90
83 90
83 91
84 91
85 91
85 92
85 93
86 93
87 93
88 93
89 93
90 93
