73 61
72 61
71 61
70 61
69 61
69 60
69 59
68 59
67 59
66 59
65 59
65 60
65 61
64 61
63 61
62 61
61 61
61 60
60 60
59 60
59 59
59 58
58 58
57 58
56 58
55 58
54 58
53 58
52 58
51 58
51 57
50 57
49 57
48 57
47 57
46 57
46 56
46 55
45 55
45 54
45 53
45 52
44 52
43 52
43 51
43 50
42 50
42 49
41 49
40 49
40 50
39 50
39 51
38 51
37 51
36 51
35 51
35 52
35 53
34 53
33 53
32 53
31 53
31 52
30 52
29 52
28 52
27 52
26 52
25 52
25 51
25 50
25 49
25 48
24 48
23 48
22 48
21 48
20 48
19 48
19 47
18 47
17 47
16 47
15 47
15 48
14 48
13 48
12 48
11 48
11 47
10 47
10 46
9 46
8 46
7 46
7 45
7 44
7 43
7 42
