33 25
32 25
32 26
32 27
32 28
32 29
32 30
32 31
32 32
33 32
34 32
34 33
34 34
35 34
35 35
35 36
35 37
35 38
35 39
35 40
34 40
33 40
32 40
31 40
31 41
31 42
30 42
30 43
30 44
30 45
30 46
30 47
30 48
30 49
30 50
30 51
29 51
29 52
29 53
29 54
29 55
28 55
28 56
28 57
28 58
28 59
28 60
28 61
27 61
27 62
26 62
26 63
26 64
25 64
24 64
24 65
24 66
24 67
24 68
23 68
22 68
21 68
20 68
19 68
18 68
17 68
16 68
16 69
16 70
16 71
15 71
15 72
15 73
15 74
15 75
15 76
14 76
13 76
12 76
12 77
12 78
11 78
11 79
11 80
11 81
10 81
10 82
10 83
10 84
10 85
10 86
10 87
10 88
10 89
11 89
11 90
11 91
10 91
10 92
9 92
8 92
8 93
8 94
8 95
8 96
7 96
7 97
7 98
7 99
6 99
5 99
