95 26
96 26
97 26
97 27
97 28
97 29
98 29
98 30
99 30
99 31
99 32
98 32
98 33
97 33
96 33
95 33
94 33
93 33
92 33
91 33
90 33
90 34
89 34
89 35
88 35
87 35
87 36
86 36
86 37
85 37
84 37
83 37
82 37
81 37
80 37
79 37
78 37
77 37
76 37
75 37
75 38
74 38
73 38
72 38
71 38
70 38
69 38
68 38
68 39
67 39
66 39
65 39
65 40
64 40
63 40
62 40
61 40
60 40
59 40
58 40
57 40
56 40
55 40
55 39
54 39
53 39
52 39
51 39
51 38
50 38
49 38
48 38
47 38
46 38
45 38
44 38
43 38
42 38
42 37
41 37
40 37
39 37
38 37
37 37
36 37
35 37
34 37
33 37
32 37
31 37
30 37
29 37
28 37
27 37
26 37
26 36
26 35
25 35
24 35
24 34
23 34
22 34
22 35
22 36
21 36
20 36
19 36
19 35
18 35
17 35
16 35
16 36
15 36
14 36
14 37
14 38
14 39
13 39
12 39
11 39
11 40
11 41
