21 95
21 96
22 96
23 96
23 97
24 97
24 98
25 98
25 99
26 99
27 99
28 99
29 99
30 99
31 99
32 99
32 98
32 97
32 96
33 96
33 95
33 94
32 94
32 93
32 92
33 92
33 91
33 90
33 89
33 88
34 88
34 87
34 86
35 86
36 86
36 85
36 84
36 83
36 82
36 81
37 81
37 80
38 80
39 80
40 80
41 80
42 80
42 79
42 78
42 77
42 76
42 75
42 74
42 73
42 72
43 72
44 72
45 72
46 72
46 71
46 70
46 69
46 68
46 67
46 66
46 65
47 65
48 65
49 65
49 64
50 64
51 64
52 64
52 63
53 63
53 62
53 61
53 60
53 59
53 58
53 57
53 56
53 55
54 55
54 54
55 54
56 54
57 54
57 53
58 53
59 53
59 52
60 52
61 52
62 52
63 52
64 52
65 52
66 52
67 52
67 51
67 50
67 49
67 48
67 47
68 47
68 46
68 45
68 44
68 43
68 42
68 41
68 40
67 40
67 39
67 38
67 37
68 37
69 37
