86 79
85 79
85 80
85 81
84 81
83 81
82 81
81 81
81 82
80 82
79 82
78 82
78 83
77 83
77 84
76 84
76 85
76 86
75 86
74 86
73 86
72 86
71 86
71 85
70 85
69 85
68 85
68 84
67 84
66 84
65 84
64 84
63 84
62 84
62 83
62 82
62 81
61 81
60 81
60 80
60 79
59 79
58 79
57 79
57 78
56 78
56 77
56 76
56 75
55 75
55 74
54 74
53 74
52 74
52 73
51 73
50 73
50 72
50 71
49 71
48 71
48 72
47 72
46 72
46 73
45 73
44 73
43 73
42 73
41 73
40 73
40 74
39 74
38 74
37 74
37 73
36 73
36 72
35 72
35 71
34 71
33 71
32 71
32 70
32 69
32 68
32 67
32 66
32 65
32 64
32 63
31 63
31 62
31 61
