14 54
14 53
14 52
14 51
14 50
14 49
14 48
15 48
16 48
17 48
17 47
18 47
18 46
18 45
18 44
18 43
19 43
20 43
21 43
21 42
21 41
21 40
21 39
21 38
21 37
21 36
22 36
23 36
23 35
23 34
23 33
24 33
25 33
25 32
26 32
27 32
27 31
27 30
27 29
28 29
29 29
30 29
30 28
31 28
32 28
33 28
34 28
35 28
36 28
36 27
37 27
38 27
38 26
39 26
40 26
41 26
42 26
43 26
44 26
44 25
45 25
46 25
46 24
46 23
47 23
48 23
48 22
48 21
49 21
50 21
51 21
51 22
52 22
53 22
54 22
55 22
55 23
56 23
57 23
58 23
59 23
59 24
60 24
61 24
62 24
62 25
63 25
64 25
65 25
66 25
67 25
68 25
69 25
69 24
69 23
70 23
71 23
72 23
72 22
73 22
74 22
75 22
76 22
77 22
77 21
77 20
77 19
78 19
79 19
79 18
80 18
81 18
81 19
82 19
83 19
84 19
85 19
86 19
87 19
88 19
89 19
90 19
