27 33
27 32
28 32
28 31
29 31
29 30
30 30
31 30
32 30
32 29
33 29
34 29
34 30
34 31
34 32
35 32
35 33
35 34
36 34
37 34
37 35
37 36
37 37
37 38
36 38
36 39
35 39
35 40
35 41
35 42
35 43
35 44
35 45
35 46
36 46
37 46
38 46
38 47
39 47
39 48
40 48
41 48
41 49
41 50
41 51
41 52
41 53
41 54
41 55
41 56
41 57
40 57
40 58
40 59
40 60
40 61
40 62
41 62
41 63
41 64
41 65
41 66
42 66
42 67
42 68
42 69
42 70
42 71
42 72
42 73
43 73
44 73
44 74
44 75
44 76
44 77
45 77
45 78
45 79
45 80
45 81
45 82
45 83
45 84
45 85
46 85
46 86
46 87
47 87
47 88
47 89
47 90
47 91
48 91
48 92
48 93
49 93
50 93
51 93
51 94
52 94
53 94
54 94
55 94
56 94
57 94
58 94
58 95
58 96
59 96
60 96
