44 6
43 6
42 6
42 7
42 8
42 9
42 10
42 11
41 11
41 12
41 13
40 13
40 14
40 15
40 16
39 16
39 17
39 18
39 19
39 20
39 21
40 21
40 22
40 23
39 23
38 23
37 23
36 23
36 24
36 25
36 26
36 27
36 28
36 29
36 30
36 31
36 32
35 32
34 32
34 33
33 33
32 33
32 34
32 35
31 35
30 35
29 35
29 36
28 36
28 37
28 38
27 38
26 38
26 39
26 40
26 41
26 42
25 42
25 43
25 44
24 44
23 44
22 44
22 45
21 45
21 46
21 47
20 47
20 48
20 49
20 50
20 51
20 52
21 52
21 53
21 54
21 55
21 56
21 57
21 58
21 59
21 60
21 61
21 62
21 63
21 64
20 64
20 65
20 66
20 67
20 68
20 69
19 69
