15 65
15 66
16 66
17 66
18 66
19 66
19 67
20 67
21 67
21 68
22 68
22 69
23 69
24 69
24 70
24 71
25 71
25 72
26 72
26 73
27 73
28 73
29 73
30 73
30 74
31 74
31 75
32 75
33 75
34 75
35 75
35 74
36 74
37 74
38 74
39 74
39 75
39 76
40 76
40 77
41 77
41 78
42 78
43 78
44 78
45 78
46 78
47 78
47 79
48 79
49 79
50 79
51 79
52 79
52 80
53 80
54 80
55 80
56 80
57 80
58 80
59 80
60 80
61 80
61 81
62 81
63 81
63 80
64 80
65 80
66 80
67 80
68 80
68 79
68 78
69 78
69 77
70 77
70 76
71 76
72 76
72 77
73 77
74 77
74 76
75 76
76 76
77 76
78 76
79 76
80 76
81 76
81 75
81 74
80 74
