57 33
57 32
58 32
59 32
59 33
60 33
60 34
61 34
62 34
62 35
62 36
63 36
63 37
63 38
63 39
62 39
62 40
62 41
63 41
63 42
63 43
63 44
64 44
65 44
65 45
65 46
65 47
65 48
66 48
66 49
66 50
67 50
68 50
69 50
70 50
71 50
72 50
72 51
72 52
73 52
74 52
74 53
74 54
74 55
74 56
75 56
76 56
77 56
77 57
77 58
78 58
78 59
78 60
78 61
79 61
79 62
80 62
80 63
80 64
81 64
81 65
81 66
81 67
81 68
81 69
82 69
82 70
82 71
82 72
83 72
84 72
84 73
84 74
84 75
84 76
85 76
86 76
86 77
86 78
86 79
85 79
85 80
85 81
85 82
85 83
86 83
87 83
87 82
87 81
88 81
89 81
90 81
91 81
91 82
92 82
93 82
93 81
93 80
94 80
94 79
94 78
94 77
94 76
