6 7
7 7
7 6
7 5
7 4
8 4
8 3
9 3
10 3
11 3
12 3
12 2
13 2
14 2
14 3
15 3
16 3
17 3
18 3
19 3
19 2
20 2
21 2
22 2
23 2
24 2
25 2
25 1
26 1
27 1
28 1
29 1
30 1
31 1
31 0
32 0
33 0
33 1
33 2
33 3
34 3
35 3
36 3
36 4
37 4
38 4
39 4
40 4
41 4
42 4
43 4
44 4
44 5
45 5
46 5
46 6
47 6
48 6
49 6
49 7
50 7
51 7
52 7
53 7
54 7
54 6
54 5
55 5
56 5
56 6
57 6
58 6
59 6
60 6
61 6
61 7
61 8
62 8
63 8
63 9
64 9
64 10
65 10
65 11
65 12
65 13
66 13
67 13
67 12
68 12
69 12
70 12
71 12
72 12
73 12
73 11
74 11
75 11
76 11
77 11
77 12
78 12
79 12
80 12
81 12
82 12
83 12
84 12
85 12
86 12
87 12
88 12
88 13
88 14
89 14
90 14
91 14
92 14
93 14
93 15
93 16
92 16
