83 30
84 30
84 31
84 32
84 33
84 34
83 34
83 35
83 36
83 37
83 38
83 39
83 40
83 41
83 42
83 43
83 44
83 45
83 46
82 46
82 47
82 48
83 48
83 49
83 50
83 51
83 52
84 52
84 53
84 54
85 54
85 55
86 55
86 56
86 57
86 58
86 59
87 59
87 60
87 61
87 62
87 63
87 64
87 65
87 66
87 67
87 68
88 68
88 69
88 70
88 71
88 72
89 72
90 72
91 72
91 73
92 73
92 74
92 75
92 76
92 77
93 77
94 77
94 78
94 79
94 80
94 81
94 82
94 83
94 84
94 85
95 85
95 86
95 87
95 88
94 88
93 88
93 89
93 90
93 91
92 91
92 92
92 93
93 93
