70 73
69 73
68 73
67 73
66 73
65 73
64 73
63 73
62 73
61 73
60 73
59 73
58 73
57 73
56 73
55 73
54 73
53 73
52 73
51 73
50 73
49 73
49 72
49 71
48 71
47 71
47 70
47 69
47 68
47 67
47 66
46 66
46 65
46 64
46 63
46 62
45 62
44 62
43 62
42 62
41 62
40 62
39 62
38 62
38 61
37 61
36 61
35 61
34 61
33 61
33 60
33 59
32 59
31 59
30 59
30 58
30 57
29 57
28 57
27 57
26 57
25 57
24 57
24 56
24 55
23 55
22 55
21 55
20 55
20 54
19 54
18 54
18 53
17 53
16 53
16 52
16 51
16 50
16 49
16 48
15 48
14 48
14 47
14 46
14 45
14 44
13 44
13 43
12 43
11 43
11 42
11 41
11 40
11 39
11 38
11 37
10 37
10 36
9 36
9 35
9 34
8 34
8 33
8 32
7 32
