87 96
86 96
85 96
84 96
83 96
82 96
82 95
82 94
82 93
81 93
81 92
81 91
80 91
79 91
79 90
79 89
79 88
78 88
78 87
78 86
77 86
77 85
76 85
75 85
75 84
74 84
74 83
73 83
72 83
71 83
70 83
70 82
70 81
69 81
69 80
68 80
67 80
66 80
66 81
66 82
66 83
65 83
64 83
63 83
63 84
62 84
62 85
61 85
60 85
59 85
58 85
58 84
57 84
57 83
56 83
55 83
55 84
55 85
55 86
54 86
53 86
52 86
52 87
51 87
51 88
50 88
49 88
49 89
48 89
47 89
46 89
45 89
44 89
44 90
44 91
43 91
43 92
43 93
43 94
42 94
42 95
42 96
42 97
43 97
