22 94
22 93
22 92
22 91
22 90
22 89
22 88
23 88
24 88
25 88
26 88
27 88
28 88
29 88
30 88
31 88
32 88
33 88
34 88
35 88
36 88
36 87
37 87
38 87
39 87
39 88
40 88
40 89
41 89
42 89
42 88
42 87
43 87
44 87
45 87
46 87
47 87
48 87
49 87
50 87
51 87
51 86
52 86
53 86
54 86
55 86
56 86
57 86
57 85
58 85
59 85
60 85
61 85
61 84
61 83
61 82
61 81
62 81
62 80
62 79
63 79
63 78
63 77
63 76
64 76
64 75
64 74
64 73
64 72
65 72
65 71
65 70
65 69
65 68
65 67
66 67
66 66
67 66
68 66
68 65
68 64
69 64
70 64
71 64
72 64
73 64
74 64
74 63
75 63
76 63
77 63
78 63
