2 5
3 5
4 5
4 4
5 4
5 3
5 2
6 2
6 1
7 1
8 1
9 1
9 2
9 3
9 4
9 5
9 6
9 7
10 7
11 7
12 7
13 7
14 7
15 7
16 7
17 7
18 7
18 8
19 8
19 9
20 9
20 10
20 11
20 12
21 12
22 12
23 12
23 13
24 13
25 13
26 13
27 13
27 14
28 14
29 14
30 14
30 15
31 15
32 15
33 15
33 16
33 17
34 17
35 17
36 17
37 17
38 17
38 18
39 18
40 18
41 18
42 18
43 18
43 19
43 20
44 20
45 20
45 21
45 22
46 22
47 22
48 22
48 21
49 21
50 21
51 21
52 21
52 22
52 23
53 23
54 23
55 23
56 23
57 23
58 23
58 24
58 25
59 25
59 26
59 27
59 28
60 28
60 29
60 30
61 30
62 30
62 31
63 31
64 31
65 31
66 31
67 31
68 31
69 31
70 31
71 31
72 31
73 31
74 31
75 31
76 31
76 32
76 33
76 34
76 35
77 35
78 35
79 35
80 35
81 35
82 35
83 35
84 35
85 35
86 35
86 36
87 36
88 36
89 36
90 36
91 36
92 36
93 36
93 37
93 38
93 39
