83 19
82 19
81 19
80 19
80 18
79 18
78 18
78 17
77 17
76 17
75 17
74 17
73 17
72 17
72 16
72 15
71 15
70 15
69 15
69 14
69 13
68 13
67 13
66 13
65 13
64 13
63 13
62 13
62 14
61 14
60 14
59 14
58 14
57 14
56 14
56 15
55 15
54 15
53 15
52 15
52 16
51 16
50 16
49 16
48 16
47 16
46 16
46 15
45 15
44 15
43 15
42 15
41 15
40 15
40 16
40 17
40 18
40 19
39 19
38 19
37 19
37 20
36 20
35 20
35 21
34 21
33 21
32 21
31 21
30 21
29 21
28 21
28 20
28 19
27 19
26 19
25 19
24 19
23 19
23 18
23 17
23 16
22 16
21 16
20 16
19 16
18 16
18 17
17 17
16 17
16 18
15 18
14 18
14 19
14 20
13 20
13 21
12 21
11 21
10 21
9 21
8 21
7 21
6 21
5 21
5 22
5 23
5 24
4 24
3 24
2 24
1 24
