40 73
40 72
40 71
39 71
39 70
38 70
38 69
38 68
38 67
38 66
38 65
39 65
40 65
40 64
40 63
40 62
40 61
40 60
40 59
40 58
40 57
40 56
41 56
41 55
42 55
42 54
42 53
42 52
42 51
43 51
43 50
43 49
43 48
43 47
43 46
43 45
44 45
44 44
44 43
43 43
43 42
43 41
42 41
42 40
41 40
41 39
41 38
40 38
40 37
39 37
38 37
38 36
38 35
38 34
38 33
38 32
38 31
38 30
38 29
38 28
38 27
38 26
38 25
38 24
37 24
36 24
36 23
36 22
36 21
36 20
36 19
36 18
36 17
36 16
36 15
36 14
36 13
35 13
35 12
34 12
33 12
32 12
32 11
31 11
31 10
30 10
30 9
30 8
30 7
31 7
31 6
31 5
31 4
31 3
32 3
33 3
33 2
33 1
34 1
