13 29
13 30
13 31
13 32
13 33
14 33
14 34
14 35
14 36
14 37
15 37
16 37
17 37
18 37
19 37
19 38
19 39
19 40
19 41
20 41
20 42
20 43
21 43
22 43
23 43
24 43
25 43
26 43
27 43
28 43
29 43
29 44
29 45
29 46
30 46
30 47
30 48
31 48
31 49
31 50
31 51
31 52
31 53
32 53
33 53
33 54
33 55
34 55
34 56
35 56
35 57
36 57
37 57
38 57
39 57
40 57
41 57
42 57
43 57
43 58
43 59
43 60
44 60
45 60
46 60
47 60
47 61
48 61
49 61
50 61
51 61
52 61
53 61
53 62
54 62
54 63
54 64
55 64
56 64
56 63
57 63
58 63
59 63
60 63
61 63
