69 23
70 23
70 24
70 25
69 25
68 25
67 25
66 25
65 25
64 25
64 26
64 27
64 28
64 29
63 29
63 30
63 31
63 32
63 33
63 34
62 34
62 35
62 36
61 36
60 36
60 37
60 38
60 39
59 39
58 39
58 38
57 38
56 38
55 38
54 38
54 39
54 40
54 41
53 41
52 41
51 41
50 41
49 41
48 41
47 41
46 41
46 42
45 42
45 43
45 44
45 45
45 46
45 47
44 47
44 48
44 49
44 50
44 51
43 51
42 51
41 51
40 51
40 52
40 53
39 53
39 54
39 55
39 56
39 57
39 58
39 59
39 60
39 61
38 61
38 62
37 62
36 62
35 62
34 62
33 62
33 63
33 64
33 65
32 65
32 66
31 66
30 66
30 67
29 67
29 68
29 69
29 70
29 71
28 71
28 72
28 73
28 74
29 74
30 74
30 75
31 75
31 76
31 77
30 77
29 77
28 77
27 77
27 78
26 78
25 78
24 78
23 78
22 78
22 79
21 79
20 79
19 79
19 80
18 80
