9 24
10 24
10 23
11 23
12 23
12 24
12 25
13 25
13 26
13 27
12 27
12 28
12 29
12 30
11 30
11 31
11 32
11 33
10 33
9 33
9 34
9 35
9 36
10 36
11 36
12 36
12 37
12 38
12 39
12 40
13 40
13 41
14 41
15 41
16 41
16 42
17 42
18 42
19 42
20 42
21 42
22 42
22 43
23 43
24 43
25 43
25 44
26 44
26 45
27 45
28 45
28 46
28 47
28 48
28 49
28 50
28 51
28 52
28 53
29 53
29 54
29 55
29 56
29 57
29 58
30 58
31 58
31 59
32 59
33 59
33 60
33 61
33 62
33 63
33 64
33 65
33 66
33 67
33 68
33 69
34 69
34 70
34 71
34 72
34 73
34 74
35 74
36 74
36 75
36 76
37 76
38 76
38 77
39 77
39 78
40 78
40 79
40 80
41 80
42 80
43 80
44 80
44 81
44 82
45 82
45 83
46 83
47 83
48 83
49 83
49 84
50 84
51 84
52 84
53 84
54 84
54 85
54 86
54 87
54 88
54 89
54 90
54 91
55 91
55 92
55 93
54 93
53 93
52 93
51 93
50 93
49 93
49 92
49 91
48 91
47 91
47 92
46 92
46 93
46 94
46 95
46 96
47 96
48 96
48 97
49 97
