95 3
94 3
94 4
93 4
92 4
91 4
90 4
89 4
88 4
87 4
86 4
86 5
85 5
85 6
85 7
85 8
84 8
84 9
84 10
84 11
84 12
84 13
84 14
84 15
84 16
83 16
82 16
81 16
81 17
81 18
81 19
81 20
81 21
81 22
81 23
81 24
81 25
81 26
81 27
81 28
80 28
80 29
80 30
80 31
80 32
80 33
79 33
78 33
78 34
78 35
77 35
76 35
76 36
76 37
76 38
76 39
76 40
76 41
76 42
75 42
74 42
73 42
72 42
71 42
71 43
71 44
71 45
71 46
71 47
71 48
71 49
70 49
70 50
70 51
70 52
70 53
70 54
71 54
71 55
72 55
72 56
72 57
72 58
72 59
71 59
71 60
71 61
70 61
69 61
69 62
69 63
68 63
68 64
67 64
66 64
65 64
65 65
65 66
65 67
65 68
65 69
65 70
65 71
65 72
65 73
65 74
65 75
65 76
64 76
64 77
64 78
64 79
64 80
64 81
63 81
62 81
61 81
60 81
59 81
58 81
57 81
56 81
