45 19
45 20
45 21
45 22
45 23
45 24
45 25
46 25
47 25
48 25
48 26
48 27
49 27
49 28
49 29
49 30
49 31
50 31
51 31
52 31
52 32
52 33
53 33
54 33
55 33
55 34
56 34
57 34
58 34
59 34
59 35
59 36
59 37
59 38
60 38
60 39
60 40
60 41
61 41
61 42
61 43
61 44
61 45
62 45
62 46
62 47
63 47
64 47
65 47
65 48
65 49
65 50
65 51
65 52
65 53
65 54
65 55
65 56
65 57
65 58
65 59
66 59
66 60
67 60
67 61
68 61
69 61
69 62
69 63
70 63
71 63
71 64
72 64
73 64
74 64
74 65
75 65
75 66
75 67
76 67
77 67
78 67
79 67
80 67
81 67
82 67
82 68
82 69
83 69
83 70
84 70
85 70
85 71
85 72
86 72
86 73
86 74
86 75
86 76
86 77
86 78
86 79
86 80
86 81
86 82
86 83
86 84
87 84
87 85
87 86
87 87
87 88
87 89
88 89
89 89
90 89
91 89
92 89
93 89
93 90
93 91
94 91
95 91
95 92
95 93
96 93
96 94
