67 9
66 9
66 8
66 7
66 6
66 5
65 5
64 5
63 5
62 5
61 5
61 6
61 7
61 8
61 9
60 9
59 9
58 9
57 9
56 9
55 9
54 9
53 9
52 9
52 10
51 10
50 10
49 10
48 10
47 10
46 10
45 10
45 11
44 11
43 11
43 10
42 10
41 10
40 10
39 10
38 10
37 10
36 10
36 11
36 12
35 12
34 12
34 11
33 11
32 11
31 11
30 11
29 11
28 11
28 12
28 13
27 13
26 13
26 14
25 14
25 15
24 15
23 15
22 15
21 15
20 15
19 15
18 15
18 14
18 13
17 13
16 13
15 13
15 14
14 14
14 15
14 16
13 16
12 16
12 15
12 14
11 14
10 14
9 14
8 14
7 14
7 15
6 15
5 15
4 15
3 15
2 15
2 16
