42 9
41 9
40 9
39 9
39 10
38 10
37 10
36 10
36 11
35 11
35 12
34 12
33 12
32 12
31 12
30 12
29 12
28 12
28 13
27 13
27 14
27 15
27 16
26 16
26 17
26 18
25 18
24 18
24 19
24 20
23 20
22 20
21 20
20 20
19 20
18 20
17 20
16 20
15 20
14 20
13 20
13 21
13 22
13 23
13 24
13 25
13 26
12 26
12 27
11 27
11 28
11 29
11 30
10 30
10 31
10 32
10 33
10 34
10 35
10 36
10 37
10 38
10 39
10 40
10 41
10 42
9 42
9 43
9 44
9 45
9 46
8 46
8 47
8 48
8 49
8 50
8 51
8 52
8 53
8 54
8 55
8 56
8 57
8 58
8 59
7 59
7 60
7 61
7 62
6 62
5 62
5 63
5 64
5 65
4 65
4 66
4 67
4 68
3 68
2 68
1 68
0 68
0 69
0 70
0 71
0 72
1 72
1 73
1 74
1 75
1 76
1 77
1 78
1 79
1 80
1 81
2 81
3 81
4 81
4 82
4 83
5 83
6 83
