27 19
27 18
28 18
29 18
29 19
29 20
30 20
30 21
30 22
31 22
32 22
33 22
34 22
35 22
35 23
35 24
35 25
36 25
36 26
37 26
38 26
39 26
39 27
40 27
41 27
42 27
43 27
43 28
43 29
43 30
43 31
44 31
45 31
46 31
46 32
46 33
46 34
46 35
47 35
48 35
49 35
50 35
51 35
52 35
53 35
54 35
55 35
55 36
56 36
56 37
56 38
57 38
57 39
57 40
57 41
57 42
58 42
59 42
60 42
61 42
62 42
63 42
64 42
65 42
66 42
67 42
67 41
68 41
69 41
70 41
71 41
71 40
72 40
73 40
74 40
75 40
75 41
76 41
77 41
78 41
78 42
78 43
78 44
79 44
80 44
81 44
82 44
83 44
84 44
85 44
86 44
87 44
88 44
89 44
89 45
89 46
