22 4
23 4
24 4
24 5
25 5
25 6
25 7
26 7
26 8
26 9
27 9
28 9
29 9
29 10
29 11
29 12
29 13
30 13
30 14
30 15
30 16
30 17
31 17
31 18
31 19
31 20
32 20
33 20
33 21
33 22
33 23
33 24
33 25
34 25
35 25
36 25
36 26
36 27
36 28
36 29
36 30
36 31
37 31
38 31
38 32
39 32
39 33
40 33
40 34
40 35
40 36
40 37
40 38
40 39
40 40
40 41
41 41
41 42
41 43
41 44
41 45
41 46
41 47
41 48
41 49
41 50
41 51
42 51
42 52
43 52
43 53
43 54
43 55
44 55
45 55
46 55
46 56
46 57
45 57
45 58
45 59
45 60
46 60
47 60
47 61
47 62
48 62
48 63
48 64
49 64
49 65
49 66
49 67
49 68
49 69
48 69
48 70
48 71
48 72
49 72
50 72
51 72
51 73
51 74
51 75
51 76
52 76
52 77
52 78
52 79
53 79
54 79
55 79
56 79
57 79
58 79
58 80
58 81
57 81
57 82
57 83
57 84
56 84
