4 19
5 19
6 19
7 19
8 19
9 19
9 18
10 18
11 18
12 18
12 19
13 19
13 20
13 21
13 22
13 23
13 24
14 24
14 25
14 26
15 26
15 27
16 27
17 27
18 27
19 27
19 28
19 29
19 30
19 31
19 32
19 33
19 34
19 35
19 36
19 37
19 38
19 39
19 40
20 40
20 41
20 42
20 43
21 43
21 44
21 45
21 46
21 47
22 47
23 47
24 47
25 47
26 47
27 47
28 47
29 47
30 47
31 47
32 47
32 48
33 48
34 48
34 49
35 49
36 49
37 49
37 48
38 48
39 48
39 49
39 50
40 50
41 50
42 50
43 50
44 50
45 50
46 50
47 50
48 50
48 51
48 52
48 53
48 54
48 55
48 56
48 57
49 57
50 57
51 57
52 57
53 57
54 57
55 57
56 57
56 58
57 58
58 58
59 58
60 58
61 58
61 59
61 60
61 61
61 62
61 63
61 64
62 64
63 64
64 64
65 64
66 64
67 64
68 64
69 64
70 64
71 64
71 65
72 65
72 66
72 67
73 67
74 67
74 68
74 69
74 70
