66 56
67 56
67 55
67 54
66 54
66 53
65 53
65 52
64 52
63 52
62 52
61 52
60 52
60 51
59 51
58 51
57 51
57 50
56 50
55 50
54 50
53 50
52 50
51 50
50 50
50 49
50 48
49 48
48 48
48 47
47 47
46 47
45 47
45 46
44 46
44 45
44 44
43 44
42 44
41 44
40 44
39 44
38 44
37 44
36 44
35 44
34 44
34 43
34 42
33 42
33 41
33 40
32 40
31 40
31 39
30 39
29 39
28 39
27 39
26 39
26 38
25 38
24 38
24 37
24 36
24 35
24 34
24 33
24 32
24 31
23 31
23 30
23 29
23 28
23 27
23 26
23 25
23 24
22 24
21 24
20 24
20 23
20 22
20 21
20 20
20 19
20 18
20 17
20 16
19 16
18 16
18 15
17 15
16 15
15 15
14 15
13 15
12 15
11 15
10 15
9 15
9 14
9 13
8 13
7 13
6 13
5 13
