8 49
9 49
10 49
10 48
11 48
12 48
13 48
14 48
15 48
16 48
16 47
16 46
17 46
18 46
18 47
19 47
20 47
21 47
22 47
23 47
23 48
23 49
24 49
25 49
25 48
26 48
27 48
28 48
29 48
30 48
31 48
32 48
33 48
33 49
34 49
35 49
36 49
36 48
37 48
38 48
39 48
40 48
41 48
42 48
43 48
44 48
45 48
46 48
47 48
47 47
47 46
48 46
49 46
49 47
50 47
50 48
51 48
52 48
52 49
53 49
54 49
54 50
54 51
55 51
56 51
57 51
58 51
59 51
60 51
61 51
61 50
62 50
63 50
64 50
65 50
66 50
67 50
68 50
69 50
70 50
70 51
71 51
72 51
72 52
73 52
74 52
75 52
76 52
76 53
77 53
78 53
78 54
79 54
80 54
81 54
82 54
