30 16
30 17
30 18
30 19
30 20
31 20
32 20
33 20
34 20
35 20
35 21
36 21
36 22
36 23
37 23
38 23
38 24
38 25
38 26
39 26
39 27
39 28
40 28
41 28
41 29
42 29
42 30
43 30
44 30
44 31
45 31
46 31
47 31
48 31
48 32
49 32
49 33
49 34
49 35
50 35
51 35
51 36
51 37
52 37
53 37
54 37
54 38
54 39
54 40
54 41
55 41
56 41
57 41
57 42
58 42
58 43
59 43
59 44
60 44
61 44
61 45
61 46
61 47
61 48
62 48
63 48
63 49
64 49
65 49
66 49
67 49
67 50
68 50
69 50
70 50
71 50
72 50
73 50
74 50
75 50
76 50
77 50
78 50
79 50
79 51
79 52
79 53
79 54
80 54
80 55
81 55
82 55
83 55
84 55
85 55
86 55
86 56
86 57
87 57
87 58
88 58
89 58
89 59
90 59
91 59
91 60
92 60
93 60
94 60
94 61
95 61
95 62
95 63
96 63
97 63
98 63
98 64
98 65
99 65
99 66
99 67
98 67
97 67
97 68
97 69
97 70
97 71
97 72
96 72
96 73
95 73
95 74
95 75
95 76
95 77
95 78
95 79
95 80
