6 69
6 68
6 67
7 67
8 67
8 66
9 66
10 66
11 66
12 66
12 65
13 65
14 65
15 65
15 64
15 63
15 62
16 62
17 62
18 62
19 62
20 62
21 62
22 62
23 62
24 62
25 62
26 62
27 62
28 62
29 62
29 63
30 63
31 63
31 62
32 62
33 62
34 62
34 61
35 61
36 61
37 61
38 61
39 61
40 61
41 61
41 62
42 62
43 62
44 62
44 61
44 60
45 60
46 60
47 60
47 59
48 59
48 58
49 58
50 58
50 57
51 57
51 56
52 56
53 56
53 55
54 55
55 55
56 55
57 55
58 55
59 55
60 55
61 55
62 55
62 54
63 54
64 54
65 54
66 54
67 54
67 53
68 53
69 53
70 53
70 52
71 52
72 52
73 52
74 52
74 51
74 50
75 50
76 50
76 51
77 51
77 52
78 52
78 53
79 53
80 53
80 54
80 55
81 55
81 56
