13 92
14 92
14 91
15 91
15 90
15 89
15 88
15 87
16 87
16 86
16 85
17 85
17 84
17 83
18 83
18 82
19 82
20 82
20 81
20 80
20 79
20 78
21 78
22 78
22 77
23 77
24 77
25 77
25 76
25 75
25 74
26 74
27 74
28 74
29 74
30 74
31 74
31 73
31 72
31 71
31 70
31 69
32 69
32 68
32 67
32 66
32 65
33 65
33 64
34 64
34 63
34 62
35 62
36 62
37 62
38 62
39 62
40 62
41 62
42 62
43 62
44 62
45 62
45 61
45 60
46 60
46 59
47 59
47 58
47 57
48 57
49 57
49 56
49 55
49 54
49 53
50 53
50 52
50 51
50 50
50 49
50 48
50 47
51 47
52 47
53 47
53 46
53 45
54 45
55 45
56 45
56 44
57 44
58 44
59 44
59 43
60 43
61 43
61 42
61 41
61 40
61 39
61 38
61 37
62 37
62 36
63 36
64 36
64 35
64 34
64 33
64 32
64 31
64 30
65 30
66 30
67 30
67 29
68 29
68 28
68 27
68 26
68 25
69 25
70 25
70 24
70 23
70 22
71 22
72 22
72 21
72 20
73 20
74 20
75 20
76 20
77 20
78 20
78 19
79 19
79 18
79 17
79 16
79 15
80 15
80 14
80 13
80 12
80 11
81 11
82 11
83 11
