22 3
23 3
23 4
23 5
23 6
23 7
23 8
24 8
25 8
25 9
25 10
26 10
27 10
27 11
28 11
29 11
30 11
31 11
31 12
31 13
31 14
32 14
32 15
33 15
33 16
33 17
34 17
35 17
35 18
36 18
37 18
37 19
37 20
38 20
38 21
38 22
38 23
38 24
39 24
40 24
40 25
41 25
41 26
41 27
41 28
42 28
42 29
42 30
42 31
42 32
42 33
42 34
43 34
43 35
44 35
44 36
44 37
44 38
44 39
44 40
44 41
45 41
46 41
47 41
48 41
49 41
50 41
51 41
52 41
53 41
54 41
55 41
56 41
57 41
58 41
59 41
60 41
60 40
61 40
62 40
62 41
63 41
64 41
65 41
65 42
65 43
66 43
66 44
67 44
68 44
