89 77
89 76
89 75
89 74
88 74
87 74
87 73
87 72
86 72
85 72
84 72
83 72
82 72
82 71
81 71
81 70
81 69
80 69
79 69
78 69
78 68
77 68
76 68
75 68
74 68
73 68
72 68
71 68
70 68
70 67
70 66
69 66
68 66
67 66
66 66
65 66
64 66
63 66
62 66
62 65
61 65
60 65
59 65
59 64
58 64
57 64
56 64
55 64
55 63
54 63
53 63
53 64
52 64
51 64
50 64
49 64
48 64
47 64
46 64
45 64
44 64
43 64
42 64
41 64
41 65
41 66
40 66
39 66
38 66
37 66
36 66
35 66
35 67
35 68
34 68
33 68
32 68
31 68
31 69
30 69
30 70
29 70
28 70
27 70
26 70
25 70
24 70
24 69
23 69
23 68
22 68
21 68
20 68
19 68
18 68
17 68
16 68
16 67
15 67
15 66
15 65
16 65
