13 77
14 77
15 77
16 77
16 78
16 79
15 79
15 80
15 81
15 82
15 83
15 84
15 85
16 85
17 85
18 85
19 85
19 86
20 86
21 86
22 86
23 86
23 87
23 88
24 88
25 88
26 88
27 88
28 88
29 88
30 88
31 88
32 88
33 88
34 88
34 89
34 90
35 90
36 90
37 90
37 91
38 91
39 91
40 91
41 91
42 91
42 92
43 92
44 92
44 93
44 94
44 95
45 95
46 95
47 95
48 95
49 95
50 95
51 95
51 94
52 94
53 94
54 94
55 94
56 94
57 94
58 94
59 94
60 94
60 93
61 93
62 93
63 93
64 93
65 93
65 92
65 91
66 91
67 91
68 91
69 91
70 91
71 91
72 91
72 90
72 89
72 88
73 88
74 88
74 87
75 87
76 87
77 87
78 87
79 87
80 87
81 87
81 88
82 88
83 88
84 88
85 88
86 88
