25 39
26 39
27 39
28 39
29 39
29 40
29 41
30 41
31 41
31 42
32 42
32 43
33 43
34 43
34 42
35 42
36 42
36 41
37 41
38 41
39 41
40 41
41 41
42 41
43 41
43 42
44 42
45 42
46 42
47 42
48 42
49 42
49 41
50 41
51 41
52 41
53 41
54 41
55 41
55 40
56 40
56 39
56 38
57 38
58 38
59 38
59 37
60 37
61 37
61 36
61 35
61 34
61 33
61 32
61 31
61 30
62 30
63 30
63 29
64 29
65 29
66 29
67 29
67 28
67 27
67 26
68 26
69 26
70 26
70 25
71 25
72 25
73 25
73 24
73 23
73 22
74 22
75 22
75 21
76 21
77 21
77 22
77 23
78 23
