14 95
14 94
14 93
14 92
15 92
15 91
15 90
15 89
14 89
14 88
14 87
14 86
15 86
15 85
16 85
17 85
17 84
17 83
17 82
18 82
18 81
19 81
20 81
20 80
20 79
20 78
20 77
20 76
20 75
20 74
20 73
20 72
20 71
21 71
22 71
23 71
23 70
24 70
25 70
26 70
27 70
28 70
29 70
29 71
30 71
31 71
32 71
33 71
34 71
35 71
36 71
37 71
38 71
39 71
40 71
41 71
42 71
43 71
44 71
45 71
46 71
47 71
47 70
48 70
49 70
50 70
51 70
52 70
53 70
54 70
55 70
56 70
56 69
56 68
57 68
58 68
59 68
60 68
61 68
61 67
61 66
61 65
61 64
61 63
61 62
62 62
63 62
64 62
65 62
66 62
67 62
68 62
68 61
69 61
69 60
70 60
71 60
72 60
73 60
74 60
75 60
76 60
77 60
78 60
79 60
79 61
79 62
79 63
79 64
80 64
81 64
81 65
82 65
83 65
83 64
84 64
84 63
84 62
84 61
84 60
84 59
84 58
84 57
85 57
85 56
85 55
86 55
87 55
88 55
