21 69
21 68
22 68
23 68
24 68
24 67
24 66
25 66
26 66
27 66
27 65
28 65
28 64
29 64
30 64
31 64
32 64
33 64
33 65
34 65
35 65
35 66
36 66
37 66
38 66
39 66
39 67
40 67
41 67
41 66
41 65
42 65
42 64
43 64
44 64
45 64
45 63
45 62
46 62
46 61
47 61
47 60
48 60
49 60
50 60
50 59
51 59
52 59
52 58
53 58
54 58
55 58
55 57
56 57
57 57
58 57
59 57
59 58
60 58
61 58
61 57
62 57
62 56
63 56
64 56
65 56
66 56
67 56
68 56
69 56
70 56
70 55
71 55
72 55
72 54
72 53
72 52
72 51
73 51
74 51
75 51
76 51
77 51
78 51
78 50
78 49
