92 84
93 84
94 84
94 85
94 86
93 86
93 87
92 87
92 88
91 88
90 88
89 88
88 88
88 87
87 87
86 87
85 87
84 87
83 87
82 87
82 88
82 89
81 89
80 89
79 89
78 89
78 90
77 90
76 90
75 90
74 90
73 90
72 90
71 90
71 89
71 88
70 88
70 87
70 86
70 85
69 85
69 84
68 84
67 84
66 84
65 84
64 84
63 84
62 84
61 84
61 83
60 83
60 82
59 82
58 82
58 81
58 80
58 79
58 78
57 78
57 77
56 77
55 77
54 77
53 77
52 77
52 76
51 76
50 76
49 76
48 76
48 77
47 77
46 77
46 76
45 76
44 76
43 76
42 76
41 76
41 75
40 75
39 75
38 75
37 75
36 75
36 74
36 73
35 73
34 73
33 73
32 73
32 72
32 71
31 71
31 70
30 70
29 70
28 70
27 70
26 70
25 70
24 70
23 70
22 70
21 70
20 70
19 70
19 69
18 69
17 69
