20 59
20 60
20 61
20 62
21 62
22 62
22 63
22 64
23 64
24 64
25 64
26 64
27 64
28 64
29 64
29 63
30 63
31 63
32 63
33 63
34 63
35 63
35 62
36 62
37 62
38 62
38 61
39 61
40 61
41 61
41 62
41 63
41 64
42 64
43 64
43 65
44 65
44 66
44 67
45 67
46 67
46 68
47 68
48 68
49 68
50 68
51 68
52 68
53 68
54 68
55 68
55 69
55 70
55 71
56 71
56 72
57 72
58 72
58 73
59 73
60 73
61 73
61 74
61 75
62 75
63 75
63 76
64 76
65 76
66 76
67 76
68 76
69 76
70 76
71 76
72 76
72 75
73 75
74 75
74 74
74 73
74 72
74 71
74 70
74 69
74 68
75 68
76 68
77 68
77 67
78 67
79 67
79 68
