24 22
25 22
26 22
27 22
28 22
29 22
29 23
29 24
29 25
29 26
29 27
29 28
30 28
31 28
31 29
31 30
31 31
32 31
32 32
32 33
32 34
32 35
33 35
33 36
34 36
34 37
34 38
35 38
35 39
35 40
35 41
36 41
36 42
36 43
36 44
37 44
37 45
37 46
38 46
39 46
39 47
39 48
39 49
39 50
39 51
40 51
41 51
41 52
41 53
41 54
41 55
42 55
43 55
44 55
44 56
44 57
44 58
44 59
45 59
45 60
46 60
47 60
48 60
48 61
48 62
49 62
49 63
49 64
50 64
51 64
51 65
51 66
51 67
50 67
50 68
50 69
50 70
50 71
50 72
51 72
52 72
53 72
53 73
53 74
52 74
52 75
52 76
53 76
54 76
55 76
56 76
57 76
58 76
58 77
59 77
59 78
59 79
59 80
58 80
58 81
58 82
59 82
59 83
60 83
61 83
61 84
61 85
62 85
63 85
