65 59
65 58
64 58
63 58
63 57
63 56
63 55
63 54
63 53
63 52
63 51
63 50
63 49
64 49
65 49
66 49
67 49
67 48
67 47
67 46
66 46
65 46
65 45
65 44
65 43
65 42
65 41
65 40
64 40
64 39
64 38
64 37
64 36
63 36
63 35
62 35
61 35
60 35
60 34
60 33
60 32
60 31
59 31
58 31
58 30
57 30
56 30
55 30
54 30
53 30
52 30
51 30
51 31
50 31
49 31
49 30
49 29
49 28
48 28
48 27
47 27
47 26
47 25
46 25
45 25
45 24
44 24
43 24
42 24
41 24
41 23
40 23
39 23
39 22
39 21
39 20
38 20
38 19
38 18
37 18
36 18
36 17
35 17
34 17
33 17
32 17
32 16
32 15
32 14
31 14
31 13
30 13
29 13
28 13
28 12
28 11
27 11
27 10
26 10
25 10
25 11
24 11
23 11
22 11
21 11
20 11
20 10
20 9
19 9
18 9
18 10
17 10
