5 1
5 2
5 3
5 4
5 5
5 6
5 7
5 8
4 8
4 9
4 10
4 11
4 12
5 12
6 12
7 12
7 13
7 14
7 15
7 16
7 17
7 18
7 19
8 19
8 20
8 21
8 22
8 23
8 24
8 25
8 26
8 27
8 28
8 29
8 30
8 31
8 32
8 33
8 34
9 34
9 35
9 36
10 36
10 37
11 37
11 38
11 39
11 40
11 41
11 42
11 43
12 43
13 43
13 44
14 44
14 45
14 46
14 47
14 48
15 48
16 48
16 49
16 50
16 51
16 52
16 53
17 53
18 53
18 54
19 54
20 54
20 55
21 55
22 55
23 55
24 55
24 56
24 57
25 57
26 57
27 57
28 57
29 57
30 57
30 58
30 59
31 59
32 59
33 59
33 60
33 61
34 61
35 61
36 61
37 61
38 61
38 62
39 62
40 62
41 62
42 62
43 62
44 62
45 62
46 62
46 63
46 64
46 65
46 66
47 66
47 67
47 68
47 69
47 70
47 71
48 71
49 71
49 72
49 73
50 73
51 73
52 73
53 73
54 73
55 73
56 73
57 73
58 73
59 73
60 73
61 73
62 73
63 73
64 73
65 73
66 73
67 73
68 73
69 73
70 73
70 74
71 74
72 74
72 75
72 76
72 77
72 78
72 79
72 80
72 81
72 82
72 83
72 84
72 85
72 86
72 87
73 87
73 88
73 89
74 89
74 90
74 91
75 91
75 92
75 93
75 94
75 95
76 95
77 95
77 94
78 94
78 93
79 93
79 92
80 92
