15 23
15 24
15 25
16 25
16 26
16 27
16 28
17 28
18 28
19 28
20 28
21 28
21 29
21 30
21 31
22 31
22 32
22 33
22 34
22 35
22 36
22 37
22 38
22 39
23 39
23 40
24 40
24 41
24 42
25 42
25 43
25 44
25 45
26 45
27 45
28 45
28 46
28 47
28 48
28 49
28 50
28 51
29 51
29 52
29 53
29 54
29 55
29 56
29 57
29 58
30 58
30 59
30 60
30 61
30 62
30 63
31 63
31 64
31 65
31 66
31 67
31 68
30 68
30 69
30 70
30 71
31 71
32 71
33 71
34 71
34 72
34 73
34 74
35 74
35 75
36 75
36 76
36 77
36 78
36 79
36 80
36 81
36 82
36 83
36 84
36 85
37 85
38 85
38 86
38 87
38 88
38 89
39 89
40 89
41 89
41 90
41 91
41 92
42 92
43 92
43 93
43 94
43 95
43 96
43 97
44 97
44 98
