4 27
4 26
4 25
4 24
5 24
5 23
6 23
7 23
8 23
9 23
9 24
10 24
10 25
11 25
12 25
12 24
13 24
14 24
15 24
16 24
17 24
18 24
19 24
19 25
20 25
21 25
22 25
22 24
22 23
22 22
23 22
23 21
24 21
25 21
26 21
26 20
27 20
28 20
29 20
30 20
31 20
32 20
33 20
34 20
35 20
36 20
37 20
38 20
38 19
39 19
40 19
40 18
41 18
41 17
42 17
43 17
44 17
45 17
46 17
47 17
48 17
49 17
50 17
50 18
50 19
50 20
51 20
52 20
52 19
53 19
54 19
55 19
55 18
55 17
56 17
57 17
58 17
59 17
60 17
61 17
61 16
61 15
61 14
61 13
61 12
62 12
62 11
63 11
64 11
65 11
66 11
66 10
67 10
68 10
69 10
70 10
71 10
72 10
72 11
73 11
73 12
74 12
75 12
76 12
76 11
