26 78
26 77
26 76
26 75
27 75
27 74
27 73
28 73
28 72
28 71
29 71
29 70
29 69
29 68
29 67
29 66
30 66
31 66
31 65
31 64
31 63
31 62
31 61
32 61
33 61
34 61
34 60
35 60
36 60
36 59
36 58
37 58
38 58
39 58
39 57
39 56
39 55
39 54
39 53
39 52
40 52
40 51
40 50
40 49
40 48
40 47
41 47
42 47
43 47
44 47
45 47
46 47
46 46
47 46
47 45
48 45
49 45
49 44
49 43
50 43
51 43
51 44
52 44
53 44
54 44
55 44
56 44
57 44
58 44
59 44
60 44
61 44
61 43
62 43
63 43
63 42
63 41
63 40
64 40
65 40
66 40
66 39
67 39
68 39
69 39
70 39
71 39
72 39
72 38
73 38
74 38
74 39
74 40
