15 70
16 70
17 70
17 69
18 69
19 69
20 69
20 68
20 67
21 67
21 66
21 65
21 64
21 63
21 62
22 62
23 62
23 61
24 61
24 60
24 59
24 58
24 57
23 57
22 57
22 56
22 55
22 54
22 53
22 52
23 52
23 51
23 50
23 49
24 49
25 49
26 49
27 49
28 49
28 48
29 48
30 48
31 48
32 48
32 47
32 46
32 45
33 45
33 44
34 44
35 44
36 44
37 44
38 44
38 43
39 43
40 43
41 43
41 44
42 44
43 44
43 43
44 43
44 42
44 41
44 40
44 39
44 38
44 37
45 37
46 37
47 37
48 37
49 37
50 37
51 37
51 36
51 35
51 34
51 33
51 32
51 31
52 31
53 31
53 30
53 29
53 28
53 27
54 27
54 26
54 25
54 24
54 23
54 22
54 21
54 20
54 19
55 19
56 19
56 18
56 17
56 16
56 15
56 14
57 14
58 14
59 14
60 14
60 13
61 13
61 12
62 12
62 11
62 10
63 10
64 10
65 10
66 10
67 10
68 10
68 9
68 8
69 8
70 8
71 8
72 8
73 8
74 8
75 8
75 9
76 9
77 9
77 8
78 8
78 7
79 7
