16 82
16 81
16 80
17 80
18 80
19 80
20 80
21 80
22 80
22 81
23 81
24 81
24 80
24 79
25 79
26 79
27 79
28 79
29 79
29 78
30 78
31 78
32 78
33 78
34 78
35 78
36 78
36 79
36 80
36 81
36 82
36 83
37 83
38 83
39 83
40 83
41 83
42 83
43 83
44 83
45 83
46 83
47 83
48 83
49 83
50 83
51 83
52 83
53 83
53 84
53 85
54 85
55 85
56 85
56 84
56 83
57 83
58 83
59 83
60 83
61 83
61 82
62 82
63 82
64 82
64 81
65 81
66 81
67 81
67 80
67 79
67 78
67 77
68 77
69 77
69 76
70 76
71 76
72 76
73 76
74 76
75 76
75 75
75 74
75 73
76 73
77 73
78 73
78 72
78 71
78 70
78 69
78 68
78 67
78 66
79 66
80 66
81 66
81 65
81 64
82 64
83 64
84 64
85 64
86 64
86 63
86 62
87 62
88 62
89 62
90 62
91 62
92 62
93 62
94 62
95 62
96 62
97 62
97 61
98 61
99 61
