12 68
13 68
13 67
13 66
13 65
13 64
13 63
14 63
15 63
16 63
16 62
17 62
17 61
18 61
18 60
18 59
18 58
18 57
18 56
18 55
19 55
19 54
19 53
19 52
19 51
19 50
19 49
19 48
19 47
19 46
19 45
19 44
19 43
20 43
20 42
21 42
22 42
23 42
23 41
24 41
24 40
25 40
26 40
26 39
26 38
26 37
26 36
27 36
27 35
27 34
27 33
27 32
27 31
27 30
27 29
27 28
28 28
29 28
30 28
31 28
31 27
31 26
32 26
33 26
34 26
35 26
36 26
37 26
38 26
39 26
40 26
40 25
40 24
40 23
40 22
40 21
40 20
40 19
40 18
41 18
42 18
43 18
43 17
43 16
44 16
44 15
44 14
44 13
44 12
44 11
44 10
45 10
46 10
47 10
48 10
48 9
49 9
50 9
51 9
52 9
52 8
53 8
54 8
55 8
56 8
56 7
56 6
56 5
56 4
57 4
58 4
