26 99
26 98
27 98
28 98
28 97
28 96
28 95
28 94
28 93
28 92
29 92
29 91
29 90
29 89
29 88
29 87
29 86
30 86
30 85
30 84
30 83
30 82
30 81
30 80
30 79
30 78
30 77
31 77
31 76
31 75
31 74
31 73
31 72
31 71
31 70
31 69
31 68
32 68
32 67
32 66
32 65
32 64
32 63
32 62
32 61
32 60
32 59
32 58
32 57
32 56
32 55
32 54
32 53
32 52
32 51
32 50
32 49
32 48
32 47
32 46
32 45
32 44
33 44
33 43
33 42
33 41
33 40
34 40
35 40
36 40
36 39
36 38
36 37
36 36
37 36
38 36
39 36
39 35
39 34
38 34
38 33
38 32
37 32
37 31
37 30
37 29
38 29
39 29
40 29
41 29
42 29
43 29
44 29
44 28
44 27
45 27
46 27
47 27
47 26
48 26
49 26
49 25
49 24
50 24
50 23
51 23
52 23
52 22
52 21
52 20
52 19
52 18
52 17
52 16
52 15
52 14
52 13
52 12
53 12
54 12
55 12
55 11
56 11
56 10
57 10
57 9
57 8
58 8
58 7
58 6
59 6
60 6
