82 63
81 63
80 63
80 62
80 61
79 61
79 60
78 60
78 59
77 59
76 59
75 59
74 59
73 59
73 58
73 57
73 56
73 55
73 54
73 53
73 52
72 52
72 51
72 50
71 50
70 50
70 49
70 48
70 47
70 46
70 45
70 44
70 43
70 42
69 42
68 42
67 42
66 42
65 42
64 42
64 41
64 40
63 40
62 40
62 39
61 39
60 39
59 39
59 38
59 37
58 37
57 37
57 36
57 35
57 34
57 33
57 32
57 31
57 30
57 29
56 29
55 29
55 28
55 27
55 26
54 26
54 25
54 24
53 24
53 23
52 23
51 23
50 23
49 23
49 22
48 22
48 21
48 20
47 20
47 19
47 18
47 17
47 16
47 15
47 14
47 13
47 12
47 11
47 10
47 9
47 8
47 7
46 7
45 7
45 6
44 6
43 6
42 6
41 6
40 6
40 5
