86 72
86 71
86 70
86 69
86 68
86 67
87 67
87 66
87 65
86 65
85 65
85 64
85 63
84 63
83 63
82 63
82 64
81 64
80 64
79 64
78 64
77 64
76 64
75 64
74 64
73 64
73 65
72 65
71 65
71 64
70 64
69 64
68 64
67 64
66 64
65 64
64 64
63 64
63 65
62 65
61 65
60 65
59 65
58 65
57 65
56 65
55 65
54 65
53 65
52 65
52 64
51 64
50 64
50 65
49 65
48 65
47 65
46 65
45 65
44 65
43 65
42 65
41 65
40 65
39 65
38 65
38 66
38 67
38 68
37 68
37 69
37 70
37 71
37 72
36 72
35 72
34 72
33 72
32 72
31 72
30 72
29 72
28 72
27 72
26 72
25 72
24 72
23 72
23 71
22 71
21 71
21 72
20 72
19 72
19 71
19 70
19 69
18 69
17 69
16 69
15 69
14 69
13 69
12 69
11 69
11 70
10 70
