42 97
43 97
44 97
44 96
44 95
44 94
44 93
44 92
43 92
43 91
43 90
44 90
44 89
44 88
45 88
45 87
45 86
45 85
45 84
45 83
46 83
47 83
48 83
48 82
48 81
48 80
48 79
49 79
49 78
49 77
49 76
50 76
51 76
52 76
52 75
52 74
52 73
52 72
52 71
52 70
52 69
52 68
53 68
53 67
54 67
55 67
56 67
57 67
58 67
59 67
60 67
60 66
61 66
61 65
61 64
61 63
61 62
61 61
61 60
62 60
62 59
62 58
63 58
64 58
65 58
66 58
67 58
68 58
68 57
68 56
68 55
69 55
70 55
70 54
70 53
70 52
70 51
70 50
71 50
71 49
71 48
71 47
72 47
72 46
73 46
73 45
73 44
73 43
73 42
74 42
74 41
75 41
76 41
76 40
77 40
78 40
78 39
78 38
78 37
79 37
79 36
79 35
78 35
78 34
78 33
78 32
78 31
78 30
78 29
77 29
77 28
76 28
76 27
76 26
76 25
77 25
77 24
77 23
78 23
78 22
78 21
78 20
78 19
78 18
79 18
80 18
80 17
81 17
