46 83
46 82
46 81
47 81
47 80
47 79
48 79
48 78
48 77
48 76
47 76
47 75
47 74
47 73
46 73
46 72
46 71
45 71
45 70
45 69
45 68
45 67
45 66
44 66
43 66
42 66
41 66
41 65
40 65
39 65
39 64
39 63
39 62
39 61
39 60
38 60
38 59
38 58
37 58
37 57
37 56
37 55
37 54
37 53
37 52
36 52
35 52
34 52
34 51
33 51
32 51
31 51
30 51
30 50
30 49
30 48
29 48
28 48
27 48
26 48
26 47
26 46
26 45
26 44
26 43
26 42
26 41
25 41
24 41
24 40
24 39
23 39
23 38
23 37
22 37
22 36
21 36
21 35
21 34
21 33
21 32
21 31
21 30
21 29
21 28
20 28
20 27
19 27
19 26
