24 12
24 13
25 13
25 14
25 15
24 15
24 16
24 17
23 17
23 18
23 19
23 20
23 21
23 22
23 23
23 24
23 25
23 26
23 27
23 28
23 29
24 29
24 30
25 30
26 30
26 31
26 32
26 33
26 34
27 34
28 34
28 35
28 36
28 37
28 38
28 39
29 39
29 40
29 41
29 42
29 43
29 44
29 45
30 45
31 45
32 45
32 46
32 47
33 47
34 47
34 48
34 49
35 49
36 49
37 49
38 49
38 50
38 51
38 52
38 53
38 54
38 55
39 55
40 55
40 56
41 56
42 56
43 56
43 57
43 58
44 58
45 58
46 58
46 59
46 60
47 60
47 61
48 61
49 61
50 61
50 62
50 63
50 64
51 64
51 65
52 65
53 65
53 66
54 66
55 66
55 67
56 67
57 67
58 67
59 67
60 67
60 68
60 69
60 70
60 71
60 72
60 73
61 73
61 74
61 75
61 76
61 77
61 78
62 78
63 78
64 78
64 77
65 77
66 77
66 78
67 78
68 78
68 79
69 79
