25 87
25 86
25 85
25 84
25 83
26 83
26 82
27 82
27 81
27 80
27 79
27 78
28 78
29 78
30 78
31 78
32 78
32 77
33 77
34 77
35 77
36 77
36 76
36 75
37 75
38 75
39 75
40 75
40 74
40 73
41 73
41 72
42 72
42 71
43 71
43 70
43 69
44 69
45 69
46 69
46 68
46 67
47 67
48 67
48 66
49 66
50 66
50 65
51 65
52 65
53 65
53 64
54 64
54 63
55 63
56 63
56 62
57 62
58 62
59 62
60 62
61 62
62 62
63 62
64 62
65 62
66 62
66 61
67 61
68 61
69 61
70 61
71 61
71 60
71 59
71 58
71 57
71 56
71 55
72 55
72 54
72 53
73 53
73 52
73 51
73 50
73 49
73 48
73 47
73 46
73 45
73 44
74 44
75 44
76 44
77 44
78 44
79 44
80 44
81 44
82 44
82 43
83 43
84 43
85 43
86 43
86 42
87 42
87 41
87 40
88 40
89 40
90 40
90 39
91 39
92 39
93 39
94 39
95 39
95 38
95 37
95 36
96 36
97 36
