98 86
97 86
96 86
95 86
94 86
93 86
92 86
92 85
92 84
91 84
90 84
89 84
88 84
87 84
86 84
85 84
84 84
83 84
82 84
82 83
82 82
81 82
81 81
80 81
79 81
79 82
78 82
77 82
76 82
75 82
74 82
73 82
73 81
72 81
71 81
70 81
69 81
68 81
67 81
66 81
65 81
64 81
64 80
63 80
62 80
61 80
60 80
59 80
58 80
57 80
56 80
56 79
56 78
56 77
55 77
54 77
53 77
52 77
52 78
51 78
50 78
50 79
49 79
48 79
47 79
46 79
45 79
44 79
44 80
44 81
44 82
43 82
42 82
42 81
41 81
40 81
39 81
39 80
39 79
38 79
37 79
36 79
35 79
34 79
33 79
32 79
31 79
30 79
29 79
28 79
27 79
27 80
26 80
25 80
24 80
23 80
22 80
21 80
20 80
19 80
19 81
18 81
17 81
16 81
15 81
14 81
14 80
13 80
12 80
11 80
11 79
11 78
10 78
9 78
8 78
7 78
7 79
7 80
6 80
5 80
4 80
3 80
2 80
2 79
2 78
3 78
