11 16
11 15
12 15
13 15
14 15
15 15
16 15
17 15
18 15
19 15
20 15
21 15
22 15
22 16
23 16
23 17
24 17
25 17
26 17
27 17
27 16
28 16
28 15
28 14
28 13
28 12
28 11
29 11
29 10
29 9
29 8
29 7
30 7
31 7
31 6
32 6
33 6
34 6
35 6
36 6
37 6
38 6
38 7
39 7
40 7
40 6
41 6
42 6
43 6
44 6
45 6
46 6
46 7
47 7
48 7
49 7
50 7
50 6
50 5
51 5
52 5
53 5
54 5
55 5
56 5
57 5
58 5
58 6
59 6
60 6
60 7
61 7
61 8
62 8
63 8
64 8
64 9
65 9
65 10
65 11
66 11
67 11
67 10
67 9
68 9
69 9
69 8
70 8
71 8
72 8
72 7
72 6
73 6
74 6
75 6
76 6
76 5
76 4
77 4
78 4
79 4
80 4
81 4
82 4
83 4
83 5
84 5
85 5
85 4
85 3
85 2
85 1
84 1
83 1
83 0
