73 13
73 14
72 14
71 14
70 14
70 15
70 16
70 17
70 18
70 19
71 19
71 20
71 21
71 22
70 22
70 23
70 24
70 25
70 26
69 26
69 27
69 28
68 28
67 28
66 28
66 29
66 30
66 31
66 32
67 32
68 32
68 33
68 34
68 35
68 36
68 37
68 38
68 39
69 39
69 40
69 41
68 41
67 41
67 42
67 43
67 44
66 44
66 45
66 46
65 46
65 47
65 48
65 49
65 50
65 51
65 52
65 53
65 54
64 54
64 55
64 56
64 57
63 57
63 58
63 59
63 60
63 61
62 61
61 61
61 62
61 63
61 64
61 65
61 66
60 66
60 67
60 68
60 69
60 70
59 70
59 71
59 72
59 73
59 74
59 75
59 76
60 76
61 76
61 77
61 78
60 78
60 79
60 80
60 81
59 81
58 81
58 82
58 83
58 84
57 84
56 84
55 84
54 84
54 85
54 86
54 87
54 88
54 89
53 89
52 89
52 90
52 91
52 92
