23 37
23 36
22 36
21 36
21 35
21 34
21 33
21 32
21 31
21 30
22 30
23 30
23 29
24 29
25 29
26 29
27 29
28 29
28 28
29 28
30 28
30 27
31 27
32 27
33 27
34 27
34 26
35 26
35 25
36 25
36 24
36 23
37 23
38 23
39 23
40 23
41 23
42 23
43 23
44 23
45 23
46 23
47 23
47 24
48 24
49 24
50 24
50 23
51 23
52 23
53 23
53 22
54 22
55 22
55 21
56 21
56 20
57 20
58 20
59 20
60 20
61 20
62 20
63 20
64 20
64 19
64 18
64 17
64 16
64 15
65 15
66 15
67 15
68 15
69 15
69 14
70 14
71 14
71 15
71 16
72 16
73 16
74 16
75 16
76 16
76 15
77 15
77 14
78 14
79 14
80 14
81 14
82 14
83 14
84 14
85 14
86 14
87 14
88 14
89 14
90 14
91 14
92 14
93 14
94 14
95 14
96 14
96 13
97 13
97 12
98 12
99 12
99 13
99 14
