1 16
0 16
0 17
0 18
0 19
1 19
1 20
1 21
1 22
1 23
1 24
2 24
3 24
4 24
5 24
6 24
6 25
6 26
7 26
7 27
7 28
7 29
8 29
9 29
9 30
9 31
9 32
10 32
10 33
10 34
11 34
11 35
11 36
11 37
12 37
12 38
13 38
13 39
14 39
14 40
15 40
16 40
17 40
17 41
17 42
17 43
17 44
17 45
17 46
17 47
17 48
18 48
19 48
19 49
19 50
19 51
19 52
19 53
19 54
20 54
20 55
20 56
19 56
19 57
19 58
19 59
19 60
19 61
19 62
20 62
21 62
22 62
23 62
23 63
24 63
25 63
25 64
25 65
25 66
26 66
27 66
28 66
29 66
30 66
31 66
32 66
32 67
33 67
33 68
34 68
35 68
36 68
37 68
38 68
38 69
38 70
38 71
37 71
