98 91
97 91
97 90
97 89
96 89
96 88
96 87
96 86
96 85
95 85
94 85
94 84
93 84
93 83
93 82
93 81
92 81
91 81
91 80
91 79
91 78
90 78
90 77
90 76
89 76
88 76
88 75
87 75
86 75
86 74
86 73
86 72
86 71
86 70
85 70
85 69
84 69
83 69
83 68
83 67
83 66
83 65
83 64
83 63
83 62
83 61
83 60
83 59
83 58
83 57
83 56
82 56
81 56
80 56
79 56
79 55
79 54
78 54
77 54
77 53
77 52
76 52
76 51
76 50
76 49
75 49
75 48
75 47
75 46
74 46
73 46
72 46
72 45
72 44
72 43
71 43
71 42
70 42
69 42
68 42
67 42
67 41
67 40
67 39
66 39
66 38
66 37
65 37
65 36
65 35
64 35
63 35
62 35
62 34
62 33
62 32
62 31
61 31
60 31
59 31
59 30
59 29
59 28
58 28
58 27
58 26
57 26
57 25
56 25
56 24
56 23
56 22
56 21
56 20
56 19
55 19
54 19
53 19
52 19
51 19
51 18
51 17
50 17
49 17
49 16
49 15
50 15
51 15
52 15
52 14
52 13
51 13
