96 9
95 9
94 9
94 8
93 8
92 8
91 8
91 9
91 10
91 11
91 12
91 13
92 13
92 14
92 15
91 15
90 15
89 15
88 15
87 15
86 15
85 15
84 15
83 15
83 16
82 16
82 17
81 17
80 17
79 17
79 16
78 16
78 15
78 14
78 13
77 13
76 13
75 13
74 13
73 13
72 13
71 13
70 13
70 14
69 14
68 14
68 15
68 16
68 17
67 17
67 18
66 18
65 18
64 18
63 18
63 19
62 19
61 19
60 19
59 19
59 20
59 21
58 21
58 22
57 22
56 22
55 22
54 22
54 23
54 24
53 24
53 25
52 25
52 26
52 27
51 27
50 27
49 27
48 27
47 27
46 27
46 26
45 26
44 26
43 26
42 26
42 25
41 25
40 25
39 25
38 25
37 25
36 25
35 25
34 25
33 25
33 26
