98 73
99 73
99 74
99 75
99 76
99 77
99 78
98 78
98 79
98 80
97 80
96 80
95 80
94 80
93 80
92 80
91 80
90 80
89 80
89 79
89 78
89 77
88 77
87 77
86 77
86 76
86 75
86 74
86 73
85 73
85 72
85 71
85 70
84 70
84 69
84 68
84 67
83 67
82 67
82 66
82 65
82 64
82 63
81 63
80 63
80 62
80 61
80 60
80 59
80 58
79 58
79 57
79 56
79 55
78 55
78 54
78 53
78 52
78 51
78 50
78 49
78 48
77 48
77 47
77 46
77 45
77 44
77 43
77 42
77 41
77 40
77 39
76 39
76 38
76 37
77 37
77 36
77 35
78 35
78 34
78 33
78 32
78 31
79 31
80 31
80 30
80 29
80 28
80 27
80 26
81 26
82 26
83 26
84 26
84 25
84 24
84 23
84 22
85 22
85 21
86 21
86 20
86 19
85 19
85 18
85 17
86 17
87 17
87 16
87 15
87 14
88 14
88 13
88 12
88 11
87 11
86 11
85 11
84 11
84 10
84 9
84 8
