76 81
76 80
75 80
75 79
74 79
73 79
72 79
72 78
72 77
72 76
72 75
72 74
71 74
70 74
70 73
69 73
68 73
67 73
66 73
65 73
64 73
63 73
62 73
61 73
60 73
59 73
58 73
57 73
56 73
55 73
54 73
53 73
52 73
51 73
50 73
49 73
49 72
49 71
48 71
47 71
47 70
47 69
47 68
47 67
47 66
46 66
46 65
46 64
46 63
46 62
45 62
44 62
43 62
42 62
41 62
40 62
39 62
38 62
38 61
37 61
36 61
35 61
34 61
33 61
32 61
31 61
30 61
30 62
29 62
28 62
28 61
27 61
26 61
25 61
24 61
24 62
23 62
22 62
21 62
20 62
19 62
18 62
18 63
17 63
16 63
16 64
16 65
15 65
15 66
14 66
13 66
13 65
