56 4
57 4
57 5
57 6
57 7
57 8
57 9
58 9
59 9
60 9
61 9
62 9
63 9
63 10
63 11
63 12
63 13
64 13
64 14
64 15
64 16
64 17
64 18
65 18
65 19
65 20
65 21
65 22
66 22
66 23
67 23
68 23
68 24
68 25
68 26
69 26
69 27
69 28
70 28
71 28
72 28
72 29
73 29
74 29
75 29
75 30
76 30
76 31
76 32
76 33
76 34
77 34
77 35
78 35
79 35
79 36
80 36
81 36
82 36
82 37
83 37
83 38
84 38
84 39
84 40
84 41
84 42
84 43
84 44
84 45
85 45
86 45
87 45
88 45
88 46
88 47
89 47
90 47
91 47
92 47
93 47
94 47
95 47
96 47
96 48
97 48
98 48
98 49
98 50
98 51
97 51
97 52
96 52
95 52
95 53
95 54
95 55
94 55
93 55
92 55
91 55
91 56
91 57
90 57
89 57
88 57
87 57
86 57
86 58
