22 84
21 84
20 84
20 83
19 83
18 83
17 83
17 82
16 82
16 81
16 80
16 79
15 79
14 79
14 78
13 78
13 77
13 76
13 75
13 74
13 73
13 72
13 71
13 70
12 70
11 70
11 69
11 68
11 67
10 67
9 67
9 66
9 65
9 64
9 63
9 62
9 61
9 60
9 59
9 58
8 58
7 58
7 57
7 56
7 55
7 54
7 53
7 52
6 52
5 52
5 51
5 50
5 49
5 48
5 47
5 46
5 45
5 44
5 43
5 42
5 41
6 41
6 40
7 40
7 39
8 39
8 38
8 37
8 36
8 35
8 34
8 33
8 32
8 31
8 30
7 30
7 29
7 28
7 27
7 26
7 25
8 25
8 24
9 24
9 23
9 22
9 21
9 20
9 19
9 18
9 17
10 17
11 17
11 16
12 16
12 15
13 15
