88 14
88 13
87 13
87 12
86 12
86 11
86 10
85 10
84 10
84 11
83 11
83 12
82 12
81 12
80 12
79 12
79 13
79 14
79 15
78 15
78 16
78 17
78 18
78 19
78 20
77 20
77 21
77 22
77 23
76 23
76 24
76 25
76 26
76 27
75 27
74 27
74 28
74 29
74 30
74 31
74 32
74 33
74 34
73 34
72 34
72 35
72 36
71 36
71 37
70 37
70 38
69 38
69 39
69 40
69 41
69 42
69 43
69 44
68 44
67 44
67 45
67 46
67 47
66 47
66 48
66 49
67 49
67 50
67 51
67 52
67 53
67 54
67 55
67 56
66 56
65 56
65 57
65 58
65 59
64 59
63 59
63 60
63 61
63 62
63 63
62 63
61 63
61 64
60 64
59 64
58 64
58 65
58 66
58 67
57 67
56 67
55 67
54 67
53 67
53 68
52 68
51 68
51 69
50 69
49 69
49 70
49 71
49 72
49 73
49 74
49 75
49 76
49 77
49 78
49 79
49 80
49 81
49 82
49 83
49 84
49 85
49 86
49 87
48 87
47 87
46 87
45 87
44 87
43 87
43 88
43 89
42 89
42 90
42 91
41 91
40 91
40 92
40 93
39 93
38 93
37 93
36 93
36 94
35 94
34 94
33 94
32 94
32 95
31 95
30 95
29 95
29 96
29 97
29 98
29 99
28 99
27 99
26 99
