71 76
71 77
71 78
70 78
69 78
68 78
68 77
67 77
66 77
65 77
64 77
64 76
64 75
64 74
64 73
64 72
63 72
63 71
63 70
62 70
61 70
60 70
59 70
58 70
58 69
58 68
58 67
58 66
58 65
58 64
58 63
58 62
57 62
57 61
57 60
57 59
57 58
57 57
56 57
55 57
54 57
54 56
54 55
54 54
53 54
52 54
52 53
52 52
52 51
52 50
52 49
52 48
52 47
51 47
51 46
51 45
51 44
50 44
50 43
50 42
49 42
49 41
48 41
47 41
47 40
46 40
45 40
44 40
43 40
42 40
41 40
41 39
41 38
40 38
39 38
38 38
37 38
36 38
36 37
35 37
34 37
33 37
32 37
31 37
30 37
30 38
30 39
29 39
28 39
28 38
28 37
28 36
