24 85
24 86
23 86
22 86
22 85
22 84
22 83
22 82
22 81
22 80
22 79
22 78
22 77
22 76
22 75
22 74
22 73
22 72
22 71
22 70
22 69
22 68
22 67
22 66
22 65
22 64
21 64
21 63
21 62
20 62
20 61
20 60
20 59
19 59
19 58
19 57
18 57
18 56
18 55
18 54
18 53
18 52
18 51
18 50
18 49
17 49
17 48
17 47
17 46
17 45
17 44
17 43
17 42
17 41
17 40
16 40
16 39
16 38
16 37
16 36
16 35
16 34
16 33
15 33
14 33
14 32
14 31
14 30
14 29
13 29
13 28
13 27
13 26
14 26
15 26
15 25
16 25
16 24
16 23
17 23
18 23
18 22
18 21
18 20
18 19
18 18
18 17
18 16
18 15
19 15
20 15
20 14
20 13
20 12
21 12
21 11
21 10
21 9
21 8
21 7
22 7
23 7
24 7
25 7
26 7
26 6
26 5
26 4
26 3
26 2
27 2
28 2
29 2
