53 97
54 97
54 96
54 95
53 95
52 95
51 95
51 94
51 93
51 92
50 92
50 91
50 90
50 89
50 88
50 87
50 86
50 85
50 84
49 84
49 83
49 82
49 81
48 81
48 80
47 80
47 79
47 78
47 77
47 76
47 75
48 75
49 75
49 74
49 73
49 72
49 71
49 70
50 70
50 69
51 69
52 69
52 68
52 67
52 66
52 65
52 64
52 63
52 62
52 61
51 61
51 60
51 59
50 59
50 58
50 57
50 56
50 55
50 54
50 53
50 52
50 51
50 50
50 49
50 48
50 47
51 47
52 47
53 47
53 46
53 45
53 44
53 43
53 42
53 41
53 40
53 39
52 39
51 39
50 39
50 38
49 38
48 38
47 38
46 38
46 37
46 36
46 35
46 34
46 33
46 32
45 32
44 32
44 31
43 31
43 30
42 30
42 29
42 28
43 28
44 28
44 27
