8 20
8 21
8 22
8 23
9 23
9 24
9 25
10 25
10 26
10 27
10 28
10 29
11 29
12 29
13 29
14 29
14 30
14 31
14 32
14 33
14 34
14 35
14 36
14 37
14 38
14 39
14 40
15 40
16 40
17 40
18 40
19 40
19 41
19 42
19 43
20 43
21 43
21 44
21 45
21 46
22 46
22 47
22 48
22 49
22 50
21 50
20 50
20 51
20 52
20 53
20 54
20 55
20 56
20 57
20 58
21 58
22 58
22 59
23 59
24 59
24 60
24 61
24 62
24 63
25 63
26 63
26 64
26 65
27 65
27 66
27 67
27 68
28 68
28 69
29 69
29 70
29 71
29 72
30 72
30 73
30 74
31 74
31 75
31 76
32 76
32 77
32 78
33 78
34 78
35 78
35 79
36 79
36 80
37 80
38 80
38 81
38 82
37 82
37 83
