83 41
83 42
83 43
82 43
82 44
81 44
80 44
79 44
78 44
77 44
76 44
75 44
74 44
73 44
73 45
73 46
73 47
73 48
73 49
73 50
73 51
73 52
73 53
72 53
72 54
72 55
71 55
71 56
71 57
71 58
71 59
71 60
71 61
70 61
69 61
68 61
67 61
67 62
67 63
67 64
67 65
66 65
66 66
66 67
66 68
66 69
66 70
66 71
65 71
64 71
64 72
64 73
63 73
63 74
63 75
63 76
63 77
63 78
63 79
64 79
64 80
64 81
63 81
63 82
63 83
62 83
62 84
62 85
62 86
62 87
62 88
62 89
63 89
63 90
64 90
64 91
64 92
63 92
63 93
63 94
62 94
62 95
61 95
60 95
59 95
58 95
57 95
56 95
55 95
54 95
54 96
