87 12
87 13
87 14
86 14
85 14
85 15
85 16
85 17
84 17
84 18
83 18
82 18
82 19
81 19
81 20
81 21
81 22
80 22
79 22
78 22
77 22
76 22
76 23
76 24
76 25
76 26
76 27
75 27
75 28
74 28
73 28
73 29
73 30
73 31
73 32
73 33
73 34
73 35
73 36
73 37
73 38
73 39
73 40
72 40
71 40
70 40
70 41
69 41
68 41
67 41
66 41
65 41
65 42
65 43
64 43
64 44
64 45
64 46
64 47
64 48
63 48
62 48
62 49
62 50
62 51
62 52
62 53
62 54
62 55
62 56
62 57
61 57
61 58
60 58
60 59
59 59
59 60
59 61
59 62
59 63
59 64
59 65
59 66
58 66
58 67
57 67
56 67
56 68
56 69
56 70
56 71
56 72
55 72
55 73
55 74
55 75
55 76
55 77
54 77
53 77
52 77
51 77
51 78
51 79
51 80
51 81
52 81
53 81
53 82
53 83
53 84
54 84
54 85
55 85
56 85
57 85
58 85
