2 23
2 24
2 25
3 25
3 26
3 27
3 28
3 29
3 30
3 31
4 31
4 32
5 32
5 33
5 34
5 35
5 36
5 37
5 38
5 39
5 40
4 40
4 41
4 42
4 43
3 43
3 44
2 44
2 45
2 46
2 47
3 47
4 47
4 48
4 49
4 50
5 50
6 50
6 51
7 51
8 51
8 52
9 52
9 53
9 54
9 55
9 56
10 56
11 56
11 57
12 57
13 57
13 58
13 59
13 60
13 61
13 62
14 62
14 63
14 64
14 65
15 65
16 65
16 66
17 66
17 67
17 68
17 69
17 70
17 71
17 72
17 73
17 74
17 75
17 76
17 77
17 78
17 79
17 80
17 81
17 82
17 83
17 84
17 85
16 85
15 85
15 86
15 87
14 87
14 88
13 88
12 88
11 88
11 89
