10 90
10 89
10 88
10 87
10 86
10 85
10 84
10 83
10 82
11 82
11 81
12 81
12 80
13 80
14 80
14 79
14 78
14 77
14 76
13 76
13 75
13 74
13 73
13 72
13 71
13 70
14 70
14 69
14 68
14 67
15 67
16 67
16 66
16 65
17 65
18 65
18 64
19 64
19 63
19 62
19 61
20 61
21 61
22 61
23 61
23 60
23 59
23 58
23 57
24 57
24 56
24 55
24 54
24 53
24 52
25 52
26 52
27 52
28 52
29 52
29 51
30 51
31 51
32 51
32 50
32 49
31 49
31 48
31 47
31 46
31 45
31 44
31 43
30 43
29 43
28 43
28 42
28 41
28 40
28 39
28 38
28 37
27 37
27 36
27 35
27 34
27 33
27 32
27 31
26 31
26 30
25 30
25 29
25 28
24 28
23 28
22 28
21 28
21 27
21 26
21 25
21 24
21 23
21 22
21 21
21 20
22 20
22 19
22 18
22 17
22 16
22 15
22 14
22 13
22 12
22 11
22 10
23 10
24 10
24 9
24 8
25 8
