80 95
79 95
79 94
79 93
78 93
78 92
78 91
78 90
77 90
76 90
75 90
75 89
75 88
75 87
75 86
75 85
75 84
75 83
74 83
73 83
73 82
73 81
73 80
73 79
73 78
73 77
73 76
73 75
73 74
73 73
72 73
71 73
70 73
70 72
70 71
69 71
68 71
67 71
67 70
66 70
66 69
66 68
67 68
67 67
67 66
66 66
65 66
65 65
65 64
64 64
64 63
64 62
64 61
64 60
64 59
64 58
64 57
64 56
64 55
64 54
64 53
65 53
65 52
65 51
65 50
65 49
65 48
65 47
65 46
65 45
64 45
64 44
64 43
64 42
64 41
64 40
65 40
65 39
65 38
65 37
65 36
66 36
67 36
68 36
68 35
68 34
68 33
68 32
67 32
67 31
67 30
67 29
67 28
66 28
66 27
66 26
65 26
64 26
63 26
62 26
62 25
