76 25
76 24
75 24
74 24
73 24
73 25
73 26
73 27
72 27
72 28
72 29
72 30
72 31
72 32
72 33
71 33
71 34
70 34
69 34
69 35
69 36
68 36
68 37
67 37
67 38
67 39
67 40
67 41
67 42
67 43
67 44
66 44
66 45
66 46
66 47
66 48
66 49
66 50
65 50
65 51
65 52
64 52
63 52
62 52
62 53
62 54
62 55
62 56
61 56
60 56
59 56
59 57
59 58
59 59
59 60
59 61
59 62
59 63
59 64
59 65
58 65
57 65
57 66
56 66
55 66
54 66
53 66
52 66
51 66
50 66
50 67
50 68
50 69
49 69
49 70
49 71
48 71
48 72
47 72
46 72
46 73
45 73
45 74
45 75
45 76
45 77
45 78
44 78
44 79
44 80
43 80
42 80
41 80
40 80
39 80
38 80
38 81
38 82
37 82
36 82
35 82
34 82
34 81
34 80
35 80
36 80
