18 82
18 81
18 80
19 80
19 79
19 78
19 77
19 76
19 75
19 74
19 73
19 72
19 71
19 70
19 69
19 68
19 67
20 67
21 67
22 67
23 67
24 67
25 67
26 67
26 66
27 66
27 65
27 64
27 63
27 62
28 62
29 62
30 62
30 61
31 61
32 61
33 61
34 61
34 60
35 60
36 60
36 59
36 58
37 58
38 58
39 58
39 57
39 56
39 55
39 54
39 53
39 52
40 52
40 51
40 50
40 49
40 48
40 47
41 47
42 47
43 47
44 47
45 47
46 47
46 46
47 46
47 45
48 45
49 45
49 44
49 43
50 43
51 43
51 42
52 42
53 42
54 42
54 41
55 41
55 40
55 39
55 38
56 38
57 38
57 37
58 37
59 37
59 36
59 35
58 35
58 34
58 33
58 32
58 31
58 30
58 29
59 29
59 28
59 27
60 27
61 27
61 26
61 25
