87 13
87 14
88 14
88 15
88 16
87 16
87 17
87 18
87 19
87 20
87 21
87 22
87 23
87 24
87 25
87 26
88 26
89 26
90 26
90 27
90 28
89 28
89 29
89 30
88 30
87 30
86 30
85 30
85 31
85 32
85 33
85 34
85 35
85 36
85 37
85 38
84 38
84 39
83 39
83 40
83 41
83 42
83 43
83 44
83 45
83 46
83 47
83 48
82 48
81 48
81 49
81 50
81 51
80 51
80 52
79 52
79 53
79 54
79 55
79 56
78 56
78 57
78 58
78 59
78 60
78 61
78 62
78 63
77 63
76 63
76 64
76 65
75 65
75 66
75 67
75 68
74 68
73 68
72 68
71 68
71 69
70 69
69 69
69 70
68 70
67 70
67 71
66 71
65 71
65 72
65 73
65 74
65 75
65 76
64 76
63 76
63 77
63 78
64 78
64 79
64 80
65 80
