62 89
61 89
60 89
60 88
59 88
58 88
57 88
57 87
57 86
56 86
55 86
54 86
53 86
52 86
51 86
50 86
49 86
48 86
48 85
47 85
47 84
46 84
45 84
44 84
43 84
42 84
41 84
40 84
40 83
40 82
39 82
38 82
38 81
38 80
37 80
36 80
35 80
35 79
35 78
34 78
33 78
32 78
31 78
31 77
31 76
31 75
30 75
30 74
30 73
29 73
29 72
29 71
29 70
29 69
28 69
28 68
28 67
28 66
28 65
27 65
26 65
26 64
26 63
26 62
25 62
24 62
24 61
23 61
22 61
21 61
20 61
20 60
19 60
19 59
19 58
19 57
19 56
19 55
20 55
20 54
20 53
20 52
20 51
20 50
20 49
19 49
19 48
19 47
19 46
19 45
19 44
19 43
19 42
19 41
19 40
19 39
19 38
18 38
18 37
17 37
17 36
17 35
17 34
16 34
16 33
16 32
16 31
15 31
15 30
15 29
15 28
16 28
16 27
16 26
17 26
17 25
17 24
18 24
18 23
18 22
18 21
18 20
18 19
18 18
18 17
18 16
18 15
18 14
18 13
18 12
17 12
16 12
16 11
16 10
15 10
15 9
14 9
14 8
14 7
15 7
15 6
16 6
