89 84
88 84
88 83
88 82
88 81
88 80
88 79
88 78
88 77
89 77
90 77
90 76
90 75
89 75
89 74
88 74
87 74
87 73
87 72
87 71
87 70
87 69
87 68
87 67
87 66
86 66
86 65
86 64
86 63
86 62
86 61
86 60
86 59
86 58
85 58
84 58
84 57
84 56
84 55
84 54
84 53
83 53
83 52
82 52
82 51
82 50
82 49
81 49
81 48
81 47
81 46
82 46
83 46
83 45
83 44
83 43
82 43
82 42
82 41
83 41
83 40
84 40
84 39
84 38
84 37
84 36
84 35
84 34
83 34
83 33
83 32
83 31
83 30
83 29
83 28
83 27
83 26
83 25
83 24
82 24
81 24
81 23
81 22
81 21
80 21
80 20
80 19
79 19
79 18
78 18
78 17
78 16
78 15
79 15
79 14
79 13
79 12
79 11
79 10
79 9
80 9
81 9
82 9
83 9
