40 82
41 82
41 81
41 80
41 79
41 78
41 77
42 77
43 77
43 76
43 75
42 75
42 74
42 73
42 72
42 71
42 70
42 69
42 68
42 67
42 66
42 65
42 64
42 63
42 62
42 61
42 60
41 60
40 60
40 59
40 58
40 57
40 56
40 55
40 54
40 53
40 52
40 51
40 50
40 49
39 49
38 49
37 49
36 49
36 48
36 47
36 46
36 45
35 45
34 45
34 44
34 43
33 43
32 43
31 43
30 43
30 42
29 42
29 41
29 40
28 40
28 39
28 38
28 37
28 36
28 35
27 35
26 35
25 35
24 35
23 35
22 35
21 35
20 35
20 34
20 33
19 33
19 32
19 31
18 31
17 31
17 30
16 30
15 30
14 30
14 29
14 28
14 27
14 26
14 25
14 24
14 23
13 23
12 23
12 22
12 21
