22 64
22 63
22 62
23 62
24 62
25 62
26 62
27 62
28 62
28 63
28 64
29 64
30 64
31 64
32 64
32 63
32 62
33 62
34 62
35 62
36 62
37 62
38 62
38 61
39 61
40 61
41 61
41 62
42 62
43 62
44 62
45 62
46 62
47 62
47 63
48 63
49 63
50 63
50 64
50 65
51 65
52 65
53 65
53 64
54 64
55 64
56 64
57 64
57 65
58 65
59 65
59 66
59 67
60 67
61 67
61 66
62 66
62 65
62 64
62 63
63 63
64 63
65 63
66 63
67 63
68 63
69 63
70 63
71 63
72 63
72 62
72 61
72 60
73 60
73 59
73 58
73 57
74 57
75 57
76 57
77 57
78 57
79 57
80 57
81 57
81 58
82 58
83 58
84 58
85 58
86 58
87 58
88 58
89 58
90 58
91 58
91 59
91 60
92 60
