45 91
44 91
44 90
44 89
44 88
44 87
44 86
44 85
43 85
43 84
43 83
43 82
43 81
43 80
44 80
44 79
45 79
45 78
45 77
44 77
44 76
44 75
44 74
44 73
43 73
42 73
42 72
42 71
42 70
42 69
42 68
42 67
42 66
41 66
40 66
39 66
38 66
37 66
36 66
35 66
35 65
35 64
36 64
36 63
36 62
37 62
37 61
37 60
37 59
38 59
39 59
40 59
40 58
40 57
40 56
40 55
41 55
41 54
41 53
41 52
41 51
41 50
41 49
41 48
41 47
41 46
41 45
41 44
40 44
40 43
40 42
40 41
41 41
41 40
41 39
41 38
41 37
41 36
41 35
41 34
41 33
41 32
41 31
41 30
41 29
41 28
41 27
42 27
42 26
42 25
42 24
42 23
42 22
42 21
43 21
43 20
43 19
43 18
44 18
44 17
44 16
44 15
44 14
43 14
42 14
42 13
42 12
42 11
43 11
44 11
44 12
