74 42
74 43
73 43
73 44
72 44
72 45
71 45
70 45
70 46
69 46
68 46
67 46
67 47
67 48
66 48
66 49
66 50
65 50
64 50
63 50
62 50
61 50
60 50
59 50
58 50
57 50
56 50
55 50
54 50
53 50
53 51
53 52
53 53
53 54
52 54
51 54
51 55
50 55
50 56
49 56
49 57
49 58
48 58
47 58
47 59
46 59
45 59
44 59
44 60
43 60
42 60
41 60
40 60
40 59
39 59
38 59
38 60
38 61
38 62
39 62
39 63
39 64
38 64
38 65
37 65
37 66
36 66
36 67
35 67
34 67
34 68
34 69
34 70
34 71
34 72
34 73
33 73
33 74
33 75
33 76
33 77
32 77
32 78
31 78
31 79
31 80
30 80
29 80
29 81
28 81
27 81
27 80
