72 4
73 4
73 5
73 6
73 7
72 7
71 7
70 7
69 7
68 7
68 8
68 9
68 10
67 10
66 10
65 10
65 11
64 11
63 11
62 11
61 11
61 12
61 13
61 14
61 15
60 15
60 16
60 17
59 17
58 17
57 17
56 17
55 17
55 18
54 18
53 18
52 18
51 18
50 18
49 18
48 18
47 18
46 18
45 18
44 18
43 18
43 19
43 20
43 21
42 21
41 21
41 22
41 23
41 24
41 25
40 25
40 26
40 27
40 28
40 29
39 29
39 30
38 30
37 30
36 30
36 31
36 32
35 32
34 32
34 33
33 33
32 33
32 34
31 34
30 34
29 34
29 35
29 36
29 37
29 38
29 39
29 40
28 40
28 41
28 42
28 43
28 44
28 45
27 45
27 46
27 47
27 48
27 49
26 49
26 50
25 50
24 50
24 51
23 51
23 52
23 53
23 54
23 55
23 56
22 56
22 57
22 58
22 59
22 60
22 61
21 61
20 61
20 62
19 62
19 63
19 64
19 65
18 65
17 65
17 66
16 66
15 66
14 66
13 66
12 66
12 65
