59 92
59 91
59 90
59 89
59 88
59 87
58 87
58 86
57 86
57 85
57 84
56 84
55 84
54 84
53 84
53 83
53 82
53 81
53 80
53 79
53 78
53 77
53 76
52 76
52 75
52 74
52 73
52 72
52 71
52 70
52 69
52 68
52 67
52 66
52 65
51 65
51 64
51 63
52 63
53 63
54 63
54 62
54 61
54 60
54 59
54 58
54 57
54 56
54 55
54 54
54 53
54 52
55 52
56 52
57 52
57 51
57 50
57 49
57 48
57 47
57 46
57 45
58 45
59 45
59 44
59 43
59 42
59 41
59 40
59 39
59 38
59 37
60 37
60 36
60 35
61 35
62 35
63 35
63 34
64 34
65 34
66 34
66 33
67 33
68 33
69 33
69 32
70 32
71 32
72 32
73 32
73 31
74 31
75 31
76 31
76 30
