79 55
78 55
78 54
78 53
77 53
76 53
75 53
74 53
73 53
72 53
72 52
72 51
72 50
72 49
71 49
70 49
70 48
70 47
70 46
70 45
69 45
68 45
67 45
66 45
66 44
66 43
66 42
66 41
65 41
64 41
64 40
64 39
63 39
63 38
62 38
61 38
60 38
59 38
58 38
57 38
57 37
57 36
57 35
56 35
55 35
54 35
53 35
52 35
51 35
51 34
51 33
50 33
49 33
49 32
48 32
47 32
46 32
46 31
46 30
46 29
45 29
44 29
44 28
44 27
43 27
42 27
41 27
40 27
40 26
40 25
39 25
38 25
37 25
36 25
35 25
34 25
34 24
34 23
33 23
32 23
31 23
31 22
31 21
31 20
31 19
31 18
31 17
31 16
30 16
30 15
29 15
28 15
27 15
26 15
26 14
26 13
25 13
25 12
25 11
25 10
25 9
25 8
25 7
24 7
23 7
23 6
23 5
