24 8
24 9
25 9
26 9
27 9
28 9
28 10
29 10
29 11
29 12
30 12
31 12
31 13
31 14
32 14
32 15
33 15
33 16
33 17
33 18
33 19
33 20
33 21
34 21
35 21
36 21
36 22
37 22
38 22
39 22
40 22
41 22
42 22
43 22
43 23
43 24
44 24
45 24
46 24
47 24
48 24
48 25
49 25
50 25
51 25
52 25
53 25
54 25
54 26
55 26
55 27
55 28
56 28
57 28
58 28
59 28
60 28
61 28
62 28
63 28
64 28
65 28
66 28
67 28
68 28
69 28
70 28
71 28
71 29
71 30
72 30
73 30
74 30
74 31
74 32
74 33
75 33
75 34
75 35
75 36
76 36
77 36
78 36
79 36
80 36
80 37
80 38
80 39
80 40
80 41
80 42
80 43
80 44
80 45
81 45
81 46
81 47
81 48
81 49
81 50
82 50
82 51
83 51
84 51
84 52
84 53
85 53
85 54
85 55
86 55
87 55
88 55
89 55
90 55
90 56
90 57
91 57
92 57
92 58
