40 22
40 23
39 23
39 24
39 25
39 26
40 26
40 27
40 28
39 28
39 29
39 30
38 30
38 31
37 31
37 32
37 33
37 34
36 34
36 35
35 35
34 35
33 35
33 36
32 36
31 36
31 37
31 38
31 39
30 39
30 40
30 41
30 42
30 43
30 44
29 44
28 44
28 45
28 46
28 47
28 48
28 49
28 50
28 51
28 52
28 53
28 54
27 54
27 55
27 56
26 56
26 57
25 57
25 58
25 59
25 60
25 61
25 62
25 63
25 64
24 64
24 65
24 66
23 66
23 67
22 67
21 67
20 67
19 67
18 67
17 67
16 67
15 67
14 67
13 67
13 68
13 69
13 70
13 71
12 71
12 72
11 72
10 72
10 73
