8 70
7 70
7 71
7 72
8 72
9 72
10 72
11 72
11 71
12 71
12 70
12 69
12 68
12 67
13 67
14 67
15 67
15 68
16 68
17 68
18 68
19 68
20 68
21 68
22 68
22 69
23 69
24 69
25 69
26 69
27 69
27 70
28 70
29 70
29 69
30 69
31 69
32 69
32 70
33 70
34 70
35 70
36 70
36 71
37 71
38 71
39 71
40 71
41 71
41 70
42 70
43 70
44 70
44 69
45 69
46 69
47 69
48 69
49 69
50 69
50 68
50 67
51 67
52 67
53 67
54 67
54 66
55 66
56 66
57 66
58 66
59 66
60 66
61 66
61 67
62 67
63 67
63 66
64 66
64 65
64 64
65 64
66 64
66 63
67 63
67 62
68 62
69 62
69 63
70 63
71 63
72 63
73 63
74 63
75 63
75 62
75 61
76 61
77 61
78 61
79 61
79 60
80 60
81 60
82 60
83 60
84 60
85 60
86 60
86 61
87 61
87 62
88 62
88 63
89 63
89 64
90 64
91 64
