33 15
33 16
33 17
33 18
33 19
33 20
34 20
34 21
35 21
35 22
35 23
36 23
36 24
37 24
37 25
37 26
37 27
38 27
38 28
38 29
39 29
39 30
40 30
40 31
40 32
40 33
40 34
40 35
40 36
41 36
41 37
41 38
40 38
40 39
40 40
40 41
40 42
40 43
40 44
40 45
41 45
41 46
41 47
41 48
41 49
41 50
42 50
42 51
42 52
41 52
41 53
41 54
41 55
41 56
41 57
41 58
42 58
43 58
43 59
43 60
43 61
43 62
43 63
43 64
44 64
44 65
44 66
44 67
45 67
45 68
46 68
46 69
47 69
47 70
47 71
47 72
47 73
47 74
47 75
47 76
47 77
47 78
47 79
47 80
47 81
47 82
47 83
48 83
48 84
49 84
49 85
49 86
49 87
50 87
51 87
52 87
52 88
52 89
53 89
54 89
55 89
56 89
57 89
57 90
58 90
59 90
59 91
60 91
61 91
62 91
63 91
63 92
63 93
63 94
63 95
64 95
64 96
64 97
65 97
65 98
66 98
