11 85
11 84
11 83
11 82
12 82
12 81
12 80
13 80
13 79
14 79
14 78
14 77
14 76
14 75
14 74
15 74
16 74
16 73
17 73
18 73
19 73
20 73
21 73
22 73
22 72
22 71
23 71
24 71
25 71
26 71
26 70
26 69
26 68
26 67
26 66
26 65
26 64
26 63
26 62
26 61
26 60
27 60
27 59
27 58
27 57
28 57
28 56
28 55
28 54
29 54
30 54
30 53
30 52
30 51
31 51
31 50
31 49
31 48
32 48
33 48
33 47
33 46
34 46
34 45
35 45
35 44
35 43
35 42
35 41
35 40
35 39
36 39
36 38
36 37
36 36
37 36
38 36
39 36
39 35
39 34
38 34
38 33
38 32
38 31
38 30
38 29
39 29
39 28
39 27
39 26
40 26
40 25
40 24
41 24
42 24
42 25
