80 60
80 59
81 59
81 58
81 57
80 57
80 56
80 55
79 55
78 55
77 55
76 55
76 56
75 56
75 57
74 57
74 58
73 58
72 58
71 58
70 58
69 58
68 58
67 58
67 57
66 57
66 56
65 56
65 55
64 55
64 54
64 53
63 53
62 53
61 53
60 53
59 53
59 54
58 54
58 55
58 56
58 57
57 57
57 58
56 58
56 59
55 59
54 59
53 59
52 59
51 59
50 59
49 59
49 60
48 60
47 60
47 59
46 59
45 59
45 60
44 60
43 60
42 60
41 60
41 61
40 61
39 61
38 61
37 61
36 61
36 62
36 63
35 63
34 63
33 63
32 63
32 62
32 61
32 60
31 60
30 60
29 60
28 60
27 60
26 60
26 61
26 62
26 63
26 64
26 65
26 66
