77 84
76 84
76 85
76 86
75 86
74 86
73 86
72 86
71 86
71 85
70 85
69 85
68 85
68 84
67 84
66 84
65 84
64 84
63 84
62 84
62 83
62 82
62 81
61 81
60 81
60 80
60 79
59 79
58 79
57 79
57 78
56 78
56 77
56 76
56 75
55 75
55 74
54 74
53 74
52 74
52 73
51 73
50 73
50 72
50 71
49 71
48 71
48 70
47 70
46 70
46 69
45 69
44 69
44 68
44 67
44 66
44 65
44 64
44 63
44 62
44 61
43 61
42 61
42 60
42 59
41 59
40 59
40 58
40 57
40 56
40 55
39 55
38 55
38 54
38 53
38 52
38 51
38 50
37 50
36 50
35 50
35 49
34 49
34 48
