29 17
29 18
30 18
30 19
30 20
30 21
30 22
31 22
31 23
31 24
31 25
31 26
31 27
31 28
32 28
32 29
33 29
34 29
34 30
34 31
34 32
34 33
34 34
34 35
34 36
34 37
35 37
35 38
35 39
36 39
37 39
37 40
38 40
39 40
39 41
39 42
39 43
39 44
40 44
40 45
40 46
40 47
40 48
40 49
40 50
40 51
40 52
40 53
41 53
42 53
43 53
44 53
45 53
45 54
45 55
45 56
45 57
46 57
47 57
48 57
49 57
49 58
50 58
50 59
50 60
50 61
50 62
50 63
51 63
52 63
53 63
54 63
55 63
56 63
56 64
56 65
56 66
57 66
58 66
59 66
60 66
61 66
62 66
63 66
64 66
64 67
64 68
64 69
65 69
66 69
66 70
66 71
66 72
67 72
68 72
69 72
70 72
70 73
70 74
70 75
71 75
72 75
72 76
72 77
73 77
73 78
74 78
75 78
75 79
75 80
76 80
77 80
77 81
77 82
77 83
77 84
78 84
78 85
79 85
79 86
80 86
80 87
81 87
81 88
81 89
81 90
81 91
81 92
81 93
82 93
83 93
84 93
