34 96
34 95
34 94
34 93
34 92
35 92
35 91
35 90
35 89
35 88
35 87
36 87
36 86
36 85
35 85
35 84
35 83
35 82
35 81
35 80
35 79
35 78
35 77
36 77
36 76
36 75
36 74
37 74
37 73
37 72
37 71
37 70
38 70
38 69
38 68
38 67
38 66
38 65
38 64
38 63
38 62
38 61
37 61
37 60
37 59
37 58
37 57
37 56
37 55
37 54
37 53
37 52
37 51
37 50
37 49
36 49
36 48
36 47
35 47
35 46
35 45
35 44
35 43
35 42
35 41
35 40
35 39
35 38
34 38
34 37
34 36
34 35
34 34
34 33
34 32
34 31
34 30
34 29
34 28
34 27
34 26
34 25
34 24
34 23
34 22
35 22
35 21
35 20
35 19
35 18
35 17
35 16
34 16
34 15
34 14
34 13
34 12
34 11
33 11
32 11
32 10
32 9
