21 77
22 77
23 77
24 77
24 76
25 76
26 76
26 75
26 74
27 74
28 74
29 74
30 74
31 74
31 73
31 72
32 72
33 72
34 72
34 73
35 73
36 73
37 73
37 72
38 72
39 72
40 72
41 72
42 72
43 72
44 72
45 72
46 72
46 73
47 73
48 73
49 73
49 74
49 75
49 76
50 76
51 76
52 76
53 76
54 76
55 76
56 76
57 76
58 76
59 76
60 76
61 76
62 76
63 76
64 76
65 76
66 76
66 77
66 78
67 78
67 79
68 79
69 79
70 79
71 79
72 79
73 79
74 79
75 79
76 79
76 80
76 81
76 82
76 83
76 84
75 84
75 85
74 85
74 86
74 87
74 88
75 88
76 88
77 88
77 89
78 89
79 89
