58 79
57 79
56 79
55 79
54 79
54 78
54 77
54 76
53 76
53 75
53 74
53 73
53 72
52 72
52 71
51 71
51 70
51 69
50 69
50 68
49 68
48 68
47 68
46 68
45 68
44 68
44 67
44 66
44 65
44 64
44 63
44 62
44 61
43 61
43 60
43 59
42 59
42 58
42 57
42 56
42 55
41 55
41 54
41 53
41 52
41 51
40 51
40 50
40 49
40 48
40 47
40 46
40 45
40 44
40 43
39 43
38 43
37 43
37 42
36 42
36 41
36 40
36 39
36 38
35 38
35 37
35 36
35 35
35 34
35 33
35 32
35 31
35 30
35 29
34 29
34 28
34 27
33 27
32 27
31 27
31 26
30 26
30 25
30 24
30 23
30 22
30 21
29 21
29 20
29 19
28 19
28 18
28 17
27 17
27 16
27 15
27 14
27 13
27 12
28 12
29 12
29 11
29 10
28 10
28 9
