39 69
40 69
41 69
42 69
43 69
43 68
44 68
45 68
46 68
46 67
46 66
46 65
46 64
47 64
48 64
48 63
49 63
49 62
49 61
49 60
49 59
49 58
49 57
49 56
50 56
50 55
50 54
49 54
48 54
48 53
48 52
48 51
48 50
49 50
49 49
49 48
49 47
49 46
49 45
49 44
48 44
48 43
48 42
48 41
48 40
48 39
48 38
48 37
48 36
48 35
48 34
49 34
49 33
49 32
48 32
48 31
48 30
48 29
49 29
50 29
51 29
52 29
52 28
52 27
51 27
51 26
51 25
51 24
52 24
53 24
54 24
55 24
56 24
57 24
57 23
58 23
59 23
59 22
60 22
61 22
61 21
61 20
62 20
62 19
63 19
64 19
65 19
66 19
66 18
67 18
67 17
68 17
69 17
69 16
70 16
71 16
72 16
73 16
73 15
74 15
