50 36
50 37
50 38
51 38
52 38
52 39
52 40
51 40
50 40
49 40
48 40
47 40
46 40
46 41
45 41
45 42
44 42
44 43
43 43
42 43
42 44
42 45
41 45
40 45
39 45
39 46
38 46
37 46
36 46
35 46
35 47
34 47
33 47
32 47
31 47
30 47
29 47
28 47
27 47
26 47
25 47
24 47
24 48
23 48
23 49
23 50
23 51
23 52
23 53
23 54
23 55
22 55
22 56
22 57
22 58
21 58
20 58
20 59
20 60
19 60
19 61
19 62
19 63
19 64
19 65
19 66
19 67
19 68
18 68
17 68
17 69
16 69
16 70
16 71
16 72
16 73
15 73
14 73
13 73
12 73
12 74
12 75
12 76
11 76
10 76
10 77
10 78
10 79
10 80
10 81
9 81
8 81
8 82
8 83
8 84
8 85
7 85
7 86
7 87
7 88
7 89
7 90
6 90
5 90
4 90
4 91
