8 29
9 29
10 29
11 29
12 29
13 29
14 29
15 29
16 29
16 30
17 30
18 30
18 29
19 29
19 28
20 28
21 28
22 28
23 28
24 28
25 28
26 28
26 27
27 27
28 27
28 26
28 25
29 25
29 24
29 23
30 23
30 22
31 22
32 22
33 22
34 22
34 21
34 20
34 19
35 19
36 19
37 19
38 19
38 18
38 17
38 16
39 16
40 16
41 16
42 16
42 15
43 15
43 14
44 14
45 14
46 14
47 14
48 14
49 14
49 13
49 12
49 11
49 10
50 10
51 10
51 9
51 8
51 7
52 7
52 6
53 6
54 6
55 6
55 5
56 5
57 5
58 5
58 4
59 4
60 4
60 3
61 3
62 3
63 3
64 3
65 3
66 3
67 3
68 3
69 3
69 4
70 4
70 5
71 5
71 6
72 6
73 6
73 5
74 5
75 5
76 5
77 5
78 5
78 4
78 3
78 2
79 2
