35 94
34 94
34 95
34 96
35 96
36 96
36 95
37 95
38 95
38 94
38 93
39 93
39 92
40 92
40 91
40 90
41 90
41 89
41 88
40 88
40 87
40 86
40 85
40 84
40 83
40 82
40 81
40 80
41 80
42 80
43 80
44 80
44 79
44 78
45 78
45 77
45 76
45 75
45 74
45 73
46 73
46 72
46 71
46 70
45 70
45 69
45 68
44 68
43 68
43 67
43 66
43 65
43 64
43 63
43 62
43 61
43 60
43 59
42 59
41 59
40 59
39 59
39 58
38 58
38 57
38 56
38 55
38 54
37 54
37 53
37 52
37 51
36 51
35 51
35 50
34 50
33 50
32 50
32 49
32 48
32 47
31 47
31 46
30 46
29 46
28 46
28 45
28 44
28 43
28 42
28 41
28 40
28 39
28 38
28 37
29 37
29 36
29 35
28 35
27 35
27 34
26 34
25 34
25 33
25 32
25 31
24 31
24 30
24 29
24 28
23 28
22 28
22 27
22 26
22 25
22 24
22 23
22 22
23 22
23 21
23 20
23 19
23 18
23 17
23 16
22 16
21 16
21 15
21 14
21 13
20 13
20 12
20 11
20 10
19 10
