78 83
77 83
76 83
75 83
75 82
75 81
75 80
74 80
74 79
73 79
72 79
71 79
70 79
69 79
68 79
67 79
66 79
65 79
65 78
64 78
63 78
62 78
61 78
60 78
59 78
58 78
57 78
57 77
57 76
57 75
56 75
55 75
55 74
54 74
54 73
54 72
54 71
53 71
53 70
52 70
51 70
51 69
51 68
51 67
51 66
51 65
51 64
51 63
51 62
51 61
51 60
50 60
49 60
49 59
48 59
48 58
47 58
47 57
47 56
47 55
47 54
47 53
47 52
47 51
47 50
47 49
47 48
48 48
48 47
48 46
48 45
48 44
49 44
49 43
49 42
48 42
47 42
46 42
46 41
46 40
46 39
46 38
46 37
46 36
46 35
47 35
47 34
47 33
47 32
47 31
47 30
46 30
46 29
46 28
46 27
47 27
47 26
47 25
46 25
46 24
45 24
44 24
44 23
44 22
43 22
43 21
43 20
42 20
41 20
41 19
41 18
41 17
41 16
40 16
40 15
40 14
39 14
39 13
39 12
38 12
37 12
