94 3
94 4
94 5
94 6
94 7
94 8
93 8
93 9
93 10
93 11
92 11
92 12
92 13
92 14
92 15
92 16
91 16
91 17
91 18
90 18
90 19
89 19
88 19
88 20
88 21
87 21
86 21
86 22
85 22
85 23
85 24
85 25
84 25
83 25
82 25
82 26
82 27
81 27
80 27
80 26
79 26
78 26
77 26
76 26
75 26
74 26
74 27
73 27
73 28
72 28
72 29
72 30
71 30
70 30
69 30
68 30
68 31
67 31
66 31
65 31
64 31
63 31
62 31
62 30
61 30
60 30
59 30
58 30
57 30
56 30
55 30
54 30
53 30
52 30
52 31
52 32
52 33
52 34
51 34
51 35
50 35
49 35
48 35
47 35
47 36
47 37
47 38
46 38
45 38
