93 1
93 2
92 2
91 2
91 3
91 4
91 5
91 6
91 7
91 8
91 9
92 9
93 9
93 10
93 11
93 12
92 12
91 12
90 12
89 12
89 13
89 14
89 15
88 15
88 16
87 16
86 16
85 16
85 15
84 15
83 15
82 15
81 15
80 15
79 15
78 15
77 15
76 15
75 15
74 15
74 16
73 16
72 16
71 16
70 16
69 16
69 17
69 18
68 18
67 18
66 18
65 18
64 18
63 18
62 18
61 18
60 18
60 17
59 17
58 17
57 17
56 17
55 17
54 17
54 16
53 16
52 16
51 16
50 16
49 16
48 16
47 16
46 16
46 15
45 15
44 15
43 15
42 15
41 15
40 15
40 14
40 13
39 13
38 13
37 13
36 13
36 14
35 14
34 14
34 15
34 16
34 17
34 18
33 18
33 19
32 19
31 19
30 19
29 19
29 18
28 18
27 18
26 18
25 18
24 18
23 18
22 18
22 19
22 20
21 20
20 20
19 20
19 21
18 21
17 21
16 21
15 21
15 20
15 19
14 19
13 19
12 19
12 18
11 18
10 18
9 18
9 19
8 19
