20 83
21 83
21 82
21 81
20 81
20 80
20 79
19 79
19 78
19 77
19 76
19 75
19 74
19 73
19 72
19 71
19 70
18 70
17 70
16 70
16 69
16 68
17 68
18 68
19 68
19 67
20 67
21 67
21 68
22 68
23 68
24 68
25 68
26 68
26 67
27 67
28 67
29 67
30 67
31 67
31 68
32 68
33 68
34 68
35 68
36 68
37 68
38 68
38 67
39 67
40 67
40 66
41 66
42 66
43 66
44 66
45 66
46 66
46 67
46 68
47 68
48 68
49 68
50 68
50 69
50 70
50 71
50 72
50 73
50 74
50 75
51 75
52 75
53 75
54 75
55 75
56 75
57 75
58 75
58 76
59 76
60 76
61 76
62 76
63 76
64 76
64 75
65 75
66 75
67 75
67 74
68 74
69 74
70 74
70 75
71 75
72 75
72 74
73 74
73 73
74 73
75 73
76 73
77 73
77 72
77 71
77 70
78 70
79 70
80 70
80 69
80 68
81 68
