48 72
47 72
47 71
47 70
48 70
48 69
48 68
48 67
48 66
48 65
49 65
49 64
49 63
49 62
49 61
50 61
50 60
50 59
50 58
50 57
50 56
50 55
50 54
50 53
50 52
49 52
49 51
49 50
49 49
49 48
49 47
49 46
50 46
51 46
51 45
51 44
51 43
51 42
51 41
51 40
51 39
51 38
50 38
50 37
50 36
50 35
51 35
51 34
51 33
51 32
51 31
51 30
52 30
52 29
52 28
52 27
52 26
52 25
51 25
51 24
51 23
51 22
51 21
51 20
52 20
53 20
53 19
54 19
54 18
54 17
53 17
53 16
52 16
52 15
51 15
50 15
50 14
50 13
50 12
51 12
51 11
51 10
51 9
52 9
