2 62
2 63
2 64
2 65
2 66
3 66
4 66
5 66
6 66
6 67
7 67
8 67
9 67
10 67
10 66
11 66
12 66
13 66
13 67
13 68
14 68
15 68
16 68
17 68
18 68
19 68
19 67
20 67
21 67
21 66
22 66
22 65
23 65
24 65
24 66
25 66
26 66
27 66
27 67
27 68
28 68
29 68
30 68
31 68
31 67
32 67
33 67
33 68
33 69
33 70
34 70
35 70
35 71
35 72
36 72
37 72
37 73
38 73
39 73
40 73
41 73
42 73
43 73
44 73
44 74
45 74
46 74
47 74
48 74
49 74
50 74
50 75
51 75
52 75
52 74
53 74
54 74
54 75
55 75
56 75
57 75
58 75
59 75
60 75
61 75
62 75
63 75
64 75
65 75
66 75
66 76
67 76
67 77
67 78
68 78
69 78
69 77
70 77
71 77
72 77
73 77
74 77
74 76
75 76
76 76
77 76
78 76
