86 11
86 12
85 12
85 13
85 14
84 14
84 15
84 16
83 16
82 16
81 16
80 16
79 16
78 16
78 17
77 17
77 18
76 18
75 18
75 17
74 17
73 17
73 18
72 18
72 19
71 19
70 19
69 19
68 19
67 19
66 19
65 19
65 18
64 18
63 18
62 18
61 18
60 18
59 18
58 18
57 18
56 18
56 19
56 20
55 20
55 21
54 21
53 21
52 21
52 20
51 20
51 19
51 18
51 17
50 17
49 17
48 17
47 17
47 18
46 18
45 18
44 18
44 17
43 17
43 16
42 16
41 16
40 16
40 15
39 15
39 14
38 14
37 14
36 14
35 14
34 14
33 14
32 14
32 15
32 16
31 16
30 16
29 16
28 16
27 16
26 16
25 16
24 16
23 16
22 16
22 15
21 15
20 15
20 16
20 17
20 18
