3 96
3 95
3 94
4 94
5 94
6 94
7 94
8 94
9 94
10 94
11 94
11 95
12 95
13 95
14 95
15 95
16 95
17 95
18 95
19 95
20 95
20 96
21 96
22 96
23 96
23 95
24 95
25 95
26 95
27 95
28 95
29 95
29 94
30 94
31 94
32 94
33 94
34 94
35 94
36 94
37 94
38 94
39 94
39 93
40 93
41 93
42 93
43 93
44 93
45 93
46 93
47 93
48 93
49 93
49 94
50 94
51 94
51 95
52 95
53 95
53 96
54 96
55 96
56 96
57 96
58 96
58 95
59 95
60 95
60 94
61 94
62 94
63 94
63 93
64 93
65 93
65 94
66 94
67 94
68 94
69 94
69 93
69 92
69 91
70 91
71 91
72 91
