79 20
78 20
77 20
76 20
75 20
74 20
73 20
72 20
71 20
70 20
69 20
68 20
67 20
67 21
66 21
65 21
64 21
63 21
62 21
61 21
61 22
61 23
61 24
61 25
61 26
61 27
61 28
61 29
60 29
60 30
60 31
60 32
60 33
60 34
59 34
58 34
58 35
57 35
57 36
56 36
56 37
55 37
54 37
53 37
52 37
51 37
50 37
50 38
50 39
49 39
48 39
47 39
46 39
46 40
45 40
44 40
43 40
43 41
42 41
42 42
42 43
42 44
42 45
42 46
42 47
42 48
42 49
41 49
40 49
40 50
39 50
39 51
39 52
39 53
38 53
37 53
36 53
35 53
35 54
35 55
35 56
35 57
35 58
34 58
34 59
33 59
33 60
33 61
33 62
33 63
32 63
32 64
31 64
31 65
31 66
31 67
31 68
31 69
30 69
30 70
29 70
28 70
27 70
27 71
27 72
27 73
27 74
27 75
27 76
27 77
26 77
25 77
24 77
23 77
23 78
23 79
23 80
23 81
23 82
23 83
23 84
23 85
22 85
21 85
20 85
20 86
19 86
19 87
18 87
17 87
16 87
16 88
16 89
16 90
16 91
16 92
16 93
17 93
18 93
19 93
20 93
21 93
22 93
23 93
