98 92
97 92
96 92
96 91
96 90
96 89
95 89
94 89
94 88
93 88
92 88
91 88
91 87
91 86
90 86
89 86
88 86
87 86
86 86
86 85
85 85
85 84
84 84
84 83
84 82
84 81
84 80
84 79
84 78
84 77
84 76
84 75
83 75
82 75
81 75
80 75
80 74
80 73
79 73
78 73
78 72
78 71
78 70
77 70
77 69
77 68
77 67
77 66
77 65
77 64
77 63
77 62
77 61
77 60
78 60
78 59
78 58
78 57
78 56
78 55
78 54
78 53
78 52
78 51
79 51
79 50
79 49
79 48
79 47
79 46
79 45
79 44
80 44
81 44
82 44
83 44
83 43
83 42
83 41
83 40
83 39
83 38
83 37
84 37
84 36
84 35
85 35
86 35
86 34
86 33
86 32
86 31
86 30
86 29
87 29
88 29
89 29
89 28
89 27
89 26
89 25
89 24
89 23
89 22
89 21
89 20
90 20
91 20
91 19
91 18
91 17
91 16
92 16
92 15
93 15
93 14
93 13
93 12
93 11
93 10
93 9
94 9
94 8
95 8
96 8
97 8
98 8
