13 74
14 74
15 74
16 74
16 73
16 72
15 72
15 71
15 70
15 69
15 68
15 67
15 66
15 65
16 65
17 65
17 64
17 63
17 62
17 61
17 60
17 59
17 58
17 57
16 57
16 56
16 55
15 55
15 54
14 54
14 53
14 52
14 51
14 50
14 49
15 49
15 48
15 47
15 46
15 45
15 44
15 43
16 43
16 42
17 42
17 41
17 40
17 39
18 39
18 38
18 37
18 36
18 35
18 34
17 34
17 33
17 32
17 31
17 30
17 29
17 28
16 28
16 27
16 26
15 26
15 25
15 24
15 23
15 22
16 22
17 22
17 21
18 21
19 21
19 20
19 19
19 18
20 18
21 18
21 17
21 16
22 16
22 15
22 14
23 14
23 13
24 13
25 13
26 13
27 13
28 13
29 13
30 13
30 12
30 11
31 11
31 10
