68 46
67 46
67 45
66 45
65 45
64 45
64 46
64 47
64 48
64 49
64 50
63 50
62 50
61 50
61 51
61 52
60 52
59 52
59 53
58 53
57 53
56 53
55 53
54 53
53 53
52 53
51 53
50 53
49 53
48 53
47 53
46 53
45 53
44 53
44 54
44 55
44 56
44 57
44 58
43 58
42 58
42 57
41 57
40 57
39 57
39 58
39 59
39 60
38 60
37 60
36 60
35 60
35 61
34 61
33 61
33 62
32 62
31 62
31 63
30 63
29 63
28 63
27 63
27 64
26 64
25 64
24 64
24 65
23 65
23 66
23 67
24 67
24 68
24 69
23 69
22 69
21 69
20 69
20 70
19 70
18 70
17 70
17 69
16 69
15 69
14 69
14 68
13 68
12 68
11 68
10 68
10 69
9 69
8 69
8 70
7 70
7 71
7 72
7 73
7 74
7 75
7 76
6 76
6 77
5 77
5 78
5 79
6 79
