75 90
74 90
73 90
72 90
72 89
71 89
71 88
71 87
70 87
69 87
68 87
67 87
66 87
65 87
65 86
64 86
63 86
62 86
61 86
60 86
59 86
58 86
57 86
57 85
57 84
57 83
57 82
57 81
56 81
55 81
54 81
53 81
52 81
51 81
50 81
49 81
48 81
47 81
46 81
45 81
44 81
44 80
43 80
43 79
43 78
43 77
43 76
42 76
42 75
42 74
41 74
41 73
41 72
41 71
41 70
40 70
39 70
38 70
38 69
38 68
37 68
36 68
36 67
36 66
36 65
36 64
35 64
34 64
33 64
33 63
33 62
32 62
31 62
30 62
29 62
29 61
28 61
27 61
26 61
25 61
24 61
23 61
23 60
22 60
21 60
20 60
20 59
20 58
20 57
20 56
19 56
18 56
18 55
17 55
16 55
16 54
15 54
14 54
14 53
13 53
12 53
11 53
11 52
10 52
9 52
8 52
7 52
6 52
6 51
5 51
4 51
3 51
3 52
3 53
3 54
3 55
2 55
1 55
1 56
1 57
