45 68
45 67
45 66
45 65
45 64
45 63
46 63
46 62
46 61
46 60
46 59
45 59
44 59
44 58
43 58
42 58
42 57
42 56
41 56
40 56
40 55
40 54
40 53
39 53
38 53
38 52
38 51
38 50
38 49
38 48
38 47
38 46
38 45
37 45
36 45
36 44
36 43
36 42
36 41
36 40
36 39
36 38
36 37
36 36
37 36
38 36
39 36
39 35
39 34
38 34
38 33
37 33
37 32
37 31
37 30
37 29
37 28
38 28
38 27
38 26
38 25
37 25
37 24
36 24
35 24
35 23
35 22
35 21
34 21
34 20
34 19
33 19
32 19
32 18
32 17
32 16
32 15
32 14
31 14
31 13
30 13
30 12
30 11
30 10
