35 71
35 70
36 70
36 69
37 69
37 68
37 67
38 67
39 67
39 66
40 66
41 66
42 66
43 66
43 65
43 64
44 64
45 64
45 63
46 63
47 63
48 63
49 63
50 63
50 62
51 62
52 62
53 62
54 62
54 61
55 61
56 61
57 61
57 62
58 62
59 62
59 61
59 60
59 59
60 59
61 59
62 59
63 59
63 58
64 58
65 58
65 57
65 56
66 56
67 56
68 56
69 56
69 55
69 54
70 54
71 54
71 53
72 53
72 52
72 51
73 51
73 50
73 49
73 48
73 47
74 47
74 46
74 45
75 45
75 44
75 43
75 42
75 41
76 41
76 40
76 39
76 38
75 38
75 37
75 36
75 35
75 34
75 33
75 32
76 32
