26 30
26 31
26 32
26 33
26 34
26 35
26 36
26 37
27 37
27 38
27 39
27 40
27 41
28 41
29 41
30 41
31 41
32 41
32 42
32 43
33 43
33 44
33 45
33 46
34 46
34 47
34 48
34 49
34 50
35 50
35 51
35 52
35 53
36 53
36 54
36 55
37 55
38 55
38 56
39 56
40 56
40 57
40 58
41 58
41 59
41 60
41 61
42 61
42 62
42 63
42 64
42 65
42 66
43 66
43 67
44 67
45 67
46 67
47 67
47 68
48 68
48 69
48 70
49 70
50 70
50 71
50 72
50 73
50 74
50 75
50 76
50 77
50 78
50 79
50 80
50 81
50 82
50 83
50 84
51 84
51 85
51 86
52 86
53 86
54 86
55 86
56 86
56 87
57 87
57 88
58 88
58 89
58 90
58 91
58 92
58 93
58 94
58 95
58 96
59 96
60 96
60 97
61 97
