5 37
5 38
5 39
5 40
6 40
7 40
7 41
7 42
8 42
8 43
8 44
8 45
8 46
8 47
8 48
8 49
8 50
8 51
9 51
10 51
11 51
11 52
11 53
12 53
12 54
13 54
14 54
14 55
14 56
15 56
15 57
15 58
15 59
15 60
16 60
17 60
17 61
18 61
19 61
20 61
21 61
21 62
22 62
22 63
23 63
24 63
24 64
24 65
24 66
25 66
26 66
27 66
28 66
29 66
30 66
31 66
31 67
31 68
31 69
31 70
31 71
31 72
31 73
31 74
32 74
33 74
33 75
34 75
35 75
36 75
37 75
37 76
37 77
38 77
39 77
40 77
41 77
42 77
43 77
43 78
43 79
44 79
45 79
46 79
47 79
47 80
48 80
49 80
50 80
51 80
51 81
