21 87
22 87
23 87
24 87
25 87
26 87
26 88
27 88
28 88
29 88
30 88
30 89
31 89
31 90
32 90
32 91
33 91
34 91
34 90
35 90
36 90
37 90
38 90
39 90
39 89
40 89
41 89
42 89
43 89
44 89
45 89
46 89
47 89
48 89
49 89
50 89
51 89
52 89
53 89
54 89
55 89
55 90
55 91
56 91
57 91
57 90
58 90
58 89
58 88
59 88
60 88
61 88
62 88
62 89
63 89
63 90
64 90
65 90
66 90
66 91
67 91
68 91
69 91
70 91
71 91
71 90
72 90
73 90
74 90
75 90
75 91
76 91
76 92
76 93
76 94
77 94
78 94
78 93
79 93
79 92
80 92
81 92
81 91
81 90
81 89
82 89
82 88
82 87
83 87
84 87
