25 52
26 52
27 52
28 52
29 52
30 52
31 52
32 52
33 52
33 53
34 53
34 54
34 55
35 55
36 55
36 56
36 57
36 58
36 59
36 60
36 61
36 62
35 62
35 63
35 64
35 65
36 65
36 66
36 67
36 68
36 69
36 70
36 71
36 72
36 73
36 74
36 75
37 75
38 75
39 75
40 75
41 75
41 76
41 77
42 77
43 77
44 77
44 78
44 79
45 79
46 79
47 79
48 79
49 79
50 79
50 80
50 81
51 81
52 81
53 81
53 82
53 83
54 83
54 84
55 84
56 84
57 84
58 84
59 84
60 84
60 85
60 86
60 87
60 88
60 89
61 89
62 89
63 89
64 89
65 89
66 89
66 90
66 91
66 92
