66 95
66 94
66 93
67 93
67 92
67 91
68 91
68 90
68 89
68 88
68 87
69 87
69 86
69 85
68 85
67 85
67 84
67 83
67 82
67 81
67 80
67 79
67 78
67 77
67 76
67 75
67 74
66 74
65 74
64 74
64 73
63 73
62 73
61 73
61 72
61 71
61 70
61 69
61 68
61 67
60 67
60 66
60 65
59 65
58 65
57 65
57 64
57 63
56 63
55 63
54 63
53 63
53 62
52 62
51 62
51 61
51 60
50 60
50 59
50 58
50 57
50 56
50 55
50 54
49 54
48 54
48 53
47 53
46 53
46 52
45 52
44 52
44 51
44 50
43 50
43 49
43 48
43 47
42 47
41 47
41 46
40 46
39 46
38 46
37 46
37 45
37 44
37 43
36 43
36 42
35 42
34 42
33 42
33 41
33 40
33 39
32 39
31 39
30 39
30 38
29 38
29 37
29 36
28 36
27 36
26 36
25 36
25 35
25 34
24 34
23 34
22 34
22 33
21 33
20 33
19 33
18 33
18 32
18 31
17 31
17 30
16 30
15 30
14 30
13 30
13 29
12 29
11 29
11 30
10 30
9 30
8 30
7 30
6 30
5 30
4 30
4 29
