32 18
33 18
33 19
33 20
34 20
35 20
36 20
37 20
38 20
39 20
40 20
40 21
40 22
41 22
42 22
42 23
42 24
42 25
42 26
42 27
43 27
43 28
43 29
43 30
43 31
44 31
45 31
46 31
46 32
46 33
46 34
46 35
47 35
47 36
47 37
47 38
47 39
48 39
49 39
49 40
50 40
51 40
51 41
51 42
51 43
52 43
52 44
53 44
53 45
54 45
55 45
56 45
57 45
58 45
59 45
60 45
61 45
62 45
62 46
63 46
64 46
65 46
65 47
65 48
65 49
65 50
65 51
66 51
67 51
68 51
68 52
69 52
69 53
69 54
69 55
70 55
71 55
72 55
73 55
74 55
74 56
74 57
74 58
73 58
73 59
