6 20
7 20
8 20
8 19
9 19
9 18
10 18
11 18
12 18
12 19
13 19
13 20
13 21
13 22
13 23
13 24
14 24
14 25
14 26
15 26
15 27
16 27
17 27
18 27
19 27
19 28
19 29
19 30
19 31
19 32
19 33
19 34
19 35
19 36
19 37
19 38
19 39
19 40
20 40
20 41
20 42
20 43
21 43
21 44
21 45
21 46
21 47
22 47
23 47
23 48
23 49
23 50
24 50
25 50
26 50
26 51
26 52
26 53
27 53
27 54
27 55
27 56
27 57
28 57
29 57
30 57
31 57
32 57
32 58
32 59
32 60
32 61
31 61
30 61
30 62
30 63
31 63
31 64
31 65
31 66
32 66
33 66
34 66
34 67
34 68
33 68
33 69
33 70
33 71
32 71
31 71
31 72
31 73
31 74
31 75
32 75
32 76
32 77
32 78
32 79
32 80
32 81
32 82
32 83
33 83
33 84
34 84
34 85
34 86
33 86
