80 57
79 57
79 56
78 56
77 56
77 55
76 55
75 55
74 55
73 55
72 55
71 55
70 55
69 55
69 54
69 53
69 52
69 51
68 51
67 51
66 51
66 50
65 50
65 49
64 49
63 49
62 49
61 49
60 49
59 49
58 49
57 49
57 48
56 48
55 48
55 47
54 47
54 46
53 46
52 46
51 46
50 46
49 46
48 46
48 47
48 48
47 48
46 48
45 48
44 48
43 48
42 48
41 48
40 48
39 48
38 48
37 48
37 47
37 46
36 46
35 46
34 46
33 46
32 46
31 46
31 45
30 45
29 45
28 45
27 45
27 44
27 43
27 42
26 42
26 41
25 41
25 40
25 39
25 38
25 37
24 37
24 36
23 36
22 36
22 35
22 34
22 33
22 32
22 31
22 30
22 29
22 28
22 27
22 26
21 26
20 26
20 25
20 24
20 23
19 23
18 23
17 23
17 22
17 21
17 20
17 19
16 19
15 19
14 19
14 18
13 18
13 17
13 16
13 15
13 14
13 13
13 12
