57 2
56 2
56 3
56 4
55 4
55 5
54 5
53 5
52 5
51 5
50 5
49 5
48 5
48 6
47 6
46 6
45 6
45 7
44 7
43 7
43 8
42 8
41 8
40 8
39 8
39 7
38 7
37 7
36 7
36 6
35 6
34 6
33 6
32 6
31 6
30 6
30 7
30 8
29 8
29 9
29 10
28 10
28 11
27 11
26 11
25 11
24 11
23 11
23 12
22 12
21 12
20 12
19 12
18 12
17 12
17 13
17 14
16 14
16 15
15 15
14 15
13 15
12 15
11 15
10 15
10 16
9 16
9 17
9 18
9 19
9 20
8 20
7 20
7 21
7 22
6 22
6 23
6 24
5 24
5 25
5 26
5 27
4 27
4 28
3 28
3 29
3 30
3 31
2 31
2 32
2 33
3 33
3 34
3 35
3 36
4 36
5 36
