6 22
7 22
7 23
7 24
8 24
8 25
8 26
8 27
8 28
9 28
10 28
11 28
11 29
12 29
13 29
13 30
13 31
14 31
15 31
16 31
17 31
18 31
19 31
20 31
20 32
21 32
21 33
21 34
22 34
23 34
23 35
24 35
24 36
24 37
24 38
25 38
26 38
27 38
28 38
29 38
30 38
31 38
32 38
32 37
33 37
34 37
35 37
36 37
37 37
37 38
38 38
39 38
40 38
41 38
41 39
42 39
43 39
44 39
45 39
46 39
47 39
47 40
47 41
47 42
48 42
48 43
48 44
48 45
49 45
49 46
49 47
49 48
49 49
49 50
49 51
50 51
51 51
52 51
53 51
54 51
55 51
55 52
55 53
55 54
55 55
55 56
55 57
56 57
56 58
57 58
57 59
58 59
59 59
60 59
60 60
61 60
61 61
61 62
62 62
62 63
62 64
62 65
63 65
63 66
63 67
63 68
63 69
64 69
65 69
66 69
67 69
67 70
67 71
67 72
68 72
69 72
70 72
71 72
72 72
73 72
74 72
74 73
74 74
75 74
76 74
76 75
76 76
76 77
77 77
78 77
79 77
79 78
79 79
80 79
81 79
81 80
82 80
83 80
84 80
85 80
85 81
86 81
86 82
86 83
87 83
88 83
