52 69
52 68
52 67
53 67
54 67
55 67
56 67
56 66
57 66
57 65
57 64
57 63
57 62
57 61
57 60
57 59
57 58
58 58
58 57
58 56
58 55
58 54
58 53
59 53
59 52
59 51
59 50
58 50
58 49
58 48
58 47
58 46
58 45
57 45
57 44
57 43
57 42
56 42
56 41
56 40
56 39
56 38
56 37
57 37
57 36
57 35
57 34
57 33
57 32
57 31
57 30
57 29
57 28
56 28
55 28
55 27
54 27
53 27
53 26
53 25
53 24
53 23
53 22
53 21
53 20
52 20
52 19
52 18
52 17
51 17
51 16
51 15
51 14
51 13
52 13
52 12
53 12
53 11
54 11
55 11
55 10
55 9
55 8
56 8
56 7
56 6
55 6
