94 7
94 8
93 8
92 8
92 9
91 9
90 9
89 9
89 10
89 11
89 12
89 13
89 14
89 15
89 16
89 17
89 18
88 18
88 19
87 19
86 19
85 19
84 19
83 19
82 19
81 19
80 19
80 20
80 21
80 22
80 23
80 24
79 24
78 24
77 24
77 25
77 26
77 27
77 28
77 29
76 29
76 30
75 30
74 30
74 31
74 32
74 33
74 34
73 34
72 34
72 35
71 35
71 36
70 36
69 36
68 36
67 36
66 36
66 37
66 38
65 38
65 39
64 39
63 39
63 40
63 41
62 41
61 41
61 42
60 42
59 42
58 42
57 42
57 43
57 44
56 44
56 45
55 45
54 45
53 45
53 46
52 46
51 46
50 46
50 47
50 48
50 49
50 50
50 51
50 52
50 53
50 54
50 55
50 56
50 57
50 58
50 59
49 59
49 60
49 61
48 61
47 61
47 62
46 62
45 62
45 63
45 64
44 64
44 65
43 65
42 65
42 66
42 67
41 67
40 67
40 68
39 68
38 68
37 68
36 68
35 68
34 68
34 67
33 67
32 67
31 67
30 67
30 66
30 65
29 65
28 65
28 64
