94 24
95 24
96 24
97 24
97 25
97 26
96 26
96 27
96 28
95 28
94 28
94 29
93 29
92 29
91 29
91 30
90 30
89 30
89 31
88 31
87 31
86 31
86 32
86 33
85 33
84 33
83 33
82 33
81 33
80 33
80 34
79 34
78 34
78 35
78 36
78 37
77 37
77 38
77 39
76 39
75 39
74 39
74 40
74 41
74 42
74 43
74 44
74 45
74 46
73 46
73 47
73 48
72 48
72 49
71 49
71 50
70 50
69 50
68 50
67 50
66 50
66 51
66 52
65 52
64 52
63 52
62 52
61 52
61 53
61 54
60 54
60 55
60 56
59 56
59 57
59 58
59 59
59 60
59 61
58 61
57 61
56 61
55 61
54 61
53 61
52 61
51 61
51 62
51 63
51 64
50 64
49 64
48 64
47 64
46 64
45 64
44 64
44 65
43 65
42 65
41 65
41 66
41 67
40 67
39 67
38 67
38 68
38 69
38 70
38 71
