85 87
86 87
86 86
87 86
87 85
87 84
86 84
85 84
84 84
84 83
84 82
83 82
82 82
81 82
81 83
81 84
80 84
79 84
78 84
77 84
77 83
76 83
75 83
74 83
74 82
73 82
72 82
71 82
71 81
71 80
70 80
70 79
69 79
69 78
68 78
67 78
66 78
66 77
65 77
64 77
63 77
62 77
61 77
60 77
59 77
58 77
58 76
58 75
58 74
57 74
56 74
56 75
55 75
55 76
55 77
54 77
53 77
52 77
51 77
51 76
51 75
51 74
50 74
49 74
48 74
48 73
47 73
46 73
45 73
44 73
43 73
42 73
42 72
41 72
40 72
39 72
39 71
38 71
37 71
36 71
35 71
34 71
33 71
32 71
31 71
30 71
29 71
29 72
28 72
27 72
26 72
25 72
25 73
24 73
23 73
22 73
21 73
20 73
19 73
19 74
18 74
17 74
16 74
