38 91
38 90
37 90
37 89
37 88
37 87
37 86
37 85
37 84
37 83
37 82
37 81
38 81
38 80
39 80
40 80
41 80
42 80
42 79
42 78
43 78
43 77
43 76
43 75
43 74
43 73
43 72
44 72
44 71
44 70
44 69
44 68
44 67
43 67
43 66
42 66
41 66
41 65
41 64
41 63
41 62
41 61
40 61
40 60
40 59
40 58
41 58
41 57
41 56
41 55
41 54
40 54
40 53
39 53
39 52
39 51
39 50
39 49
39 48
40 48
40 47
40 46
40 45
41 45
41 44
41 43
41 42
41 41
41 40
41 39
40 39
40 38
39 38
38 38
38 37
38 36
37 36
36 36
36 35
36 34
35 34
35 33
34 33
34 32
34 31
34 30
34 29
34 28
34 27
34 26
34 25
34 24
34 23
33 23
32 23
31 23
30 23
29 23
