90 23
89 23
88 23
88 24
88 25
87 25
86 25
85 25
84 25
83 25
83 26
82 26
82 27
82 28
82 29
82 30
82 31
81 31
81 32
80 32
79 32
78 32
78 33
77 33
76 33
75 33
74 33
74 34
73 34
72 34
71 34
70 34
70 35
69 35
68 35
68 36
67 36
66 36
65 36
65 37
65 38
65 39
65 40
64 40
64 41
64 42
64 43
64 44
64 45
65 45
65 46
65 47
65 48
65 49
65 50
64 50
63 50
63 51
63 52
63 53
63 54
63 55
63 56
63 57
63 58
63 59
63 60
63 61
62 61
61 61
60 61
60 62
60 63
60 64
60 65
59 65
59 66
59 67
59 68
58 68
58 69
57 69
57 70
57 71
57 72
56 72
55 72
54 72
53 72
53 73
52 73
51 73
50 73
50 74
49 74
48 74
47 74
46 74
45 74
45 75
44 75
44 76
43 76
42 76
41 76
40 76
40 77
40 78
39 78
39 79
38 79
38 80
38 81
38 82
38 83
38 84
38 85
37 85
37 86
36 86
35 86
34 86
34 87
34 88
33 88
32 88
32 87
