7 91
7 90
7 89
8 89
8 88
8 87
8 86
9 86
10 86
11 86
12 86
13 86
14 86
15 86
16 86
17 86
18 86
19 86
19 85
20 85
21 85
22 85
23 85
24 85
24 84
24 83
24 82
25 82
26 82
27 82
28 82
29 82
30 82
31 82
32 82
32 81
32 80
33 80
34 80
35 80
35 79
35 78
35 77
36 77
37 77
38 77
39 77
40 77
40 76
40 75
41 75
41 74
42 74
43 74
44 74
45 74
46 74
46 73
47 73
48 73
49 73
49 72
49 71
49 70
49 69
50 69
51 69
52 69
52 68
52 67
53 67
53 66
53 65
54 65
55 65
56 65
57 65
58 65
59 65
60 65
61 65
62 65
62 66
63 66
64 66
64 65
65 65
66 65
67 65
67 64
68 64
69 64
70 64
71 64
72 64
73 64
