81 36
81 35
81 34
80 34
79 34
78 34
77 34
76 34
75 34
74 34
73 34
72 34
72 33
72 32
72 31
71 31
70 31
69 31
68 31
68 30
68 29
67 29
66 29
65 29
64 29
63 29
63 28
63 27
62 27
61 27
61 28
60 28
59 28
58 28
57 28
56 28
56 27
55 27
54 27
53 27
52 27
51 27
51 28
50 28
49 28
48 28
47 28
46 28
45 28
45 27
44 27
43 27
42 27
41 27
41 26
40 26
39 26
38 26
37 26
36 26
35 26
34 26
33 26
33 25
33 24
32 24
31 24
30 24
29 24
29 23
29 22
29 21
29 20
29 19
29 18
28 18
27 18
27 17
26 17
26 16
26 15
25 15
25 14
24 14
23 14
22 14
21 14
21 13
20 13
19 13
19 14
18 14
17 14
16 14
15 14
14 14
14 13
14 12
