68 1
68 2
68 3
68 4
68 5
68 6
69 6
69 7
69 8
69 9
69 10
69 11
69 12
69 13
69 14
70 14
71 14
71 15
71 16
71 17
71 18
71 19
72 19
73 19
73 20
73 21
74 21
74 22
74 23
73 23
73 24
73 25
73 26
73 27
72 27
72 28
72 29
72 30
72 31
72 32
72 33
71 33
71 34
70 34
69 34
69 35
69 36
68 36
68 37
67 37
67 38
67 39
67 40
67 41
67 42
67 43
67 44
66 44
66 45
66 46
66 47
66 48
66 49
66 50
65 50
65 51
65 52
64 52
63 52
62 52
62 53
62 54
62 55
62 56
61 56
60 56
59 56
59 57
59 58
59 59
59 60
59 61
59 62
59 63
59 64
59 65
58 65
57 65
57 66
56 66
55 66
54 66
53 66
52 66
51 66
50 66
50 67
50 68
50 69
49 69
49 70
49 71
48 71
48 72
47 72
46 72
46 71
46 70
45 70
45 69
45 68
44 68
43 68
42 68
42 69
42 70
41 70
