89 13
89 14
90 14
91 14
92 14
93 14
93 15
93 16
93 17
93 18
93 19
93 20
93 21
93 22
93 23
93 24
94 24
94 25
94 26
93 26
93 27
93 28
94 28
94 29
94 30
94 31
94 32
94 33
95 33
96 33
96 34
96 35
96 36
96 37
97 37
97 38
97 39
97 40
97 41
98 41
99 41
99 42
99 43
99 44
99 45
99 46
99 47
99 48
99 49
98 49
97 49
96 49
95 49
94 49
94 50
94 51
93 51
92 51
92 52
91 52
91 53
91 54
91 55
91 56
91 57
91 58
91 59
90 59
90 60
89 60
89 61
89 62
89 63
89 64
89 65
89 66
89 67
88 67
88 68
88 69
89 69
90 69
90 70
90 71
90 72
90 73
90 74
90 75
90 76
91 76
91 77
92 77
92 78
92 79
93 79
93 80
93 81
93 82
93 83
93 84
93 85
94 85
95 85
96 85
97 85
98 85
98 86
98 87
97 87
97 88
97 89
97 90
96 90
95 90
94 90
93 90
93 89
93 88
92 88
91 88
