89 82
88 82
87 82
86 82
85 82
84 82
84 81
84 80
83 80
82 80
82 79
81 79
80 79
79 79
78 79
77 79
76 79
75 79
75 78
74 78
74 77
74 76
73 76
72 76
72 75
71 75
70 75
69 75
68 75
68 74
67 74
66 74
65 74
64 74
64 73
63 73
63 72
62 72
62 71
62 70
61 70
61 69
61 68
61 67
61 66
60 66
60 65
60 64
59 64
58 64
57 64
57 63
57 62
57 61
56 61
55 61
54 61
53 61
53 60
53 59
52 59
51 59
50 59
49 59
48 59
48 58
48 57
48 56
48 55
48 54
48 53
47 53
46 53
46 52
45 52
44 52
44 51
44 50
44 49
44 48
44 47
44 46
44 45
44 44
43 44
42 44
42 43
41 43
41 42
41 41
41 40
41 39
40 39
39 39
38 39
38 38
37 38
36 38
35 38
35 39
34 39
33 39
32 39
31 39
30 39
29 39
29 38
28 38
27 38
27 37
27 36
27 35
27 34
27 33
27 32
26 32
26 31
25 31
25 30
24 30
23 30
23 31
23 32
22 32
21 32
21 33
21 34
21 35
20 35
19 35
19 36
19 37
19 38
19 39
20 39
21 39
22 39
23 39
