73 6
73 7
73 8
73 9
72 9
71 9
70 9
69 9
68 9
68 10
68 11
67 11
67 12
66 12
65 12
64 12
63 12
62 12
61 12
60 12
60 13
60 14
60 15
59 15
59 16
58 16
58 17
58 18
58 19
57 19
57 20
56 20
56 21
56 22
55 22
54 22
53 22
53 23
53 24
53 25
53 26
53 27
53 28
53 29
53 30
53 31
52 31
51 31
51 32
51 33
51 34
51 35
51 36
51 37
50 37
49 37
49 38
49 39
48 39
47 39
46 39
45 39
44 39
43 39
42 39
41 39
41 40
41 41
41 42
41 43
40 43
39 43
39 44
39 45
38 45
37 45
36 45
35 45
34 45
33 45
32 45
32 46
31 46
31 47
30 47
30 48
30 49
30 50
30 51
30 52
29 52
28 52
27 52
26 52
25 52
25 53
25 54
24 54
24 55
23 55
22 55
21 55
21 56
20 56
19 56
18 56
18 57
17 57
16 57
15 57
14 57
13 57
13 58
12 58
11 58
10 58
10 59
10 60
9 60
8 60
8 61
7 61
6 61
5 61
4 61
3 61
2 61
1 61
1 60
