86 19
85 19
85 20
85 21
84 21
83 21
82 21
82 22
82 23
81 23
80 23
79 23
78 23
77 23
76 23
75 23
75 24
74 24
74 25
73 25
72 25
71 25
71 26
71 27
71 28
71 29
71 30
71 31
71 32
71 33
71 34
70 34
70 35
70 36
70 37
69 37
68 37
68 38
67 38
66 38
65 38
64 38
63 38
62 38
61 38
61 39
60 39
59 39
58 39
58 40
57 40
57 41
57 42
57 43
57 44
57 45
56 45
56 46
55 46
54 46
54 47
53 47
52 47
52 48
52 49
52 50
52 51
52 52
52 53
51 53
51 54
51 55
51 56
50 56
49 56
48 56
48 57
48 58
47 58
46 58
45 58
44 58
43 58
42 58
42 59
41 59
40 59
39 59
39 60
39 61
39 62
39 63
38 63
37 63
36 63
35 63
34 63
33 63
32 63
31 63
30 63
30 64
30 65
30 66
30 67
29 67
29 68
28 68
28 69
28 70
28 71
28 72
28 73
28 74
27 74
26 74
25 74
24 74
23 74
23 75
23 76
23 77
22 77
21 77
20 77
19 77
19 78
18 78
17 78
16 78
15 78
14 78
13 78
12 78
11 78
10 78
