2 3
3 3
3 4
3 5
3 6
3 7
4 7
4 8
4 9
5 9
5 10
6 10
7 10
8 10
8 11
9 11
9 12
10 12
10 13
10 14
11 14
11 15
11 16
12 16
12 17
12 18
12 19
12 20
12 21
12 22
12 23
12 24
12 25
12 26
13 26
14 26
15 26
16 26
17 26
17 27
17 28
17 29
18 29
18 30
18 31
18 32
18 33
19 33
20 33
20 34
21 34
22 34
22 35
22 36
22 37
22 38
23 38
23 39
23 40
23 41
24 41
25 41
26 41
27 41
28 41
29 41
29 42
30 42
30 43
31 43
32 43
33 43
33 44
33 45
33 46
33 47
33 48
33 49
33 50
34 50
35 50
35 51
35 52
35 53
35 54
35 55
35 56
36 56
36 57
36 58
36 59
36 60
36 61
36 62
37 62
38 62
38 63
39 63
40 63
40 64
40 65
40 66
40 67
40 68
40 69
40 70
40 71
40 72
40 73
39 73
39 74
39 75
38 75
38 76
38 77
38 78
38 79
39 79
39 80
39 81
39 82
39 83
39 84
39 85
39 86
40 86
41 86
41 87
41 88
41 89
42 89
42 90
42 91
42 92
42 93
42 94
43 94
44 94
45 94
45 95
46 95
47 95
48 95
49 95
50 95
50 96
50 97
51 97
52 97
53 97
54 97
54 98
55 98
56 98
56 97
