30 8
31 8
32 8
32 9
32 10
32 11
33 11
34 11
34 12
34 13
34 14
33 14
33 15
33 16
33 17
32 17
32 18
32 19
31 19
30 19
30 20
30 21
30 22
30 23
29 23
28 23
28 24
27 24
27 25
27 26
27 27
28 27
28 28
28 29
28 30
29 30
29 31
29 32
28 32
27 32
27 33
27 34
27 35
27 36
27 37
26 37
26 38
25 38
25 39
25 40
25 41
25 42
25 43
24 43
24 44
24 45
24 46
24 47
24 48
23 48
23 49
22 49
22 50
22 51
21 51
20 51
20 52
20 53
20 54
20 55
20 56
20 57
20 58
19 58
19 59
19 60
19 61
18 61
18 62
18 63
18 64
18 65
18 66
18 67
19 67
19 68
20 68
20 69
20 70
20 71
21 71
