96 92
96 91
95 91
94 91
93 91
92 91
91 91
90 91
89 91
88 91
88 90
88 89
87 89
86 89
85 89
84 89
83 89
83 88
82 88
81 88
81 87
81 86
81 85
81 84
81 83
80 83
80 82
80 81
81 81
81 80
81 79
80 79
79 79
78 79
78 78
78 77
77 77
76 77
75 77
75 76
74 76
74 75
74 74
73 74
73 73
72 73
71 73
70 73
70 74
69 74
68 74
67 74
66 74
65 74
64 74
64 73
64 72
63 72
62 72
62 71
62 70
61 70
60 70
59 70
59 69
59 68
58 68
58 67
57 67
57 66
56 66
56 65
55 65
55 64
54 64
53 64
52 64
51 64
50 64
50 63
50 62
50 61
50 60
49 60
48 60
48 59
47 59
46 59
45 59
44 59
44 60
43 60
42 60
41 60
40 60
40 59
39 59
38 59
38 58
38 57
38 56
38 55
37 55
37 54
36 54
35 54
34 54
33 54
32 54
31 54
30 54
29 54
28 54
28 53
27 53
26 53
26 52
26 51
26 50
25 50
24 50
23 50
22 50
22 49
21 49
20 49
19 49
18 49
17 49
17 48
17 47
16 47
15 47
14 47
14 46
13 46
13 45
13 44
13 43
12 43
11 43
11 42
10 42
9 42
8 42
7 42
6 42
5 42
