43 51
43 50
43 49
43 48
43 47
44 47
45 47
46 47
46 46
47 46
47 45
47 44
47 43
47 42
47 41
47 40
47 39
47 38
46 38
45 38
45 37
45 36
46 36
47 36
47 35
47 34
47 33
47 32
47 31
47 30
47 29
48 29
49 29
50 29
51 29
52 29
53 29
53 28
54 28
55 28
56 28
57 28
58 28
58 27
59 27
59 26
59 25
59 24
59 23
60 23
60 22
61 22
62 22
63 22
64 22
64 21
64 20
64 19
64 18
65 18
66 18
67 18
68 18
69 18
69 17
69 16
70 16
71 16
72 16
73 16
74 16
74 15
75 15
76 15
77 15
78 15
79 15
80 15
81 15
82 15
83 15
84 15
85 15
86 15
86 16
87 16
88 16
88 15
89 15
89 14
89 13
89 12
90 12
91 12
92 12
93 12
94 12
94 11
95 11
96 11
97 11
98 11
98 12
