96 41
95 41
94 41
93 41
92 41
92 42
91 42
91 43
91 44
91 45
91 46
90 46
89 46
89 47
88 47
88 48
87 48
87 49
86 49
86 50
86 51
85 51
84 51
83 51
82 51
81 51
80 51
80 52
79 52
79 53
78 53
77 53
76 53
76 54
75 54
75 55
74 55
73 55
73 56
72 56
72 57
71 57
70 57
70 56
69 56
69 55
68 55
68 54
67 54
66 54
65 54
64 54
63 54
62 54
61 54
60 54
60 53
59 53
58 53
57 53
56 53
55 53
54 53
53 53
53 52
52 52
51 52
50 52
49 52
48 52
47 52
46 52
45 52
44 52
43 52
42 52
41 52
40 52
39 52
39 51
39 50
38 50
37 50
36 50
36 49
35 49
35 48
34 48
33 48
33 47
33 46
32 46
31 46
30 46
30 47
29 47
28 47
28 48
28 49
27 49
26 49
25 49
24 49
23 49
22 49
21 49
20 49
19 49
18 49
17 49
17 50
17 51
16 51
15 51
14 51
13 51
12 51
11 51
10 51
9 51
8 51
7 51
6 51
5 51
5 50
4 50
3 50
2 50
