28 42
29 42
30 42
30 41
31 41
32 41
32 42
33 42
33 43
33 44
33 45
34 45
35 45
35 46
36 46
37 46
37 47
38 47
38 48
38 49
38 50
38 51
38 52
38 53
38 54
39 54
40 54
41 54
41 55
41 56
41 57
41 58
41 59
41 60
42 60
42 61
43 61
43 62
43 63
43 64
44 64
45 64
46 64
47 64
47 65
48 65
49 65
49 66
49 67
49 68
49 69
49 70
49 71
49 72
49 73
49 74
49 75
50 75
50 76
50 77
50 78
50 79
50 80
50 81
51 81
52 81
53 81
54 81
55 81
56 81
57 81
57 82
57 83
57 84
57 85
57 86
57 87
58 87
58 88
59 88
59 89
60 89
60 90
60 91
60 92
60 93
61 93
62 93
63 93
64 93
65 93
65 94
