18 41
18 42
18 43
18 44
19 44
20 44
20 45
21 45
22 45
23 45
24 45
25 45
26 45
27 45
27 46
28 46
29 46
30 46
31 46
31 47
32 47
32 48
32 49
32 50
33 50
34 50
35 50
35 51
36 51
37 51
37 52
37 53
37 54
38 54
38 55
38 56
38 57
38 58
39 58
39 59
40 59
41 59
42 59
43 59
43 60
43 61
43 62
43 63
43 64
43 65
43 66
43 67
43 68
44 68
45 68
45 69
45 70
46 70
46 71
46 72
47 72
48 72
48 73
49 73
49 74
49 75
49 76
50 76
50 77
50 78
50 79
51 79
51 80
51 81
51 82
52 82
53 82
53 83
54 83
55 83
55 84
56 84
57 84
58 84
58 85
59 85
60 85
61 85
62 85
62 86
62 87
63 87
64 87
64 88
65 88
