81 80
80 80
79 80
78 80
77 80
77 79
76 79
75 79
74 79
73 79
72 79
71 79
70 79
69 79
68 79
67 79
66 79
65 79
65 78
64 78
63 78
62 78
61 78
60 78
59 78
58 78
57 78
56 78
55 78
54 78
53 78
52 78
51 78
50 78
49 78
49 77
48 77
47 77
46 77
46 76
46 75
45 75
45 74
44 74
43 74
43 73
43 72
43 71
43 70
43 69
43 68
43 67
43 66
43 65
43 64
42 64
42 63
42 62
41 62
41 61
41 60
41 59
41 58
41 57
41 56
40 56
40 55
40 54
40 53
40 52
39 52
39 51
39 50
39 49
39 48
38 48
38 47
38 46
38 45
38 44
38 43
37 43
37 42
37 41
36 41
36 40
36 39
35 39
34 39
34 38
34 37
34 36
34 35
33 35
33 34
32 34
31 34
31 33
31 32
31 31
31 30
31 29
31 28
31 27
31 26
31 25
31 24
30 24
29 24
28 24
28 23
28 22
27 22
26 22
26 21
25 21
24 21
24 20
23 20
22 20
21 20
20 20
20 19
20 18
20 17
21 17
21 16
21 15
21 14
22 14
22 13
22 12
23 12
