86 99
86 98
86 97
85 97
84 97
84 96
84 95
84 94
84 93
84 92
84 91
84 90
83 90
83 89
82 89
82 88
82 87
81 87
80 87
79 87
78 87
77 87
76 87
75 87
75 86
74 86
73 86
72 86
72 87
71 87
70 87
69 87
69 88
68 88
67 88
66 88
65 88
64 88
63 88
62 88
61 88
60 88
59 88
58 88
57 88
56 88
56 87
55 87
54 87
53 87
52 87
52 88
51 88
50 88
49 88
49 89
48 89
48 90
48 91
47 91
46 91
45 91
44 91
43 91
42 91
41 91
40 91
39 91
38 91
38 92
37 92
36 92
35 92
34 92
33 92
32 92
31 92
30 92
29 92
29 91
29 90
29 89
29 88
29 87
28 87
28 86
28 85
28 84
