94 51
93 51
92 51
91 51
90 51
89 51
88 51
87 51
86 51
85 51
85 50
84 50
83 50
82 50
81 50
80 50
79 50
78 50
78 51
77 51
76 51
75 51
74 51
73 51
73 50
72 50
71 50
71 51
70 51
70 52
69 52
68 52
67 52
66 52
65 52
64 52
64 53
64 54
63 54
62 54
61 54
60 54
59 54
58 54
58 55
57 55
57 56
56 56
55 56
55 57
54 57
53 57
52 57
51 57
50 57
49 57
48 57
47 57
46 57
45 57
44 57
43 57
42 57
42 58
42 59
41 59
40 59
40 60
39 60
38 60
38 61
37 61
36 61
35 61
35 62
34 62
33 62
32 62
32 63
31 63
30 63
29 63
28 63
28 64
28 65
27 65
26 65
26 64
25 64
24 64
23 64
22 64
21 64
20 64
20 63
20 62
19 62
18 62
17 62
16 62
16 63
15 63
14 63
13 63
12 63
11 63
11 62
11 61
10 61
