12 39
12 40
13 40
14 40
15 40
16 40
17 40
18 40
19 40
20 40
21 40
21 41
22 41
23 41
23 42
23 43
24 43
25 43
25 44
26 44
27 44
27 45
28 45
28 46
28 47
28 48
29 48
30 48
30 49
30 50
31 50
31 51
31 52
32 52
33 52
34 52
35 52
35 53
35 54
35 55
35 56
35 57
35 58
36 58
37 58
38 58
39 58
40 58
41 58
42 58
43 58
44 58
44 59
45 59
45 60
46 60
46 61
46 62
46 63
46 64
46 65
46 66
46 67
46 68
46 69
47 69
48 69
49 69
50 69
51 69
52 69
53 69
54 69
55 69
56 69
57 69
57 70
57 71
58 71
59 71
60 71
61 71
62 71
63 71
63 72
64 72
65 72
66 72
67 72
67 73
68 73
68 74
69 74
70 74
71 74
72 74
73 74
73 75
73 76
