43 20
42 20
41 20
41 21
40 21
39 21
38 21
38 22
37 22
37 23
37 24
36 24
35 24
34 24
33 24
33 25
33 26
33 27
33 28
33 29
33 30
32 30
31 30
31 31
31 32
30 32
30 33
30 34
29 34
28 34
28 35
28 36
27 36
26 36
26 37
26 38
26 39
26 40
26 41
26 42
25 42
24 42
24 43
23 43
23 44
23 45
22 45
22 46
22 47
22 48
22 49
21 49
21 50
21 51
21 52
21 53
21 54
21 55
21 56
21 57
22 57
22 58
22 59
21 59
21 60
21 61
21 62
21 63
22 63
22 64
22 65
22 66
22 67
22 68
22 69
23 69
23 70
23 71
23 72
23 73
23 74
22 74
21 74
20 74
19 74
18 74
17 74
16 74
16 75
16 76
15 76
14 76
13 76
13 77
13 78
12 78
12 79
12 80
13 80
