9 56
10 56
11 56
11 55
12 55
13 55
14 55
15 55
15 56
16 56
17 56
18 56
18 55
19 55
20 55
20 54
20 53
20 52
20 51
20 50
21 50
22 50
23 50
23 49
23 48
23 47
23 46
24 46
24 45
24 44
24 43
25 43
25 42
26 42
26 41
27 41
28 41
29 41
30 41
30 40
31 40
32 40
33 40
34 40
35 40
36 40
37 40
38 40
39 40
39 39
40 39
41 39
42 39
43 39
43 40
44 40
45 40
46 40
47 40
47 39
47 38
47 37
48 37
49 37
49 36
50 36
51 36
52 36
53 36
54 36
55 36
56 36
57 36
58 36
59 36
60 36
61 36
61 37
62 37
63 37
63 36
63 35
64 35
65 35
65 34
65 33
66 33
67 33
68 33
69 33
70 33
71 33
72 33
73 33
74 33
75 33
75 34
76 34
76 35
77 35
78 35
78 34
78 33
78 32
79 32
79 31
80 31
81 31
82 31
83 31
84 31
85 31
86 31
87 31
88 31
89 31
90 31
91 31
92 31
92 32
93 32
94 32
95 32
96 32
96 31
97 31
98 31
99 31
99 30
