76 12
76 13
76 14
77 14
78 14
79 14
80 14
80 15
80 16
80 17
80 18
80 19
80 20
81 20
82 20
83 20
83 21
83 22
83 23
83 24
83 25
83 26
83 27
84 27
84 28
84 29
84 30
84 31
84 32
84 33
85 33
85 34
85 35
84 35
84 36
84 37
84 38
84 39
84 40
84 41
84 42
84 43
84 44
84 45
84 46
85 46
85 47
86 47
86 48
86 49
86 50
86 51
86 52
86 53
86 54
86 55
85 55
85 56
85 57
84 57
84 58
83 58
83 59
83 60
83 61
84 61
85 61
86 61
86 62
86 63
86 64
86 65
86 66
86 67
87 67
87 68
87 69
87 70
87 71
87 72
86 72
86 73
86 74
87 74
87 75
87 76
87 77
87 78
87 79
87 80
87 81
87 82
87 83
87 84
87 85
87 86
88 86
89 86
89 87
90 87
90 88
90 89
91 89
92 89
93 89
94 89
94 90
95 90
96 90
97 90
98 90
