8 40
8 39
9 39
10 39
10 40
10 41
11 41
11 42
11 43
12 43
13 43
14 43
15 43
16 43
16 44
16 45
17 45
17 46
18 46
19 46
19 47
19 48
20 48
21 48
22 48
23 48
24 48
25 48
26 48
27 48
28 48
28 47
28 46
29 46
30 46
30 45
31 45
32 45
33 45
33 46
34 46
35 46
35 47
35 48
36 48
37 48
37 47
38 47
39 47
40 47
41 47
41 48
42 48
43 48
44 48
45 48
46 48
47 48
47 47
48 47
49 47
50 47
51 47
52 47
53 47
54 47
54 46
54 45
55 45
56 45
57 45
58 45
58 46
59 46
60 46
61 46
62 46
62 47
63 47
64 47
65 47
66 47
67 47
68 47
69 47
70 47
71 47
71 46
71 45
72 45
73 45
74 45
75 45
75 46
76 46
77 46
78 46
79 46
80 46
80 47
80 48
81 48
82 48
83 48
84 48
84 47
84 46
84 45
84 44
85 44
86 44
86 43
87 43
88 43
89 43
90 43
91 43
91 42
92 42
93 42
93 43
94 43
95 43
96 43
97 43
98 43
99 43
