68 32
67 32
66 32
66 31
65 31
64 31
64 30
63 30
62 30
61 30
61 29
60 29
59 29
59 28
58 28
57 28
56 28
55 28
54 28
53 28
52 28
51 28
51 27
51 26
51 25
51 24
50 24
49 24
48 24
47 24
46 24
46 23
46 22
45 22
44 22
43 22
42 22
42 21
41 21
40 21
39 21
38 21
37 21
36 21
35 21
34 21
34 20
33 20
33 19
33 18
33 17
32 17
31 17
31 16
30 16
29 16
28 16
27 16
26 16
25 16
24 16
24 15
23 15
22 15
21 15
20 15
19 15
18 15
18 14
17 14
16 14
16 13
16 12
16 11
16 10
16 9
16 8
15 8
15 7
14 7
13 7
13 6
12 6
11 6
11 5
10 5
9 5
9 4
9 3
