98 5
97 5
96 5
95 5
94 5
93 5
92 5
91 5
90 5
89 5
89 6
89 7
89 8
88 8
87 8
86 8
86 9
86 10
86 11
86 12
86 13
86 14
85 14
85 15
85 16
85 17
85 18
85 19
85 20
84 20
84 21
84 22
84 23
84 24
83 24
83 25
83 26
83 27
82 27
81 27
80 27
79 27
78 27
77 27
76 27
75 27
74 27
74 28
73 28
72 28
71 28
71 29
70 29
70 30
70 31
70 32
70 33
69 33
68 33
68 34
68 35
68 36
68 37
68 38
68 39
68 40
68 41
67 41
67 42
67 43
67 44
67 45
66 45
65 45
64 45
64 46
64 47
64 48
64 49
64 50
63 50
62 50
62 51
62 52
61 52
60 52
59 52
58 52
57 52
56 52
56 53
56 54
56 55
56 56
55 56
55 57
55 58
55 59
55 60
55 61
55 62
55 63
54 63
53 63
52 63
51 63
51 62
50 62
49 62
49 63
48 63
47 63
46 63
46 64
45 64
44 64
43 64
42 64
42 65
42 66
42 67
41 67
41 68
41 69
41 70
40 70
39 70
38 70
37 70
37 71
37 72
37 73
36 73
35 73
34 73
34 74
34 75
34 76
33 76
33 77
32 77
32 78
32 79
