65 86
64 86
63 86
62 86
61 86
61 85
61 84
61 83
62 83
62 82
62 81
63 81
63 80
63 79
63 78
63 77
63 76
63 75
63 74
63 73
63 72
63 71
63 70
64 70
65 70
65 69
65 68
65 67
65 66
65 65
64 65
64 64
64 63
64 62
65 62
65 61
65 60
65 59
65 58
65 57
65 56
65 55
65 54
66 54
66 53
66 52
66 51
66 50
66 49
66 48
66 47
65 47
65 46
65 45
65 44
65 43
65 42
65 41
65 40
65 39
66 39
66 38
66 37
67 37
68 37
69 37
70 37
70 36
70 35
71 35
71 34
72 34
72 33
73 33
73 32
73 31
74 31
74 30
74 29
74 28
74 27
74 26
74 25
74 24
74 23
74 22
74 21
74 20
74 19
74 18
75 18
76 18
76 17
76 16
76 15
77 15
77 14
78 14
79 14
80 14
80 13
80 12
81 12
81 11
81 10
80 10
79 10
79 9
79 8
79 7
79 6
80 6
