4 76
5 76
5 77
6 77
7 77
7 76
8 76
8 75
9 75
9 74
9 73
9 72
10 72
11 72
11 71
11 70
11 69
11 68
12 68
12 67
12 66
12 65
12 64
13 64
14 64
14 63
15 63
16 63
16 62
16 61
16 60
17 60
17 59
17 58
18 58
18 57
18 56
18 55
18 54
18 53
18 52
18 51
19 51
19 50
20 50
20 49
21 49
21 48
22 48
23 48
23 47
24 47
25 47
26 47
27 47
28 47
29 47
30 47
31 47
31 46
32 46
32 45
33 45
34 45
34 44
34 43
34 42
34 41
35 41
36 41
37 41
38 41
39 41
40 41
40 40
41 40
42 40
42 39
43 39
44 39
44 38
44 37
44 36
45 36
46 36
47 36
47 35
47 34
48 34
49 34
49 33
49 32
50 32
51 32
52 32
53 32
54 32
54 31
55 31
56 31
56 32
57 32
58 32
59 32
59 33
60 33
61 33
62 33
63 33
64 33
65 33
66 33
67 33
67 34
68 34
69 34
70 34
70 33
70 32
71 32
71 31
71 30
71 29
72 29
73 29
74 29
75 29
76 29
76 28
76 27
77 27
77 26
77 25
77 24
77 23
77 22
77 21
77 20
77 19
77 18
77 17
77 16
77 15
77 14
76 14
76 13
76 12
76 11
76 10
76 9
77 9
78 9
78 8
79 8
80 8
81 8
81 7
