97 77
96 77
95 77
94 77
94 76
94 75
93 75
93 74
92 74
92 73
92 72
91 72
91 71
91 70
90 70
89 70
89 69
89 68
89 67
89 66
89 65
88 65
88 64
87 64
87 63
87 62
87 61
87 60
87 59
88 59
88 58
88 57
88 56
88 55
89 55
90 55
90 54
90 53
89 53
88 53
88 52
88 51
87 51
86 51
86 50
86 49
86 48
86 47
86 46
86 45
85 45
85 44
84 44
83 44
82 44
82 43
81 43
81 42
81 41
81 40
80 40
80 39
80 38
80 37
80 36
80 35
80 34
80 33
80 32
80 31
80 30
80 29
79 29
79 28
79 27
79 26
79 25
78 25
77 25
77 24
76 24
76 23
76 22
75 22
74 22
73 22
72 22
71 22
70 22
69 22
68 22
68 21
68 20
68 19
68 18
68 17
68 16
68 15
68 14
68 13
68 12
68 11
68 10
68 9
67 9
66 9
66 8
66 7
66 6
66 5
66 4
66 3
65 3
64 3
63 3
63 2
