96 98
95 98
94 98
94 97
93 97
93 96
93 95
93 94
93 93
94 93
94 92
94 91
94 90
94 89
94 88
94 87
93 87
93 86
93 85
93 84
93 83
93 82
93 81
93 80
93 79
93 78
93 77
94 77
94 76
94 75
94 74
94 73
93 73
92 73
92 72
92 71
92 70
92 69
92 68
91 68
91 67
91 66
91 65
91 64
91 63
91 62
92 62
93 62
93 61
93 60
93 59
94 59
94 58
95 58
95 57
95 56
95 55
95 54
95 53
96 53
96 52
96 51
96 50
96 49
96 48
96 47
95 47
94 47
94 46
94 45
94 44
93 44
93 43
93 42
93 41
93 40
94 40
95 40
96 40
96 39
96 38
95 38
95 37
94 37
93 37
93 36
93 35
93 34
92 34
92 33
92 32
91 32
90 32
90 31
90 30
90 29
89 29
89 28
89 27
89 26
89 25
89 24
89 23
90 23
90 22
90 21
90 20
90 19
91 19
91 18
91 17
92 17
93 17
93 16
93 15
93 14
92 14
92 13
92 12
92 11
92 10
91 10
91 9
90 9
90 8
90 7
90 6
90 5
90 4
89 4
89 3
89 2
89 1
88 1
87 1
86 1
85 1
84 1
