28 91
28 92
29 92
29 93
29 94
30 94
31 94
31 93
32 93
33 93
34 93
35 93
36 93
36 94
37 94
37 95
38 95
39 95
40 95
41 95
42 95
43 95
44 95
45 95
46 95
46 94
47 94
48 94
49 94
49 93
50 93
51 93
52 93
53 93
54 93
54 92
54 91
54 90
54 89
54 88
54 87
54 86
54 85
54 84
55 84
55 83
55 82
55 81
55 80
55 79
55 78
56 78
56 77
57 77
57 76
57 75
57 74
57 73
57 72
57 71
57 70
57 69
57 68
57 67
58 67
59 67
59 66
59 65
59 64
60 64
60 63
60 62
61 62
62 62
63 62
64 62
65 62
65 61
66 61
67 61
67 60
67 59
67 58
68 58
