74 30
74 31
74 32
74 33
74 34
74 35
73 35
73 36
72 36
71 36
70 36
70 37
69 37
68 37
67 37
66 37
65 37
64 37
63 37
62 37
62 38
62 39
61 39
60 39
59 39
58 39
57 39
56 39
55 39
55 40
54 40
53 40
52 40
52 41
52 42
51 42
51 43
51 44
50 44
49 44
49 45
49 46
50 46
50 47
50 48
50 49
50 50
50 51
50 52
50 53
50 54
50 55
50 56
49 56
49 57
49 58
48 58
47 58
47 59
46 59
45 59
45 60
45 61
44 61
43 61
42 61
42 62
41 62
40 62
40 61
39 61
38 61
38 62
37 62
36 62
36 63
36 64
35 64
35 65
35 66
34 66
33 66
33 67
32 67
31 67
31 66
