58 8
57 8
56 8
56 7
55 7
54 7
54 6
54 5
54 4
53 4
53 3
53 2
52 2
51 2
50 2
49 2
49 3
48 3
48 4
47 4
47 5
46 5
45 5
44 5
43 5
42 5
41 5
40 5
40 6
40 7
40 8
40 9
39 9
38 9
37 9
36 9
36 10
36 11
36 12
36 13
36 14
36 15
35 15
34 15
33 15
33 16
33 17
33 18
32 18
32 19
31 19
30 19
29 19
28 19
28 20
28 21
28 22
28 23
28 24
28 25
28 26
28 27
28 28
28 29
28 30
28 31
28 32
28 33
28 34
28 35
28 36
27 36
27 37
27 38
26 38
25 38
25 39
24 39
23 39
23 40
23 41
23 42
23 43
24 43
24 44
24 45
24 46
24 47
24 48
24 49
25 49
25 50
25 51
24 51
24 52
24 53
