22 59
23 59
24 59
25 59
26 59
27 59
27 60
27 61
27 62
28 62
29 62
30 62
31 62
32 62
33 62
34 62
34 63
34 64
35 64
36 64
37 64
38 64
39 64
40 64
41 64
42 64
42 65
43 65
44 65
44 64
44 63
45 63
46 63
46 62
47 62
48 62
49 62
50 62
51 62
52 62
53 62
53 61
54 61
54 60
55 60
56 60
57 60
58 60
59 60
60 60
60 59
61 59
62 59
63 59
64 59
65 59
66 59
67 59
68 59
68 58
69 58
70 58
70 59
71 59
72 59
72 60
73 60
74 60
74 59
75 59
76 59
77 59
78 59
79 59
80 59
81 59
82 59
83 59
84 59
85 59
86 59
87 59
88 59
88 60
89 60
90 60
90 59
91 59
92 59
92 58
93 58
93 57
94 57
95 57
95 58
95 59
96 59
97 59
