69 1
70 1
71 1
71 2
71 3
70 3
69 3
68 3
68 4
68 5
69 5
69 6
69 7
69 8
69 9
69 10
69 11
69 12
69 13
69 14
69 15
69 16
69 17
69 18
68 18
68 19
68 20
68 21
68 22
69 22
70 22
71 22
71 23
71 24
71 25
72 25
72 26
72 27
72 28
72 29
72 30
72 31
72 32
71 32
71 33
71 34
71 35
71 36
72 36
73 36
73 37
73 38
73 39
73 40
72 40
72 41
72 42
72 43
72 44
72 45
72 46
72 47
72 48
72 49
72 50
72 51
72 52
72 53
71 53
71 54
71 55
70 55
69 55
68 55
68 56
67 56
67 57
67 58
67 59
67 60
67 61
66 61
66 62
66 63
67 63
67 64
67 65
67 66
67 67
67 68
67 69
66 69
65 69
65 70
65 71
65 72
65 73
65 74
65 75
65 76
66 76
67 76
67 77
67 78
67 79
67 80
67 81
67 82
68 82
69 82
69 83
70 83
70 84
70 85
70 86
71 86
72 86
72 87
73 87
73 88
73 89
73 90
73 91
74 91
74 92
74 93
74 94
