28 95
28 94
28 93
28 92
28 91
28 90
29 90
30 90
31 90
31 89
31 88
31 87
32 87
32 86
32 85
32 84
32 83
33 83
33 82
34 82
35 82
36 82
37 82
38 82
38 81
38 80
39 80
40 80
40 79
40 78
40 77
41 77
41 76
41 75
41 74
41 73
42 73
42 72
42 71
43 71
44 71
44 70
44 69
44 68
45 68
46 68
47 68
48 68
49 68
49 67
50 67
50 66
50 65
50 64
51 64
51 63
51 62
51 61
51 60
51 59
51 58
51 57
52 57
53 57
54 57
55 57
55 56
56 56
57 56
58 56
58 55
59 55
60 55
60 54
60 53
60 52
60 51
60 50
60 49
60 48
61 48
62 48
63 48
64 48
64 47
65 47
66 47
67 47
67 48
68 48
69 48
