33 33
33 34
33 35
34 35
34 36
35 36
35 37
35 38
35 39
36 39
37 39
37 40
37 41
38 41
38 42
38 43
39 43
40 43
40 44
40 45
40 46
40 47
40 48
40 49
40 50
40 51
40 52
40 53
40 54
40 55
40 56
40 57
40 58
40 59
40 60
39 60
38 60
38 61
38 62
38 63
37 63
37 64
37 65
37 66
37 67
37 68
36 68
35 68
34 68
33 68
33 69
33 70
33 71
33 72
32 72
32 73
32 74
31 74
30 74
29 74
28 74
27 74
27 75
27 76
27 77
27 78
27 79
27 80
26 80
26 81
26 82
26 83
26 84
26 85
26 86
27 86
27 87
27 88
26 88
26 89
25 89
25 90
25 91
25 92
26 92
