30 97
31 97
31 96
31 95
31 94
31 93
32 93
33 93
34 93
35 93
35 94
36 94
37 94
37 93
37 92
37 91
37 90
37 89
37 88
37 87
37 86
37 85
38 85
39 85
39 84
39 83
39 82
39 81
39 80
39 79
39 78
39 77
39 76
39 75
40 75
40 74
40 73
41 73
41 72
42 72
42 71
43 71
43 70
43 69
44 69
45 69
46 69
46 68
46 67
47 67
48 67
48 66
49 66
50 66
50 65
51 65
52 65
53 65
53 64
54 64
54 63
55 63
56 63
56 62
57 62
58 62
59 62
60 62
61 62
62 62
63 62
64 62
65 62
66 62
66 61
67 61
68 61
69 61
70 61
71 61
71 60
71 59
71 58
71 57
71 56
71 55
72 55
72 54
72 53
73 53
73 52
73 51
73 50
73 49
73 48
73 47
73 46
73 45
73 44
74 44
75 44
75 43
76 43
76 42
76 41
76 40
76 39
76 38
77 38
77 37
77 36
77 35
77 34
77 33
78 33
78 32
79 32
79 31
80 31
81 31
82 31
83 31
84 31
84 30
85 30
85 29
86 29
87 29
88 29
88 28
88 27
88 26
