38 69
38 68
38 67
37 67
37 66
37 65
37 64
37 63
37 62
37 61
37 60
37 59
37 58
37 57
37 56
38 56
38 55
38 54
38 53
38 52
39 52
40 52
40 51
40 50
40 49
40 48
40 47
40 46
41 46
41 45
41 44
41 43
41 42
41 41
41 40
41 39
42 39
43 39
44 39
44 38
45 38
46 38
47 38
48 38
48 39
49 39
49 40
50 40
51 40
52 40
53 40
54 40
54 39
55 39
55 38
55 37
56 37
57 37
57 36
57 35
57 34
58 34
59 34
59 33
59 32
59 31
59 30
59 29
59 28
59 27
59 26
59 25
58 25
57 25
56 25
56 24
56 23
56 22
56 21
56 20
56 19
56 18
57 18
57 17
58 17
58 16
58 15
58 14
58 13
58 12
58 11
59 11
60 11
60 10
61 10
61 9
61 8
61 7
62 7
63 7
64 7
65 7
66 7
67 7
68 7
68 6
69 6
69 5
70 5
71 5
72 5
73 5
74 5
74 4
75 4
76 4
77 4
78 4
78 5
79 5
80 5
81 5
82 5
83 5
84 5
