28 36
29 36
29 37
29 38
30 38
30 39
31 39
32 39
33 39
33 40
33 41
33 42
33 43
33 44
33 45
33 46
33 47
32 47
32 48
32 49
32 50
32 51
32 52
32 53
33 53
33 54
33 55
34 55
35 55
36 55
36 56
36 57
37 57
38 57
38 58
38 59
39 59
39 60
39 61
39 62
39 63
39 64
38 64
38 65
38 66
38 67
38 68
38 69
38 70
38 71
38 72
38 73
38 74
39 74
40 74
41 74
42 74
43 74
43 75
43 76
43 77
43 78
44 78
44 79
44 80
44 81
44 82
44 83
44 84
44 85
44 86
44 87
44 88
45 88
46 88
46 89
46 90
47 90
47 91
47 92
48 92
48 93
48 94
49 94
50 94
51 94
52 94
53 94
54 94
54 95
54 96
55 96
56 96
57 96
58 96
59 96
60 96
60 97
60 98
61 98
62 98
