65 52
65 51
66 51
66 50
66 49
67 49
68 49
69 49
70 49
71 49
71 48
71 47
70 47
69 47
69 46
68 46
68 45
67 45
66 45
66 46
66 47
65 47
64 47
63 47
62 47
61 47
60 47
60 48
59 48
58 48
57 48
56 48
56 49
56 50
56 51
56 52
56 53
56 54
56 55
56 56
56 57
56 58
56 59
56 60
56 61
57 61
57 62
57 63
57 64
57 65
56 65
55 65
54 65
54 66
54 67
54 68
53 68
53 69
53 70
52 70
51 70
51 71
51 72
51 73
52 73
52 74
52 75
52 76
52 77
52 78
52 79
52 80
51 80
50 80
49 80
49 81
49 82
49 83
49 84
49 85
49 86
49 87
50 87
51 87
51 88
