86 2
86 3
85 3
85 4
84 4
84 5
84 6
84 7
84 8
83 8
82 8
81 8
80 8
79 8
79 9
78 9
78 10
77 10
77 11
76 11
75 11
74 11
74 12
73 12
72 12
72 13
72 14
72 15
71 15
71 16
70 16
70 17
70 18
69 18
69 19
68 19
68 20
68 21
68 22
68 23
68 24
68 25
67 25
67 26
66 26
65 26
64 26
64 25
64 24
64 23
63 23
62 23
61 23
60 23
59 23
58 23
57 23
56 23
55 23
54 23
53 23
53 22
52 22
51 22
51 23
50 23
49 23
48 23
47 23
46 23
46 22
46 21
45 21
44 21
43 21
43 22
42 22
41 22
41 23
41 24
40 24
39 24
38 24
37 24
37 25
36 25
35 25
34 25
33 25
32 25
31 25
30 25
29 25
28 25
28 26
28 27
28 28
27 28
26 28
25 28
24 28
23 28
23 29
23 30
22 30
21 30
21 29
20 29
20 28
19 28
18 28
17 28
16 28
15 28
14 28
13 28
