25 24
26 24
27 24
28 24
28 25
28 26
29 26
30 26
30 25
31 25
31 24
32 24
33 24
34 24
35 24
36 24
36 25
37 25
38 25
38 24
38 23
38 22
39 22
40 22
41 22
41 21
42 21
43 21
44 21
45 21
46 21
47 21
47 22
48 22
49 22
50 22
51 22
52 22
52 23
53 23
54 23
54 24
55 24
56 24
56 23
57 23
57 22
58 22
59 22
60 22
61 22
62 22
63 22
64 22
64 23
65 23
66 23
67 23
68 23
68 24
69 24
69 25
70 25
71 25
72 25
73 25
74 25
75 25
75 26
75 27
76 27
77 27
78 27
78 26
79 26
80 26
81 26
82 26
83 26
84 26
84 25
85 25
86 25
87 25
88 25
89 25
90 25
90 24
91 24
91 23
91 22
