81 97
80 97
79 97
78 97
78 98
77 98
76 98
75 98
75 97
75 96
75 95
75 94
75 93
74 93
73 93
72 93
72 92
72 91
72 90
72 89
72 88
72 87
72 86
72 85
71 85
71 84
70 84
70 83
70 82
69 82
69 81
69 80
69 79
68 79
68 78
68 77
68 76
68 75
68 74
67 74
67 73
67 72
67 71
67 70
66 70
66 69
66 68
66 67
65 67
65 66
65 65
65 64
64 64
63 64
63 63
63 62
62 62
61 62
61 61
61 60
61 59
61 58
61 57
60 57
60 56
59 56
58 56
58 55
58 54
58 53
58 52
58 51
58 50
58 49
58 48
58 47
58 46
58 45
58 44
58 43
58 42
57 42
57 41
57 40
56 40
56 39
56 38
55 38
55 37
54 37
54 36
54 35
54 34
54 33
54 32
53 32
53 31
53 30
53 29
53 28
52 28
52 27
52 26
52 25
52 24
51 24
51 23
51 22
50 22
49 22
48 22
48 21
48 20
48 19
48 18
48 17
48 16
48 15
48 14
49 14
49 13
49 12
50 12
50 11
50 10
50 9
50 8
50 7
50 6
50 5
50 4
51 4
