74 17
73 17
73 16
73 15
73 14
72 14
71 14
71 13
71 12
70 12
69 12
69 13
68 13
68 14
67 14
66 14
65 14
64 14
64 13
64 12
64 11
64 10
65 10
65 9
65 8
64 8
63 8
62 8
61 8
60 8
60 9
59 9
58 9
57 9
56 9
55 9
54 9
53 9
52 9
51 9
50 9
49 9
49 8
48 8
47 8
46 8
45 8
44 8
43 8
42 8
42 7
41 7
40 7
40 6
39 6
38 6
38 5
37 5
36 5
36 6
35 6
35 7
35 8
34 8
33 8
33 9
32 9
31 9
30 9
29 9
29 10
28 10
27 10
26 10
25 10
24 10
23 10
22 10
21 10
20 10
19 10
18 10
17 10
16 10
15 10
14 10
13 10
12 10
11 10
11 9
10 9
10 8
10 7
10 6
10 5
9 5
8 5
7 5
7 4
6 4
5 4
5 5
5 6
4 6
3 6
3 7
2 7
