81 17
80 17
79 17
78 17
78 16
77 16
76 16
75 16
74 16
73 16
72 16
72 17
71 17
71 18
71 19
71 20
71 21
71 22
70 22
70 23
69 23
68 23
68 24
68 25
67 25
66 25
65 25
65 26
65 27
64 27
63 27
62 27
61 27
61 28
60 28
60 29
60 30
59 30
58 30
57 30
56 30
55 30
54 30
53 30
52 30
51 30
51 31
51 32
51 33
51 34
51 35
50 35
50 36
49 36
48 36
47 36
46 36
45 36
44 36
43 36
43 37
43 38
42 38
41 38
41 39
40 39
39 39
38 39
38 40
37 40
36 40
35 40
34 40
34 41
33 41
32 41
31 41
31 42
30 42
29 42
29 43
28 43
27 43
27 44
27 45
27 46
27 47
27 48
27 49
26 49
26 50
26 51
25 51
25 52
24 52
23 52
23 53
22 53
21 53
21 54
20 54
19 54
18 54
18 55
18 56
18 57
18 58
18 59
18 60
18 61
17 61
16 61
16 62
16 63
16 64
16 65
16 66
16 67
16 68
15 68
15 69
15 70
15 71
15 72
15 73
15 74
14 74
14 75
14 76
13 76
13 77
13 78
13 79
12 79
12 80
12 81
