96 44
97 44
97 45
97 46
98 46
98 47
98 48
98 49
98 50
98 51
98 52
98 53
98 54
99 54
99 55
99 56
99 57
98 57
98 58
98 59
98 60
97 60
97 61
96 61
95 61
95 62
94 62
93 62
93 63
92 63
91 63
90 63
89 63
89 62
88 62
88 61
87 61
86 61
86 60
86 59
86 58
86 57
86 56
86 55
85 55
84 55
83 55
83 54
83 53
82 53
82 52
81 52
80 52
79 52
78 52
78 51
77 51
76 51
75 51
75 50
75 49
75 48
74 48
74 47
74 46
74 45
74 44
74 43
74 42
74 41
73 41
73 40
73 39
73 38
72 38
72 37
71 37
71 36
70 36
70 35
69 35
68 35
68 34
68 33
68 32
68 31
67 31
67 30
67 29
67 28
67 27
67 26
68 26
68 25
68 24
68 23
67 23
66 23
66 22
66 21
65 21
65 20
64 20
64 19
64 18
64 17
64 16
64 15
64 14
64 13
63 13
63 12
62 12
61 12
60 12
59 12
58 12
57 12
56 12
56 11
55 11
55 10
54 10
53 10
53 9
53 8
53 7
53 6
53 5
