6 70
7 70
8 70
8 69
9 69
10 69
10 68
11 68
12 68
12 67
13 67
14 67
14 66
15 66
16 66
17 66
17 67
18 67
19 67
20 67
21 67
21 66
22 66
23 66
24 66
25 66
26 66
26 65
27 65
28 65
28 64
29 64
30 64
31 64
32 64
33 64
34 64
35 64
35 65
36 65
37 65
38 65
39 65
39 66
40 66
40 67
41 67
42 67
42 66
43 66
44 66
45 66
46 66
47 66
48 66
48 65
49 65
50 65
51 65
52 65
53 65
53 66
54 66
55 66
55 67
56 67
57 67
58 67
59 67
60 67
60 66
61 66
61 65
61 64
61 63
61 62
61 61
61 60
62 60
62 59
62 58
63 58
64 58
65 58
66 58
67 58
68 58
68 57
69 57
70 57
71 57
72 57
73 57
74 57
74 56
74 55
75 55
76 55
77 55
78 55
79 55
80 55
80 54
80 53
81 53
82 53
82 52
