26 5
26 6
25 6
24 6
23 6
23 7
23 8
23 9
23 10
23 11
23 12
24 12
24 13
25 13
25 14
25 15
24 15
24 16
24 17
23 17
23 18
23 19
23 20
23 21
23 22
23 23
23 24
23 25
23 26
23 27
23 28
23 29
24 29
24 30
25 30
26 30
26 31
26 32
26 33
26 34
27 34
28 34
28 35
28 36
28 37
28 38
28 39
29 39
29 40
29 41
29 42
29 43
29 44
29 45
30 45
31 45
32 45
32 46
32 47
33 47
34 47
34 48
34 49
35 49
36 49
37 49
38 49
38 50
38 51
38 52
38 53
38 54
38 55
39 55
40 55
40 56
41 56
42 56
43 56
43 57
43 58
44 58
45 58
46 58
46 59
47 59
48 59
49 59
50 59
51 59
52 59
53 59
54 59
55 59
56 59
57 59
58 59
59 59
59 60
60 60
60 61
60 62
61 62
62 62
63 62
64 62
65 62
66 62
67 62
68 62
68 63
69 63
69 64
70 64
70 65
70 66
71 66
71 67
72 67
73 67
74 67
74 68
74 69
74 70
75 70
76 70
77 70
77 71
77 72
78 72
79 72
80 72
81 72
82 72
83 72
83 73
84 73
85 73
86 73
86 74
86 75
85 75
