62 55
63 55
64 55
65 55
65 56
65 57
64 57
63 57
63 58
63 59
63 60
63 61
63 62
63 63
63 64
63 65
64 65
64 66
65 66
65 67
65 68
65 69
65 70
65 71
65 72
65 73
65 74
65 75
65 76
64 76
64 77
64 78
64 79
64 80
64 81
63 81
62 81
61 81
60 81
59 81
58 81
57 81
56 81
55 81
54 81
53 81
52 81
51 81
50 81
49 81
48 81
47 81
46 81
46 82
45 82
44 82
44 81
43 81
42 81
41 81
41 82
40 82
39 82
38 82
37 82
37 83
36 83
35 83
34 83
33 83
32 83
31 83
31 84
31 85
31 86
30 86
30 87
30 88
29 88
29 89
29 90
28 90
28 91
28 92
28 93
27 93
