7 96
8 96
9 96
9 95
9 94
10 94
11 94
12 94
13 94
14 94
14 93
14 92
14 91
15 91
15 90
15 89
15 88
15 87
16 87
16 86
17 86
17 85
17 84
17 83
17 82
18 82
19 82
20 82
21 82
21 81
22 81
23 81
24 81
25 81
25 80
25 79
26 79
27 79
27 78
27 77
27 76
28 76
29 76
29 75
29 74
29 73
29 72
29 71
29 70
29 69
30 69
31 69
32 69
32 68
33 68
33 67
33 66
33 65
33 64
33 63
34 63
35 63
36 63
37 63
38 63
39 63
40 63
41 63
42 63
43 63
43 64
44 64
45 64
45 63
45 62
45 61
46 61
47 61
47 60
48 60
49 60
50 60
51 60
51 59
51 58
52 58
53 58
54 58
55 58
56 58
57 58
57 57
58 57
59 57
60 57
61 57
62 57
63 57
64 57
65 57
66 57
67 57
68 57
69 57
69 56
70 56
71 56
72 56
72 55
73 55
74 55
75 55
