94 64
93 64
93 63
92 63
91 63
90 63
89 63
88 63
88 64
87 64
87 65
86 65
85 65
84 65
83 65
82 65
81 65
80 65
79 65
78 65
78 66
78 67
77 67
76 67
75 67
75 68
74 68
73 68
72 68
71 68
70 68
69 68
68 68
67 68
66 68
65 68
64 68
63 68
62 68
62 69
62 70
61 70
60 70
59 70
58 70
58 69
57 69
56 69
56 70
55 70
55 71
55 72
54 72
54 73
53 73
52 73
51 73
51 74
50 74
49 74
48 74
48 75
48 76
48 77
48 78
47 78
46 78
45 78
44 78
44 79
43 79
42 79
41 79
40 79
40 80
39 80
39 81
39 82
39 83
38 83
37 83
36 83
36 82
36 81
35 81
34 81
33 81
33 80
33 79
34 79
34 78
35 78
36 78
36 77
36 76
