33 5
33 6
33 7
33 8
33 9
33 10
33 11
34 11
35 11
36 11
37 11
38 11
38 12
38 13
38 14
39 14
40 14
41 14
41 15
42 15
42 16
43 16
43 17
44 17
45 17
45 18
45 19
45 20
45 21
45 22
45 23
46 23
47 23
47 24
47 25
47 26
47 27
47 28
47 29
48 29
48 30
48 31
48 32
48 33
49 33
50 33
51 33
52 33
53 33
54 33
54 34
54 35
54 36
54 37
54 38
54 39
54 40
54 41
54 42
55 42
56 42
56 43
57 43
57 44
58 44
58 45
59 45
59 46
59 47
59 48
59 49
59 50
59 51
59 52
60 52
61 52
61 53
62 53
62 54
62 55
63 55
63 56
63 57
63 58
62 58
62 59
62 60
62 61
62 62
62 63
63 63
64 63
65 63
66 63
66 64
67 64
67 65
68 65
68 66
68 67
68 68
68 69
69 69
70 69
70 70
71 70
