53 30
53 31
53 32
54 32
55 32
56 32
57 32
58 32
58 33
58 34
58 35
58 36
58 37
58 38
57 38
57 39
57 40
56 40
56 41
56 42
56 43
56 44
56 45
55 45
55 46
55 47
54 47
53 47
52 47
51 47
50 47
49 47
48 47
48 48
48 49
48 50
48 51
48 52
48 53
48 54
48 55
47 55
46 55
46 54
45 54
44 54
43 54
42 54
42 55
41 55
40 55
39 55
38 55
37 55
37 56
36 56
36 57
35 57
34 57
33 57
32 57
32 58
31 58
31 59
31 60
31 61
31 62
31 63
31 64
31 65
31 66
30 66
29 66
28 66
27 66
27 67
27 68
27 69
26 69
25 69
24 69
23 69
22 69
21 69
20 69
20 70
20 71
