32 5
33 5
33 6
33 7
34 7
34 8
34 9
34 10
35 10
36 10
37 10
38 10
39 10
40 10
41 10
42 10
42 11
42 12
42 13
41 13
41 14
41 15
41 16
41 17
42 17
42 18
42 19
43 19
43 20
43 21
43 22
44 22
44 23
44 24
44 25
44 26
44 27
44 28
44 29
44 30
44 31
44 32
44 33
45 33
46 33
47 33
47 34
48 34
49 34
50 34
50 35
50 36
50 37
50 38
50 39
50 40
51 40
51 41
51 42
52 42
53 42
54 42
55 42
56 42
57 42
58 42
58 43
59 43
60 43
61 43
61 44
61 45
62 45
62 46
62 47
63 47
63 48
63 49
63 50
64 50
64 51
64 52
64 53
64 54
64 55
64 56
65 56
66 56
67 56
67 57
68 57
69 57
70 57
71 57
72 57
73 57
74 57
75 57
76 57
77 57
77 58
78 58
78 59
78 60
79 60
79 61
79 62
79 63
79 64
79 65
79 66
79 67
80 67
81 67
81 68
81 69
81 70
82 70
82 71
82 72
82 73
82 74
82 75
83 75
83 76
83 77
84 77
85 77
85 78
86 78
87 78
88 78
89 78
89 79
89 80
90 80
91 80
92 80
92 81
92 82
92 83
92 84
93 84
94 84
94 85
95 85
95 86
95 87
95 88
95 89
95 90
96 90
96 91
96 92
97 92
97 93
97 94
98 94
