35 22
34 22
34 23
33 23
32 23
31 23
31 24
30 24
29 24
28 24
28 25
28 26
28 27
28 28
28 29
28 30
28 31
28 32
29 32
30 32
31 32
31 33
31 34
32 34
33 34
34 34
34 35
34 36
34 37
35 37
36 37
37 37
38 37
39 37
40 37
41 37
42 37
42 38
43 38
44 38
45 38
46 38
47 38
48 38
49 38
50 38
51 38
51 39
52 39
53 39
54 39
55 39
55 40
55 41
56 41
56 42
56 43
56 44
57 44
57 45
57 46
57 47
58 47
59 47
60 47
60 48
61 48
61 49
61 50
62 50
62 51
62 52
63 52
64 52
64 53
65 53
66 53
67 53
68 53
69 53
69 54
69 55
69 56
70 56
71 56
72 56
73 56
74 56
75 56
76 56
77 56
78 56
78 55
79 55
79 54
80 54
81 54
81 55
81 56
81 57
81 58
81 59
81 60
82 60
82 61
82 62
82 63
83 63
83 64
83 65
84 65
84 66
84 67
84 68
84 69
84 70
85 70
85 71
85 72
85 73
85 74
85 75
84 75
84 76
84 77
85 77
85 78
85 79
85 80
86 80
87 80
87 81
88 81
88 82
