25 25
25 26
25 27
25 28
25 29
26 29
26 30
26 31
25 31
25 32
25 33
24 33
24 34
24 35
24 36
24 37
24 38
24 39
24 40
25 40
26 40
27 40
28 40
28 41
28 42
28 43
28 44
28 45
28 46
28 47
28 48
28 49
28 50
28 51
28 52
27 52
27 53
26 53
25 53
25 54
24 54
24 55
23 55
23 56
23 57
22 57
22 58
22 59
22 60
22 61
22 62
22 63
21 63
20 63
20 64
20 65
20 66
19 66
19 67
19 68
19 69
19 70
19 71
19 72
19 73
19 74
19 75
19 76
19 77
20 77
21 77
22 77
22 78
22 79
23 79
24 79
25 79
25 80
25 81
25 82
25 83
25 84
25 85
25 86
25 87
25 88
25 89
25 90
25 91
25 92
26 92
27 92
