9 48
9 47
10 47
10 46
10 45
11 45
12 45
12 44
12 43
13 43
14 43
15 43
16 43
16 42
16 41
16 40
16 39
17 39
18 39
19 39
19 40
20 40
21 40
22 40
23 40
24 40
25 40
26 40
26 41
27 41
28 41
29 41
30 41
30 40
31 40
32 40
33 40
33 39
33 38
34 38
35 38
36 38
37 38
38 38
38 39
39 39
40 39
40 38
41 38
42 38
43 38
44 38
45 38
45 37
45 36
46 36
47 36
48 36
48 35
48 34
49 34
50 34
51 34
51 35
52 35
53 35
53 34
53 33
54 33
55 33
55 32
56 32
57 32
58 32
59 32
60 32
60 33
61 33
62 33
63 33
64 33
64 32
64 31
64 30
64 29
65 29
66 29
67 29
68 29
69 29
70 29
71 29
72 29
73 29
74 29
75 29
76 29
77 29
78 29
78 30
79 30
79 31
79 32
80 32
81 32
81 33
82 33
83 33
83 34
83 35
84 35
85 35
86 35
86 34
87 34
87 33
87 32
