4 48
4 47
4 46
5 46
6 46
7 46
8 46
8 45
9 45
10 45
11 45
12 45
13 45
14 45
15 45
15 44
15 43
16 43
17 43
17 42
17 41
18 41
19 41
20 41
20 40
21 40
22 40
22 39
22 38
23 38
24 38
25 38
25 37
25 36
26 36
26 35
27 35
28 35
28 34
29 34
30 34
31 34
31 33
32 33
33 33
34 33
35 33
36 33
36 32
37 32
38 32
38 31
39 31
40 31
41 31
42 31
42 30
42 29
43 29
43 28
43 27
44 27
44 26
44 25
44 24
45 24
46 24
46 25
46 26
46 27
47 27
48 27
49 27
49 28
49 29
49 30
50 30
50 31
51 31
52 31
53 31
53 32
54 32
55 32
55 31
56 31
57 31
58 31
