14 25
14 26
14 27
14 28
14 29
15 29
16 29
16 28
16 27
17 27
18 27
19 27
20 27
21 27
22 27
23 27
23 28
24 28
24 29
24 30
24 31
25 31
26 31
27 31
28 31
28 32
29 32
29 33
30 33
31 33
32 33
33 33
34 33
35 33
36 33
37 33
38 33
39 33
40 33
40 32
41 32
42 32
42 31
42 30
42 29
43 29
44 29
45 29
46 29
46 28
47 28
48 28
49 28
50 28
50 27
51 27
51 26
52 26
53 26
54 26
54 25
55 25
56 25
57 25
58 25
59 25
59 24
59 23
60 23
60 22
61 22
62 22
63 22
63 21
64 21
65 21
65 20
66 20
66 19
66 18
67 18
68 18
68 17
68 16
69 16
70 16
70 15
70 14
70 13
70 12
71 12
71 11
71 10
72 10
73 10
74 10
74 9
74 8
74 7
74 6
75 6
76 6
77 6
78 6
79 6
80 6
80 5
80 4
81 4
82 4
83 4
84 4
85 4
86 4
87 4
88 4
89 4
89 3
89 2
90 2
90 1
91 1
92 1
93 1
94 1
95 1
95 0
