9 16
9 17
9 18
9 19
9 20
9 21
9 22
10 22
11 22
12 22
13 22
14 22
14 23
15 23
16 23
17 23
17 24
17 25
18 25
19 25
20 25
21 25
22 25
23 25
24 25
24 26
25 26
26 26
27 26
28 26
29 26
30 26
30 27
31 27
32 27
33 27
34 27
35 27
36 27
37 27
37 28
37 29
38 29
38 30
39 30
40 30
40 31
40 32
41 32
41 33
42 33
43 33
44 33
45 33
45 34
46 34
46 35
47 35
48 35
48 36
48 37
48 38
48 39
49 39
49 40
49 41
50 41
51 41
52 41
53 41
54 41
55 41
55 42
56 42
57 42
58 42
59 42
60 42
61 42
62 42
63 42
63 41
64 41
65 41
66 41
66 42
67 42
68 42
68 43
68 44
68 45
68 46
68 47
