19 98
19 97
18 97
17 97
16 97
15 97
15 96
15 95
15 94
15 93
15 92
15 91
15 90
15 89
15 88
15 87
15 86
16 86
17 86
17 85
17 84
17 83
16 83
15 83
15 82
14 82
13 82
13 81
13 80
13 79
13 78
13 77
13 76
14 76
14 75
14 74
14 73
14 72
14 71
15 71
15 70
15 69
15 68
15 67
16 67
16 66
17 66
17 65
17 64
17 63
17 62
18 62
18 61
18 60
18 59
18 58
18 57
18 56
18 55
19 55
20 55
20 54
20 53
20 52
20 51
20 50
19 50
19 49
19 48
19 47
18 47
17 47
16 47
16 46
15 46
14 46
13 46
13 45
13 44
13 43
13 42
13 41
12 41
12 40
12 39
12 38
12 37
12 36
12 35
11 35
11 34
11 33
10 33
9 33
8 33
7 33
6 33
5 33
5 34
5 35
5 36
5 37
6 37
