99 14
99 15
98 15
98 16
97 16
97 17
96 17
95 17
94 17
94 16
94 15
94 14
93 14
92 14
92 13
92 12
91 12
90 12
89 12
88 12
87 12
87 13
86 13
85 13
85 14
85 15
85 16
84 16
83 16
82 16
81 16
81 17
81 18
81 19
81 20
81 21
80 21
79 21
79 22
79 23
78 23
77 23
77 24
76 24
76 25
76 26
76 27
76 28
76 29
76 30
76 31
75 31
75 32
75 33
74 33
73 33
72 33
71 33
70 33
69 33
68 33
68 34
68 35
67 35
66 35
66 36
65 36
65 37
65 38
65 39
65 40
64 40
64 41
63 41
62 41
61 41
60 41
60 42
60 43
59 43
58 43
57 43
56 43
55 43
54 43
54 44
53 44
53 45
52 45
51 45
51 46
51 47
50 47
49 47
48 47
48 48
47 48
46 48
45 48
44 48
43 48
43 49
42 49
41 49
40 49
39 49
39 50
39 51
39 52
38 52
37 52
37 53
37 54
37 55
37 56
36 56
36 57
36 58
35 58
35 59
34 59
34 60
34 61
34 62
33 62
33 63
32 63
32 64
32 65
32 66
32 67
32 68
31 68
30 68
30 69
30 70
