6 70
5 70
5 69
5 68
5 67
6 67
7 67
7 66
7 65
8 65
8 64
8 63
9 63
9 62
10 62
10 61
10 60
10 59
11 59
12 59
13 59
14 59
15 59
15 58
16 58
17 58
18 58
19 58
19 57
19 56
19 55
19 54
20 54
21 54
22 54
22 53
23 53
24 53
25 53
25 52
26 52
26 51
26 50
26 49
26 48
27 48
28 48
28 47
28 46
29 46
30 46
31 46
32 46
32 45
32 44
33 44
34 44
35 44
36 44
36 43
37 43
38 43
39 43
40 43
41 43
41 42
42 42
43 42
44 42
45 42
46 42
47 42
48 42
48 41
48 40
49 40
50 40
51 40
52 40
53 40
54 40
55 40
56 40
57 40
58 40
59 40
59 41
60 41
61 41
61 40
62 40
63 40
64 40
65 40
65 41
66 41
67 41
68 41
69 41
70 41
70 40
71 40
72 40
73 40
73 39
73 38
74 38
75 38
76 38
77 38
78 38
78 37
78 36
78 35
79 35
80 35
81 35
82 35
83 35
84 35
85 35
86 35
87 35
88 35
89 35
90 35
90 34
91 34
92 34
92 33
92 32
93 32
94 32
95 32
96 32
96 31
97 31
