96 44
95 44
94 44
93 44
93 45
93 46
92 46
92 47
91 47
90 47
89 47
88 47
87 47
86 47
85 47
84 47
83 47
82 47
82 48
82 49
82 50
82 51
81 51
80 51
80 52
80 53
80 54
80 55
79 55
78 55
77 55
77 56
76 56
75 56
75 57
75 58
74 58
74 59
73 59
72 59
71 59
70 59
69 59
68 59
68 60
67 60
66 60
65 60
64 60
64 61
64 62
64 63
64 64
63 64
63 65
63 66
63 67
63 68
62 68
61 68
61 69
61 70
61 71
60 71
60 72
60 73
59 73
58 73
58 74
58 75
57 75
56 75
56 76
55 76
55 77
55 78
55 79
55 80
55 81
55 82
54 82
53 82
52 82
52 83
52 84
52 85
