44 10
44 11
44 12
44 13
45 13
45 14
45 15
46 15
46 16
46 17
46 18
46 19
46 20
46 21
46 22
47 22
48 22
48 23
48 24
48 25
49 25
49 26
49 27
49 28
49 29
49 30
49 31
48 31
48 32
48 33
48 34
48 35
48 36
48 37
49 37
49 38
49 39
48 39
48 40
47 40
46 40
45 40
45 41
45 42
45 43
45 44
45 45
46 45
46 46
46 47
46 48
46 49
46 50
45 50
45 51
44 51
44 52
43 52
43 53
43 54
43 55
43 56
43 57
43 58
42 58
42 59
42 60
41 60
40 60
40 61
40 62
40 63
41 63
42 63
43 63
43 64
43 65
43 66
44 66
45 66
46 66
46 67
47 67
47 68
47 69
48 69
48 70
48 71
47 71
46 71
46 72
46 73
46 74
46 75
45 75
45 76
45 77
45 78
45 79
44 79
44 80
44 81
44 82
44 83
43 83
43 84
43 85
43 86
43 87
44 87
45 87
45 88
45 89
44 89
