75 99
75 98
75 97
75 96
74 96
73 96
72 96
72 95
72 94
71 94
70 94
69 94
68 94
68 93
67 93
66 93
66 92
66 91
66 90
65 90
64 90
63 90
62 90
61 90
61 89
60 89
59 89
58 89
57 89
57 88
57 87
57 86
57 85
57 84
57 83
57 82
56 82
55 82
55 81
55 80
56 80
56 79
56 78
55 78
54 78
54 77
53 77
52 77
51 77
51 76
51 75
50 75
49 75
49 74
48 74
47 74
47 73
47 72
47 71
46 71
45 71
44 71
43 71
42 71
41 71
40 71
39 71
38 71
37 71
36 71
35 71
34 71
33 71
32 71
31 71
30 71
29 71
29 72
29 73
29 74
29 75
29 76
28 76
27 76
27 75
26 75
26 74
