39 40
39 41
38 41
38 42
38 43
38 44
38 45
38 46
38 47
39 47
39 48
40 48
41 48
42 48
42 49
42 50
42 51
42 52
42 53
43 53
43 54
44 54
44 55
44 56
45 56
46 56
46 57
46 58
47 58
48 58
49 58
50 58
50 59
50 60
50 61
51 61
52 61
53 61
54 61
54 62
54 63
55 63
56 63
57 63
58 63
59 63
60 63
60 64
60 65
60 66
61 66
62 66
63 66
63 67
64 67
65 67
66 67
67 67
68 67
68 68
69 68
69 69
70 69
71 69
72 69
73 69
74 69
75 69
76 69
77 69
78 69
79 69
80 69
81 69
82 69
82 70
83 70
83 71
83 72
84 72
85 72
85 71
86 71
86 70
87 70
87 69
87 68
88 68
89 68
90 68
90 67
90 66
