40 25
41 25
42 25
43 25
43 26
43 27
43 28
43 29
43 30
43 31
43 32
44 32
44 33
44 34
44 35
44 36
44 37
44 38
44 39
45 39
46 39
47 39
48 39
48 40
48 41
48 42
48 43
48 44
48 45
48 46
48 47
48 48
49 48
50 48
50 49
51 49
52 49
52 50
53 50
54 50
54 51
54 52
54 53
54 54
54 55
54 56
54 57
55 57
55 58
55 59
55 60
55 61
55 62
56 62
56 63
56 64
57 64
58 64
58 65
58 66
58 67
58 68
58 69
58 70
59 70
60 70
60 71
61 71
61 72
61 73
62 73
63 73
63 74
63 75
63 76
64 76
65 76
66 76
67 76
68 76
68 77
68 78
69 78
69 79
69 80
69 81
70 81
70 82
70 83
70 84
71 84
72 84
72 85
73 85
74 85
75 85
75 86
75 87
75 88
76 88
77 88
78 88
78 89
78 90
78 91
79 91
79 92
80 92
81 92
82 92
83 92
83 91
83 90
84 90
85 90
85 91
86 91
87 91
