52 15
52 16
52 17
52 18
52 19
52 20
52 21
52 22
52 23
52 24
52 25
52 26
52 27
53 27
53 28
53 29
52 29
52 30
52 31
52 32
52 33
51 33
51 34
51 35
51 36
51 37
51 38
52 38
52 39
52 40
52 41
52 42
52 43
52 44
53 44
53 45
53 46
54 46
54 47
54 48
55 48
56 48
56 49
56 50
56 51
56 52
56 53
56 54
56 55
56 56
55 56
55 57
55 58
54 58
53 58
52 58
52 59
52 60
52 61
52 62
52 63
53 63
53 64
54 64
54 65
54 66
54 67
54 68
54 69
54 70
54 71
54 72
53 72
53 73
53 74
53 75
52 75
52 76
52 77
52 78
53 78
53 79
53 80
53 81
54 81
54 82
54 83
53 83
52 83
52 84
52 85
52 86
52 87
51 87
50 87
50 88
50 89
50 90
50 91
50 92
50 93
50 94
