78 88
77 88
76 88
75 88
74 88
73 88
72 88
71 88
70 88
69 88
68 88
67 88
67 89
66 89
65 89
64 89
63 89
62 89
61 89
60 89
60 90
59 90
58 90
58 89
57 89
56 89
55 89
54 89
53 89
52 89
51 89
50 89
49 89
48 89
48 90
48 91
47 91
46 91
46 90
45 90
45 89
44 89
43 89
42 89
41 89
40 89
40 90
40 91
40 92
39 92
38 92
37 92
36 92
35 92
34 92
33 92
32 92
32 91
31 91
30 91
29 91
28 91
27 91
26 91
25 91
24 91
23 91
22 91
21 91
20 91
19 91
19 90
19 89
19 88
18 88
18 87
17 87
16 87
15 87
14 87
13 87
12 87
11 87
10 87
9 87
8 87
7 87
6 87
6 86
5 86
4 86
3 86
2 86
2 85
2 84
2 83
1 83
0 83
0 82
