64 15
64 16
64 17
63 17
63 18
62 18
61 18
60 18
60 19
60 20
60 21
61 21
61 22
62 22
62 23
62 24
62 25
62 26
62 27
63 27
64 27
64 28
64 29
64 30
65 30
66 30
66 31
67 31
68 31
69 31
69 32
69 33
69 34
70 34
71 34
72 34
72 35
72 36
72 37
73 37
73 38
73 39
73 40
73 41
74 41
75 41
75 42
75 43
75 44
76 44
76 45
77 45
77 46
77 47
77 48
77 49
77 50
77 51
76 51
76 52
76 53
76 54
76 55
76 56
77 56
77 57
77 58
77 59
77 60
78 60
79 60
80 60
81 60
81 61
82 61
83 61
84 61
85 61
85 62
86 62
86 63
87 63
88 63
88 64
88 65
