17 26
17 27
17 28
17 29
18 29
19 29
20 29
20 30
21 30
21 31
21 32
21 33
21 34
21 35
21 36
21 37
21 38
21 39
21 40
21 41
21 42
21 43
21 44
21 45
21 46
21 47
21 48
22 48
23 48
24 48
24 49
24 50
24 51
24 52
25 52
25 53
25 54
26 54
27 54
28 54
29 54
29 55
29 56
30 56
30 57
30 58
30 59
31 59
31 60
32 60
32 61
32 62
32 63
32 64
32 65
32 66
32 67
32 68
33 68
34 68
34 69
34 70
35 70
36 70
36 71
36 72
36 73
37 73
37 74
37 75
38 75
39 75
40 75
41 75
42 75
43 75
43 76
43 77
43 78
43 79
43 80
43 81
43 82
44 82
44 83
44 84
44 85
44 86
44 87
45 87
46 87
47 87
47 86
48 86
49 86
49 87
49 88
48 88
48 89
48 90
