47 78
47 77
48 77
48 76
48 75
47 75
47 74
46 74
45 74
44 74
44 73
43 73
42 73
42 72
42 71
42 70
42 69
42 68
41 68
41 67
41 66
41 65
41 64
40 64
40 63
39 63
39 62
39 61
38 61
37 61
36 61
35 61
34 61
34 60
34 59
34 58
34 57
33 57
33 56
33 55
33 54
32 54
32 53
32 52
32 51
31 51
31 50
31 49
31 48
31 47
32 47
32 46
32 45
32 44
32 43
32 42
31 42
31 41
31 40
31 39
30 39
29 39
29 38
28 38
27 38
26 38
26 37
26 36
26 35
26 34
25 34
25 33
25 32
25 31
25 30
25 29
25 28
24 28
24 27
24 26
24 25
24 24
25 24
25 23
25 22
24 22
23 22
