7 95
7 94
8 94
8 93
8 92
8 91
8 90
9 90
10 90
11 90
12 90
12 89
12 88
12 87
13 87
13 86
13 85
13 84
13 83
13 82
13 81
13 80
13 79
14 79
14 78
14 77
14 76
14 75
14 74
15 74
15 73
15 72
15 71
15 70
15 69
16 69
16 68
17 68
18 68
18 67
19 67
20 67
20 66
20 65
20 64
21 64
21 63
21 62
21 61
21 60
21 59
21 58
21 57
21 56
21 55
21 54
21 53
21 52
21 51
20 51
20 50
20 49
20 48
20 47
21 47
21 46
21 45
22 45
22 44
23 44
24 44
25 44
25 43
25 42
26 42
26 41
26 40
26 39
26 38
27 38
28 38
28 37
28 36
29 36
29 35
30 35
31 35
32 35
32 34
32 33
33 33
34 33
34 32
35 32
36 32
36 31
36 30
36 29
36 28
36 27
36 26
36 25
36 24
35 24
35 23
35 22
35 21
