26 63
25 63
25 62
25 61
25 60
25 59
25 58
24 58
24 57
23 57
23 56
22 56
22 55
21 55
21 54
20 54
20 53
20 52
21 52
22 52
22 51
22 50
23 50
24 50
25 50
25 49
25 48
26 48
26 47
26 46
26 45
27 45
28 45
29 45
30 45
31 45
32 45
32 44
33 44
34 44
34 43
34 42
34 41
35 41
35 40
36 40
36 39
36 38
37 38
38 38
39 38
40 38
40 37
40 36
40 35
40 34
40 33
40 32
41 32
42 32
42 31
42 30
43 30
43 29
43 28
43 27
43 26
43 25
43 24
43 23
43 22
43 21
44 21
45 21
45 20
45 19
45 18
46 18
47 18
48 18
48 17
49 17
50 17
51 17
52 17
53 17
