67 70
67 69
68 69
69 69
70 69
71 69
71 68
71 67
71 66
72 66
72 65
72 64
73 64
74 64
74 63
74 62
74 61
75 61
75 60
75 59
75 58
76 58
76 57
76 56
77 56
77 55
77 54
77 53
78 53
78 52
79 52
80 52
81 52
82 52
83 52
84 52
84 51
85 51
85 50
85 49
85 48
85 47
85 46
85 45
84 45
84 44
84 43
84 42
84 41
85 41
85 40
85 39
85 38
85 37
86 37
87 37
87 36
87 35
88 35
88 34
88 33
87 33
87 32
87 31
87 30
87 29
87 28
87 27
87 26
87 25
87 24
87 23
87 22
87 21
87 20
88 20
89 20
89 19
89 18
90 18
90 17
90 16
89 16
88 16
87 16
