9 56
9 55
10 55
10 54
10 53
10 52
10 51
10 50
10 49
10 48
10 47
11 47
11 46
11 45
11 44
12 44
13 44
14 44
14 43
15 43
16 43
17 43
18 43
19 43
19 42
19 41
19 40
20 40
21 40
22 40
23 40
24 40
25 40
25 39
26 39
27 39
28 39
29 39
29 38
30 38
31 38
32 38
33 38
33 37
34 37
35 37
35 36
36 36
37 36
38 36
39 36
40 36
41 36
41 37
42 37
43 37
43 36
44 36
44 35
45 35
45 34
46 34
47 34
47 33
48 33
49 33
50 33
51 33
52 33
53 33
53 32
53 31
54 31
55 31
56 31
56 30
57 30
57 29
58 29
58 28
58 27
59 27
59 26
60 26
61 26
61 25
62 25
63 25
64 25
65 25
66 25
67 25
