99 21
98 21
97 21
96 21
95 21
95 22
95 23
94 23
93 23
92 23
92 24
92 25
92 26
92 27
91 27
91 28
91 29
91 30
91 31
91 32
91 33
91 34
91 35
91 36
91 37
91 38
91 39
91 40
90 40
89 40
89 41
89 42
89 43
89 44
89 45
89 46
88 46
88 47
88 48
88 49
88 50
87 50
86 50
86 51
86 52
85 52
84 52
84 53
84 54
84 55
83 55
83 56
82 56
82 57
82 58
82 59
82 60
82 61
82 62
82 63
82 64
82 65
82 66
82 67
81 67
80 67
79 67
79 68
79 69
79 70
79 71
79 72
79 73
78 73
78 74
78 75
78 76
78 77
77 77
77 78
77 79
76 79
76 80
76 81
75 81
74 81
74 82
74 83
74 84
