97 89
96 89
95 89
94 89
93 89
92 89
91 89
90 89
90 88
90 87
89 87
88 87
88 86
88 85
88 84
88 83
88 82
88 81
87 81
87 80
87 79
87 78
86 78
85 78
84 78
83 78
82 78
82 77
81 77
80 77
79 77
78 77
77 77
76 77
75 77
75 76
74 76
73 76
72 76
71 76
70 76
69 76
68 76
68 75
67 75
67 74
67 73
66 73
65 73
64 73
64 72
63 72
62 72
62 71
62 70
61 70
60 70
59 70
59 69
59 68
59 67
59 66
59 65
59 64
59 63
59 62
58 62
58 61
58 60
58 59
58 58
58 57
57 57
57 56
56 56
56 55
55 55
54 55
54 54
54 53
53 53
52 53
51 53
51 52
50 52
50 51
50 50
49 50
49 49
49 48
48 48
47 48
46 48
46 47
46 46
46 45
46 44
45 44
44 44
44 43
44 42
44 41
43 41
42 41
41 41
40 41
39 41
38 41
37 41
37 40
36 40
35 40
35 39
34 39
33 39
32 39
32 38
31 38
30 38
29 38
28 38
27 38
26 38
26 37
25 37
24 37
24 36
24 35
23 35
23 34
23 33
22 33
22 32
21 32
21 31
21 30
20 30
19 30
18 30
17 30
16 30
16 31
15 31
14 31
13 31
12 31
11 31
11 30
11 29
10 29
10 28
10 27
10 26
9 26
9 25
9 24
8 24
8 23
7 23
6 23
5 23
5 22
4 22
4 21
4 20
