76 37
75 37
75 38
75 39
75 40
74 40
73 40
73 41
73 42
72 42
71 42
71 43
70 43
69 43
69 44
69 45
69 46
68 46
68 47
68 48
67 48
66 48
65 48
65 49
64 49
63 49
62 49
61 49
60 49
59 49
58 49
57 49
57 50
56 50
55 50
54 50
54 51
54 52
53 52
52 52
51 52
50 52
49 52
49 53
49 54
49 55
48 55
47 55
47 56
46 56
46 57
46 58
46 59
45 59
44 59
43 59
42 59
41 59
41 60
41 61
41 62
41 63
40 63
39 63
39 64
39 65
39 66
39 67
38 67
37 67
37 68
36 68
35 68
34 68
33 68
32 68
32 69
31 69
30 69
30 70
29 70
28 70
27 70
27 71
26 71
25 71
24 71
23 71
22 71
21 71
20 71
19 71
18 71
17 71
16 71
15 71
15 70
15 69
14 69
13 69
13 70
12 70
11 70
11 71
10 71
10 72
9 72
9 73
8 73
7 73
6 73
5 73
5 74
4 74
4 75
4 76
4 77
4 78
4 79
4 80
4 81
5 81
6 81
7 81
8 81
8 82
9 82
9 83
9 84
9 85
9 86
9 87
10 87
11 87
12 87
13 87
13 88
14 88
15 88
16 88
17 88
18 88
19 88
19 87
19 86
20 86
21 86
22 86
22 87
23 87
23 88
23 89
24 89
24 90
25 90
26 90
27 90
28 90
29 90
30 90
30 91
30 92
30 93
30 94
30 95
30 96
30 97
30 98
31 98
32 98
33 98
33 97
34 97
34 96
35 96
36 96
36 97
37 97
37 98
37 99
