81 15
80 15
79 15
79 16
79 17
78 17
77 17
76 17
76 18
76 19
76 20
75 20
75 21
75 22
75 23
75 24
75 25
74 25
74 26
73 26
73 27
73 28
73 29
72 29
72 30
71 30
70 30
70 31
70 32
70 33
69 33
68 33
67 33
67 34
66 34
66 35
66 36
66 37
66 38
65 38
64 38
63 38
63 39
63 40
63 41
63 42
63 43
62 43
61 43
61 44
60 44
59 44
58 44
57 44
56 44
55 44
54 44
53 44
52 44
51 44
51 43
50 43
49 43
49 44
49 45
48 45
47 45
47 46
46 46
46 47
45 47
44 47
43 47
42 47
41 47
40 47
40 48
40 49
40 50
40 51
40 52
39 52
39 53
39 54
39 55
39 56
39 57
39 58
38 58
37 58
36 58
36 59
36 60
35 60
34 60
34 61
33 61
32 61
31 61
31 62
31 63
31 64
31 65
32 65
