62 52
61 52
60 52
59 52
59 51
59 50
58 50
57 50
56 50
55 50
54 50
53 50
52 50
51 50
51 49
51 48
50 48
50 47
50 46
50 45
50 44
50 43
50 42
50 41
50 40
49 40
49 39
48 39
47 39
46 39
45 39
44 39
44 38
43 38
42 38
41 38
40 38
39 38
39 37
39 36
38 36
38 35
38 34
38 33
37 33
36 33
36 32
36 31
35 31
35 30
34 30
33 30
32 30
32 29
31 29
30 29
29 29
28 29
28 28
28 27
28 26
28 25
28 24
28 23
28 22
28 21
28 20
29 20
29 19
29 18
29 17
28 17
27 17
26 17
25 17
24 17
23 17
23 18
22 18
22 19
21 19
20 19
20 18
19 18
18 18
18 17
17 17
17 16
16 16
15 16
14 16
14 17
13 17
12 17
12 16
12 15
12 14
11 14
11 13
11 12
11 11
11 10
10 10
10 9
9 9
9 8
9 7
9 6
10 6
11 6
12 6
13 6
13 5
13 4
