92 88
92 87
91 87
91 86
91 85
90 85
90 84
89 84
88 84
87 84
86 84
85 84
84 84
83 84
82 84
81 84
80 84
80 83
79 83
78 83
78 84
77 84
76 84
76 85
75 85
74 85
73 85
72 85
71 85
71 84
70 84
70 83
70 82
69 82
69 81
69 80
69 79
68 79
68 78
68 77
68 76
68 75
68 74
67 74
67 73
67 72
67 71
67 70
66 70
65 70
64 70
63 70
62 70
61 70
61 69
60 69
60 68
59 68
58 68
58 67
57 67
56 67
55 67
54 67
53 67
52 67
51 67
51 66
50 66
49 66
48 66
47 66
46 66
46 67
45 67
44 67
43 67
42 67
42 68
42 69
41 69
40 69
39 69
39 68
38 68
37 68
37 67
36 67
35 67
34 67
33 67
32 67
31 67
30 67
30 68
29 68
28 68
27 68
27 67
27 66
26 66
26 65
25 65
25 64
25 63
24 63
23 63
22 63
21 63
21 64
20 64
20 65
19 65
19 66
18 66
17 66
16 66
15 66
14 66
13 66
12 66
11 66
11 67
10 67
9 67
9 66
8 66
7 66
7 67
