58 95
58 94
58 93
59 93
59 92
59 91
60 91
61 91
62 91
63 91
64 91
64 90
64 89
64 88
64 87
64 86
64 85
64 84
64 83
65 83
65 82
65 81
64 81
64 80
63 80
63 79
62 79
61 79
61 78
61 77
61 76
62 76
62 75
63 75
63 74
64 74
64 73
64 72
63 72
63 71
63 70
63 69
63 68
63 67
64 67
64 66
64 65
64 64
65 64
65 63
65 62
64 62
64 61
64 60
64 59
64 58
64 57
64 56
65 56
65 55
65 54
66 54
67 54
67 53
67 52
67 51
68 51
69 51
70 51
70 50
71 50
71 49
71 48
71 47
71 46
71 45
72 45
72 44
72 43
72 42
71 42
71 41
71 40
71 39
71 38
72 38
73 38
73 37
73 36
72 36
72 35
72 34
71 34
71 33
