88 4
88 5
88 6
87 6
86 6
85 6
84 6
83 6
83 7
83 8
83 9
83 10
83 11
83 12
82 12
82 13
82 14
82 15
81 15
80 15
80 16
80 17
80 18
79 18
78 18
77 18
77 19
77 20
77 21
77 22
77 23
77 24
76 24
76 25
75 25
74 25
73 25
73 26
73 27
72 27
72 28
72 29
72 30
72 31
72 32
72 33
72 34
71 34
70 34
70 35
70 36
69 36
68 36
68 37
67 37
66 37
66 38
66 39
66 40
66 41
66 42
65 42
64 42
64 43
64 44
64 45
64 46
64 47
63 47
63 48
62 48
62 49
62 50
62 51
62 52
61 52
60 52
59 52
59 53
59 54
59 55
59 56
59 57
59 58
58 58
58 59
58 60
58 61
58 62
58 63
58 64
57 64
57 65
57 66
57 67
57 68
57 69
57 70
57 71
57 72
57 73
58 73
58 74
58 75
58 76
58 77
58 78
57 78
56 78
55 78
54 78
54 79
53 79
53 80
52 80
51 80
50 80
50 81
49 81
48 81
47 81
46 81
46 82
45 82
45 83
45 84
45 85
44 85
43 85
42 85
41 85
40 85
39 85
38 85
37 85
37 86
37 87
36 87
36 88
