66 34
66 35
67 35
68 35
68 36
68 37
67 37
66 37
66 38
66 39
66 40
66 41
65 41
65 42
64 42
64 43
64 44
63 44
62 44
61 44
60 44
60 45
59 45
59 46
58 46
57 46
56 46
56 47
55 47
55 48
55 49
54 49
54 50
54 51
54 52
53 52
52 52
51 52
50 52
49 52
49 53
49 54
49 55
48 55
47 55
46 55
45 55
44 55
44 56
43 56
42 56
41 56
41 57
40 57
39 57
39 58
38 58
37 58
37 57
36 57
35 57
34 57
34 58
33 58
32 58
31 58
30 58
29 58
29 59
29 60
28 60
27 60
26 60
25 60
24 60
24 61
24 62
24 63
24 64
24 65
23 65
23 66
22 66
21 66
20 66
19 66
19 67
19 68
19 69
20 69
