68 94
68 93
69 93
69 92
69 91
70 91
71 91
72 91
72 90
72 89
72 88
72 87
72 86
72 85
73 85
73 84
73 83
73 82
73 81
73 80
73 79
73 78
73 77
73 76
73 75
72 75
72 74
72 73
72 72
73 72
74 72
75 72
75 71
75 70
75 69
75 68
75 67
75 66
75 65
75 64
75 63
75 62
74 62
74 61
74 60
73 60
73 59
73 58
74 58
75 58
76 58
76 57
76 56
76 55
76 54
77 54
78 54
79 54
80 54
81 54
81 53
82 53
82 52
82 51
82 50
82 49
83 49
84 49
85 49
85 48
86 48
86 47
86 46
86 45
87 45
87 44
87 43
87 42
87 41
88 41
89 41
90 41
91 41
91 40
