78 61
79 61
79 60
79 59
80 59
81 59
81 58
81 57
81 56
81 55
80 55
79 55
78 55
77 55
76 55
75 55
75 54
74 54
74 53
74 52
73 52
73 51
73 50
73 49
73 48
73 47
73 46
73 45
72 45
71 45
70 45
70 46
70 47
69 47
68 47
68 48
67 48
66 48
65 48
64 48
63 48
62 48
62 49
61 49
60 49
59 49
59 50
58 50
57 50
56 50
55 50
54 50
53 50
53 51
52 51
51 51
50 51
49 51
48 51
48 52
48 53
47 53
46 53
46 54
46 55
45 55
44 55
43 55
42 55
41 55
41 54
40 54
39 54
38 54
37 54
37 55
36 55
36 56
35 56
34 56
33 56
32 56
31 56
30 56
30 55
