64 93
64 92
64 91
64 90
64 89
64 88
65 88
66 88
67 88
67 87
67 86
67 85
68 85
69 85
70 85
71 85
72 85
73 85
74 85
75 85
75 84
75 83
75 82
76 82
77 82
77 81
77 80
77 79
78 79
79 79
80 79
80 78
81 78
82 78
82 77
82 76
83 76
84 76
84 75
84 74
84 73
84 72
85 72
85 71
85 70
86 70
86 69
86 68
86 67
86 66
87 66
87 65
87 64
87 63
87 62
87 61
88 61
88 60
88 59
88 58
88 57
89 57
89 56
89 55
89 54
88 54
88 53
88 52
88 51
88 50
88 49
88 48
87 48
86 48
86 47
86 46
86 45
87 45
87 44
87 43
87 42
87 41
87 40
87 39
87 38
87 37
88 37
88 36
88 35
88 34
88 33
89 33
89 32
89 31
90 31
91 31
92 31
92 30
92 29
92 28
92 27
93 27
94 27
95 27
95 26
95 25
95 24
95 23
96 23
97 23
