17 86
17 87
18 87
18 88
19 88
20 88
21 88
21 89
22 89
22 90
23 90
24 90
25 90
26 90
27 90
28 90
29 90
30 90
31 90
32 90
33 90
34 90
34 91
35 91
36 91
36 92
36 93
37 93
38 93
38 92
39 92
40 92
41 92
41 91
42 91
42 90
42 89
43 89
44 89
44 90
45 90
46 90
47 90
48 90
49 90
50 90
51 90
52 90
53 90
54 90
55 90
56 90
57 90
57 89
57 88
57 87
57 86
57 85
58 85
59 85
60 85
61 85
61 86
62 86
63 86
64 86
64 87
65 87
66 87
66 88
67 88
67 89
67 90
67 91
66 91
66 92
66 93
67 93
67 94
68 94
69 94
69 93
70 93
71 93
72 93
73 93
73 92
74 92
75 92
75 91
