15 50
14 50
13 50
12 50
11 50
11 49
11 48
12 48
13 48
13 47
14 47
14 46
15 46
15 45
16 45
16 44
16 43
17 43
17 42
17 41
17 40
18 40
19 40
20 40
20 41
21 41
22 41
22 42
22 43
23 43
24 43
24 44
24 45
24 46
24 47
24 48
24 49
24 50
24 51
25 51
25 52
26 52
26 53
26 54
26 55
26 56
27 56
28 56
28 57
28 58
28 59
28 60
28 61
29 61
29 62
29 63
30 63
31 63
31 64
31 65
32 65
33 65
33 66
34 66
35 66
35 67
36 67
37 67
37 68
38 68
39 68
40 68
40 69
41 69
42 69
43 69
44 69
45 69
45 70
46 70
46 71
46 72
46 73
45 73
44 73
