79 47
79 46
79 45
80 45
80 44
80 43
79 43
79 42
79 41
79 40
78 40
78 39
77 39
77 38
76 38
75 38
74 38
73 38
72 38
71 38
71 37
71 36
70 36
69 36
69 35
68 35
67 35
66 35
66 34
65 34
64 34
63 34
63 33
63 32
62 32
62 31
61 31
60 31
60 30
60 29
60 28
59 28
59 27
59 26
58 26
57 26
57 25
57 24
56 24
56 23
56 22
56 21
56 20
56 19
56 18
55 18
55 17
54 17
53 17
53 16
52 16
51 16
50 16
50 15
49 15
48 15
47 15
46 15
46 14
46 13
46 12
46 11
45 11
45 10
45 9
45 8
44 8
43 8
42 8
41 8
40 8
39 8
38 8
37 8
37 7
36 7
35 7
35 8
34 8
33 8
32 8
31 8
30 8
30 7
30 6
30 5
30 4
30 3
30 2
29 2
