93 51
93 50
93 49
92 49
91 49
90 49
89 49
88 49
87 49
86 49
85 49
84 49
83 49
83 50
82 50
81 50
80 50
80 51
79 51
79 52
79 53
79 54
79 55
78 55
77 55
77 56
76 56
75 56
74 56
74 57
74 58
73 58
72 58
71 58
70 58
69 58
68 58
68 59
68 60
67 60
67 61
67 62
66 62
65 62
64 62
64 63
64 64
63 64
62 64
62 65
61 65
60 65
59 65
58 65
58 66
57 66
56 66
55 66
55 67
55 68
55 69
54 69
53 69
52 69
51 69
50 69
49 69
48 69
47 69
46 69
45 69
44 69
43 69
43 70
43 71
43 72
42 72
42 73
42 74
41 74
40 74
39 74
39 75
38 75
37 75
36 75
35 75
35 76
34 76
34 77
33 77
33 78
32 78
31 78
30 78
30 79
29 79
28 79
27 79
26 79
26 80
25 80
24 80
23 80
22 80
21 80
20 80
20 81
19 81
19 82
19 83
18 83
17 83
16 83
15 83
14 83
13 83
12 83
12 84
12 85
