12 70
13 70
13 69
14 69
15 69
16 69
16 68
17 68
17 67
18 67
18 66
18 65
19 65
19 64
20 64
21 64
22 64
23 64
24 64
25 64
26 64
26 63
26 62
27 62
28 62
28 61
28 60
29 60
30 60
30 61
31 61
32 61
32 60
33 60
33 59
33 58
34 58
35 58
36 58
37 58
38 58
39 58
40 58
41 58
41 59
42 59
43 59
44 59
45 59
46 59
46 58
46 57
46 56
47 56
47 55
48 55
49 55
49 54
49 53
49 52
50 52
51 52
52 52
53 52
54 52
54 51
54 50
55 50
56 50
57 50
57 49
58 49
59 49
60 49
61 49
62 49
63 49
64 49
65 49
65 48
66 48
67 48
68 48
69 48
70 48
71 48
72 48
73 48
74 48
74 47
74 46
75 46
76 46
76 45
77 45
78 45
78 44
79 44
80 44
81 44
81 43
81 42
82 42
83 42
84 42
85 42
86 42
86 41
86 40
87 40
88 40
88 39
89 39
90 39
91 39
92 39
92 38
92 37
93 37
94 37
95 37
95 36
96 36
97 36
