92 47
92 48
91 48
90 48
89 48
89 49
89 50
88 50
87 50
86 50
86 51
85 51
84 51
84 52
84 53
84 54
83 54
82 54
81 54
80 54
80 55
79 55
78 55
78 56
78 57
78 58
78 59
78 60
77 60
76 60
75 60
74 60
74 61
74 62
73 62
72 62
71 62
71 63
71 64
70 64
69 64
68 64
67 64
67 65
66 65
65 65
64 65
64 66
63 66
62 66
61 66
60 66
59 66
59 65
58 65
57 65
56 65
55 65
54 65
53 65
53 66
53 67
52 67
52 68
52 69
51 69
50 69
49 69
49 70
49 71
49 72
49 73
48 73
47 73
46 73
46 74
45 74
44 74
43 74
42 74
41 74
41 75
40 75
40 76
40 77
39 77
38 77
37 77
36 77
35 77
35 78
35 79
35 80
34 80
33 80
32 80
32 81
32 82
31 82
30 82
29 82
28 82
27 82
26 82
25 82
24 82
24 83
24 84
24 85
23 85
22 85
21 85
20 85
19 85
19 86
18 86
17 86
16 86
15 86
14 86
13 86
12 86
11 86
10 86
9 86
8 86
8 85
7 85
6 85
5 85
4 85
3 85
2 85
1 85
1 86
1 87
0 87
0 88
