39 56
39 57
40 57
41 57
42 57
43 57
44 57
45 57
45 56
46 56
46 55
47 55
48 55
49 55
49 54
50 54
51 54
52 54
53 54
54 54
55 54
55 53
55 52
55 51
55 50
55 49
56 49
56 48
57 48
57 47
57 46
58 46
59 46
60 46
61 46
62 46
62 45
62 44
62 43
62 42
62 41
62 40
62 39
63 39
64 39
64 38
64 37
64 36
65 36
65 35
66 35
66 34
66 33
66 32
66 31
66 30
66 29
66 28
67 28
67 27
67 26
67 25
68 25
68 24
68 23
69 23
70 23
70 22
71 22
71 21
71 20
71 19
71 18
71 17
72 17
72 16
72 15
72 14
73 14
73 13
73 12
74 12
75 12
75 11
76 11
77 11
77 12
