21 75
21 74
22 74
22 73
22 72
23 72
23 71
23 70
23 69
24 69
24 68
25 68
25 67
25 66
25 65
25 64
25 63
25 62
26 62
27 62
27 61
27 60
27 59
27 58
27 57
27 56
27 55
27 54
26 54
26 53
26 52
26 51
26 50
25 50
25 49
25 48
26 48
26 47
26 46
26 45
27 45
27 44
27 43
28 43
28 42
28 41
28 40
29 40
29 39
29 38
29 37
29 36
29 35
29 34
30 34
30 33
30 32
29 32
28 32
28 31
28 30
27 30
27 29
26 29
26 28
26 27
26 26
26 25
25 25
24 25
24 24
24 23
24 22
24 21
24 20
23 20
23 19
23 18
23 17
24 17
25 17
26 17
26 16
26 15
26 14
26 13
25 13
25 12
25 11
25 10
25 9
25 8
25 7
25 6
25 5
26 5
26 4
27 4
