43 50
44 50
45 50
45 51
45 52
46 52
46 53
46 54
46 55
46 56
46 57
46 58
46 59
47 59
48 59
49 59
49 60
50 60
51 60
51 59
51 58
52 58
53 58
54 58
55 58
56 58
57 58
57 57
58 57
59 57
60 57
60 56
60 55
61 55
61 54
61 53
61 52
61 51
61 50
61 49
62 49
63 49
63 48
63 47
63 46
64 46
64 45
64 44
64 43
64 42
64 41
64 40
64 39
64 38
64 37
65 37
65 36
65 35
65 34
66 34
66 33
66 32
66 31
66 30
67 30
68 30
69 30
69 29
69 28
70 28
70 27
70 26
71 26
72 26
73 26
74 26
75 26
75 25
75 24
75 23
76 23
76 22
76 21
76 20
76 19
76 18
76 17
76 16
76 15
77 15
77 14
77 13
77 12
77 11
78 11
79 11
80 11
