83 47
82 47
82 48
81 48
80 48
79 48
78 48
77 48
77 47
77 46
77 45
76 45
76 44
75 44
74 44
73 44
73 43
73 42
72 42
71 42
70 42
69 42
69 43
68 43
67 43
66 43
65 43
64 43
64 42
63 42
62 42
61 42
60 42
59 42
58 42
57 42
56 42
55 42
55 41
54 41
53 41
52 41
52 40
51 40
50 40
50 41
49 41
48 41
47 41
46 41
45 41
45 40
44 40
43 40
43 39
43 38
42 38
41 38
41 39
40 39
39 39
38 39
38 38
37 38
37 37
36 37
35 37
35 36
35 35
34 35
33 35
32 35
31 35
30 35
29 35
28 35
27 35
26 35
25 35
24 35
23 35
23 34
23 33
22 33
22 32
22 31
21 31
20 31
20 30
19 30
18 30
18 29
17 29
16 29
15 29
14 29
13 29
13 28
12 28
11 28
11 27
10 27
10 26
10 25
10 24
10 23
10 22
10 21
10 20
10 19
10 18
9 18
9 17
8 17
7 17
7 16
7 15
7 14
7 13
6 13
6 12
6 11
7 11
7 10
7 9
6 9
6 8
6 7
6 6
6 5
5 5
5 4
4 4
3 4
2 4
