54 85
54 84
54 83
54 82
54 81
54 80
54 79
54 78
54 77
54 76
55 76
55 75
55 74
55 73
55 72
54 72
54 71
54 70
54 69
55 69
55 68
55 67
55 66
55 65
56 65
56 64
56 63
56 62
56 61
55 61
54 61
53 61
53 60
53 59
54 59
54 58
55 58
55 57
55 56
55 55
55 54
55 53
55 52
55 51
55 50
56 50
56 49
56 48
56 47
55 47
55 46
54 46
54 45
54 44
54 43
54 42
54 41
54 40
53 40
53 39
53 38
53 37
53 36
53 35
52 35
51 35
51 34
51 33
51 32
51 31
52 31
53 31
53 30
53 29
53 28
53 27
54 27
54 26
54 25
54 24
54 23
54 22
54 21
54 20
54 19
55 19
56 19
56 18
56 17
56 16
56 15
56 14
57 14
58 14
59 14
60 14
60 13
61 13
62 13
63 13
64 13
65 13
66 13
66 12
67 12
67 11
68 11
68 10
69 10
70 10
70 11
70 12
70 13
71 13
