95 14
96 14
96 15
96 16
95 16
94 16
93 16
92 16
91 16
90 16
89 16
88 16
87 16
86 16
86 17
86 18
86 19
85 19
84 19
83 19
82 19
82 20
81 20
80 20
79 20
79 21
78 21
77 21
77 22
77 23
77 24
77 25
77 26
77 27
76 27
76 28
76 29
75 29
74 29
73 29
72 29
71 29
71 30
71 31
71 32
70 32
70 33
70 34
69 34
68 34
68 35
68 36
67 36
67 37
66 37
65 37
64 37
63 37
63 38
62 38
62 39
62 40
62 41
63 41
63 42
63 43
62 43
62 44
62 45
61 45
60 45
60 46
59 46
58 46
57 46
56 46
56 47
55 47
54 47
53 47
53 46
52 46
51 46
50 46
49 46
49 47
49 48
49 49
49 50
50 50
