6 83
6 84
6 85
6 86
6 87
7 87
8 87
9 87
10 87
10 88
11 88
11 89
12 89
13 89
14 89
15 89
16 89
16 88
17 88
18 88
19 88
19 89
20 89
21 89
22 89
23 89
24 89
25 89
25 88
26 88
26 87
26 86
27 86
28 86
29 86
30 86
31 86
32 86
32 85
33 85
34 85
34 84
35 84
35 83
36 83
37 83
38 83
39 83
40 83
40 82
40 81
41 81
42 81
42 80
42 79
43 79
44 79
45 79
46 79
46 78
46 77
47 77
48 77
48 78
49 78
50 78
51 78
51 79
52 79
53 79
54 79
54 80
55 80
56 80
57 80
57 79
58 79
59 79
59 78
60 78
61 78
62 78
63 78
64 78
65 78
66 78
66 77
67 77
68 77
69 77
70 77
71 77
72 77
73 77
74 77
75 77
75 76
76 76
76 75
77 75
78 75
79 75
80 75
81 75
82 75
83 75
84 75
85 75
85 74
86 74
87 74
88 74
88 73
89 73
90 73
91 73
91 74
92 74
92 75
92 76
92 77
92 78
92 79
93 79
94 79
95 79
96 79
97 79
