32 78
31 78
31 77
31 76
32 76
33 76
33 75
33 74
33 73
33 72
34 72
34 71
35 71
35 70
35 69
35 68
36 68
37 68
38 68
39 68
40 68
41 68
42 68
43 68
44 68
45 68
46 68
47 68
48 68
49 68
50 68
50 69
51 69
51 70
51 71
52 71
53 71
53 72
54 72
55 72
55 71
56 71
57 71
58 71
58 70
59 70
60 70
61 70
62 70
63 70
63 71
64 71
65 71
66 71
66 70
66 69
67 69
68 69
68 68
68 67
69 67
70 67
71 67
71 68
72 68
73 68
74 68
75 68
75 69
76 69
77 69
78 69
78 70
78 71
78 72
78 73
79 73
79 74
80 74
81 74
82 74
83 74
83 73
83 72
83 71
83 70
83 69
83 68
83 67
83 66
84 66
