29 10
29 11
29 12
29 13
29 14
29 15
29 16
29 17
30 17
30 18
30 19
30 20
30 21
30 22
30 23
31 23
32 23
33 23
33 24
34 24
35 24
35 25
36 25
36 26
37 26
38 26
38 27
38 28
38 29
38 30
38 31
39 31
39 32
40 32
40 33
41 33
41 34
41 35
42 35
42 36
43 36
44 36
45 36
46 36
47 36
47 37
47 38
47 39
47 40
47 41
46 41
46 42
46 43
46 44
46 45
46 46
46 47
46 48
46 49
46 50
47 50
48 50
48 51
48 52
48 53
48 54
48 55
48 56
48 57
48 58
49 58
49 59
49 60
49 61
50 61
50 62
51 62
52 62
53 62
54 62
54 63
54 64
54 65
55 65
56 65
56 66
57 66
57 67
57 68
57 69
57 70
57 71
57 72
57 73
58 73
58 74
58 75
58 76
58 77
57 77
57 78
57 79
57 80
58 80
58 81
58 82
59 82
59 83
59 84
60 84
60 85
61 85
61 86
61 87
61 88
61 89
61 90
61 91
62 91
63 91
64 91
64 92
65 92
66 92
66 93
67 93
67 94
67 95
66 95
65 95
65 96
65 97
65 98
66 98
67 98
