3 50
3 51
3 52
4 52
5 52
6 52
7 52
8 52
8 51
9 51
10 51
10 52
11 52
12 52
13 52
13 51
13 50
14 50
14 49
15 49
16 49
16 50
16 51
16 52
17 52
17 53
18 53
19 53
20 53
21 53
21 54
21 55
22 55
22 56
23 56
24 56
25 56
25 57
25 58
25 59
26 59
27 59
27 60
27 61
27 62
28 62
29 62
29 63
29 64
30 64
30 65
30 66
30 67
30 68
31 68
32 68
33 68
34 68
34 69
34 70
35 70
36 70
36 71
37 71
38 71
39 71
40 71
41 71
41 72
41 73
42 73
43 73
43 74
43 75
43 76
44 76
45 76
45 77
46 77
47 77
47 78
47 79
47 80
47 81
47 82
47 83
47 84
48 84
49 84
50 84
51 84
52 84
52 85
52 86
52 87
53 87
53 88
53 89
54 89
55 89
56 89
56 90
57 90
58 90
58 91
59 91
59 92
59 93
60 93
61 93
61 94
61 95
61 96
60 96
