5 38
5 37
5 36
5 35
6 35
6 34
7 34
8 34
9 34
10 34
11 34
11 33
12 33
13 33
13 32
13 31
13 30
13 29
13 28
14 28
14 27
14 26
15 26
15 25
16 25
17 25
18 25
19 25
20 25
21 25
22 25
23 25
24 25
25 25
26 25
27 25
28 25
29 25
29 24
30 24
31 24
32 24
32 23
32 22
32 21
33 21
34 21
35 21
36 21
36 20
37 20
37 19
38 19
39 19
40 19
41 19
42 19
43 19
44 19
45 19
45 18
46 18
47 18
48 18
49 18
50 18
51 18
52 18
53 18
54 18
55 18
56 18
57 18
58 18
59 18
60 18
61 18
61 17
61 16
62 16
63 16
64 16
64 15
65 15
66 15
66 14
67 14
67 13
67 12
68 12
69 12
70 12
70 11
71 11
71 10
71 9
72 9
73 9
73 10
74 10
75 10
76 10
77 10
78 10
79 10
79 11
79 12
80 12
81 12
82 12
