90 56
90 55
90 54
91 54
91 53
91 52
91 51
90 51
90 50
90 49
90 48
89 48
88 48
87 48
87 47
86 47
85 47
84 47
83 47
82 47
81 47
80 47
79 47
78 47
77 47
76 47
76 46
76 45
76 44
76 43
76 42
75 42
75 41
75 40
74 40
73 40
72 40
71 40
70 40
69 40
69 39
69 38
68 38
68 37
68 36
68 35
67 35
67 34
67 33
67 32
67 31
66 31
65 31
65 30
65 29
64 29
63 29
62 29
61 29
61 28
61 27
60 27
60 26
59 26
59 25
59 24
59 23
58 23
57 23
56 23
56 22
56 21
56 20
56 19
55 19
55 18
55 17
54 17
54 16
54 15
54 14
54 13
55 13
55 12
55 11
55 10
55 9
