76 84
75 84
74 84
73 84
73 83
72 83
71 83
71 82
71 81
71 80
71 79
71 78
70 78
69 78
69 77
68 77
67 77
66 77
65 77
65 76
65 75
65 74
65 73
65 72
65 71
65 70
65 69
65 68
65 67
65 66
64 66
64 65
64 64
64 63
64 62
65 62
65 61
65 60
65 59
65 58
65 57
65 56
65 55
65 54
66 54
66 53
66 52
66 51
66 50
66 49
66 48
66 47
65 47
65 46
65 45
65 44
64 44
63 44
63 43
63 42
63 41
63 40
62 40
62 39
62 38
62 37
61 37
61 36
61 35
60 35
59 35
58 35
58 34
57 34
56 34
55 34
54 34
53 34
52 34
51 34
50 34
49 34
48 34
47 34
46 34
45 34
44 34
43 34
42 34
41 34
41 33
40 33
39 33
38 33
38 32
37 32
36 32
35 32
35 31
35 30
35 29
34 29
34 28
34 27
34 26
34 25
33 25
32 25
31 25
30 25
30 24
