18 64
19 64
20 64
21 64
21 65
22 65
23 65
23 66
23 67
23 68
24 68
25 68
26 68
27 68
28 68
28 67
29 67
30 67
30 68
31 68
32 68
33 68
34 68
35 68
35 69
36 69
36 70
37 70
38 70
39 70
40 70
40 71
40 72
40 73
41 73
42 73
43 73
44 73
44 74
45 74
45 75
46 75
47 75
48 75
48 76
49 76
49 77
49 78
49 79
50 79
51 79
52 79
53 79
54 79
55 79
56 79
57 79
58 79
58 80
59 80
60 80
60 81
61 81
62 81
63 81
64 81
64 82
65 82
66 82
67 82
68 82
69 82
70 82
71 82
72 82
72 83
72 84
72 85
73 85
74 85
75 85
76 85
76 86
77 86
78 86
78 87
79 87
80 87
81 87
81 88
82 88
83 88
83 89
84 89
85 89
85 88
85 87
86 87
87 87
88 87
89 87
89 86
90 86
91 86
91 87
