10 75
10 74
10 73
10 72
10 71
11 71
11 70
11 69
12 69
13 69
14 69
15 69
15 68
16 68
17 68
18 68
19 68
20 68
21 68
22 68
23 68
24 68
25 68
26 68
27 68
28 68
28 69
28 70
29 70
30 70
31 70
32 70
33 70
33 71
33 72
33 73
33 74
34 74
35 74
36 74
37 74
37 73
37 72
38 72
38 71
39 71
39 70
40 70
40 69
40 68
41 68
42 68
43 68
44 68
45 68
46 68
47 68
48 68
49 68
50 68
51 68
52 68
52 69
52 70
53 70
54 70
55 70
55 71
56 71
57 71
57 70
57 69
58 69
59 69
60 69
61 69
62 69
63 69
63 70
64 70
65 70
65 69
65 68
66 68
67 68
68 68
69 68
69 67
70 67
71 67
72 67
73 67
74 67
74 66
74 65
75 65
76 65
77 65
78 65
79 65
79 64
80 64
81 64
82 64
83 64
84 64
