96 58
95 58
95 57
95 56
94 56
93 56
93 55
93 54
92 54
92 53
91 53
90 53
90 52
89 52
89 51
88 51
87 51
86 51
86 50
86 49
86 48
86 47
85 47
84 47
83 47
82 47
82 46
82 45
82 44
81 44
80 44
79 44
78 44
77 44
76 44
76 45
75 45
74 45
73 45
72 45
72 46
71 46
70 46
69 46
68 46
67 46
66 46
65 46
64 46
63 46
62 46
61 46
61 45
61 44
61 43
61 42
61 41
60 41
60 40
59 40
58 40
57 40
56 40
55 40
55 39
54 39
54 38
53 38
53 37
52 37
51 37
50 37
50 36
49 36
48 36
48 35
47 35
46 35
45 35
44 35
43 35
42 35
42 34
42 33
41 33
40 33
40 32
40 31
40 30
40 29
40 28
40 27
39 27
38 27
38 28
37 28
36 28
36 27
36 26
36 25
35 25
34 25
33 25
32 25
31 25
30 25
29 25
28 25
27 25
27 26
26 26
25 26
24 26
23 26
22 26
21 26
21 25
21 24
20 24
19 24
18 24
17 24
17 23
17 22
17 21
18 21
19 21
20 21
21 21
21 20
