59 84
60 84
61 84
61 83
62 83
62 82
62 81
62 80
62 79
62 78
63 78
63 77
63 76
63 75
63 74
64 74
64 73
64 72
64 71
64 70
64 69
65 69
65 68
65 67
65 66
65 65
65 64
65 63
65 62
64 62
64 61
64 60
64 59
63 59
63 58
63 57
63 56
63 55
63 54
62 54
62 53
61 53
60 53
59 53
58 53
58 52
57 52
56 52
55 52
54 52
54 51
54 50
54 49
54 48
54 47
54 46
54 45
54 44
54 43
54 42
54 41
54 40
53 40
52 40
52 39
52 38
52 37
52 36
52 35
52 34
52 33
51 33
51 32
51 31
51 30
50 30
49 30
48 30
48 29
48 28
48 27
48 26
48 25
48 24
47 24
46 24
45 24
45 23
45 22
44 22
44 21
44 20
44 19
