7 95
7 94
7 93
7 92
8 92
9 92
9 91
9 90
9 89
9 88
10 88
11 88
11 87
11 86
10 86
10 85
10 84
11 84
12 84
13 84
13 83
13 82
13 81
13 80
14 80
14 79
15 79
16 79
17 79
17 78
18 78
18 77
18 76
19 76
19 75
20 75
20 74
20 73
19 73
18 73
18 72
18 71
18 70
18 69
18 68
17 68
17 67
17 66
17 65
16 65
16 64
16 63
16 62
16 61
16 60
16 59
16 58
15 58
14 58
13 58
13 57
13 56
13 55
13 54
13 53
13 52
12 52
11 52
11 51
11 50
10 50
10 49
10 48
9 48
9 47
9 46
9 45
9 44
9 43
9 42
9 41
9 40
9 39
9 38
8 38
8 37
8 36
9 36
9 35
9 34
8 34
8 33
8 32
8 31
8 30
8 29
8 28
8 27
8 26
8 25
8 24
8 23
8 22
8 21
8 20
8 19
9 19
10 19
10 18
10 17
10 16
10 15
10 14
10 13
10 12
10 11
11 11
11 10
11 9
10 9
10 8
10 7
10 6
9 6
9 5
9 4
10 4
