86 92
86 91
86 90
86 89
85 89
85 88
85 87
85 86
85 85
84 85
83 85
83 84
83 83
83 82
83 81
83 80
82 80
82 79
82 78
82 77
82 76
81 76
81 75
81 74
81 73
81 72
81 71
81 70
80 70
79 70
78 70
77 70
76 70
75 70
75 69
74 69
73 69
72 69
72 68
71 68
70 68
69 68
68 68
67 68
66 68
66 67
65 67
64 67
64 66
63 66
62 66
61 66
60 66
59 66
58 66
57 66
56 66
56 65
55 65
54 65
54 64
54 63
54 62
53 62
52 62
51 62
50 62
50 61
49 61
49 60
49 59
49 58
48 58
47 58
46 58
46 57
46 56
46 55
45 55
44 55
43 55
42 55
41 55
40 55
39 55
39 54
38 54
37 54
36 54
35 54
35 53
35 52
35 51
35 50
35 49
35 48
34 48
33 48
33 47
32 47
31 47
31 46
31 45
