22 20
22 21
22 22
22 23
22 24
22 25
23 25
23 26
23 27
23 28
23 29
24 29
25 29
26 29
27 29
28 29
29 29
29 30
29 31
30 31
31 31
32 31
33 31
33 32
34 32
34 33
35 33
36 33
37 33
38 33
39 33
40 33
40 34
41 34
42 34
43 34
44 34
44 35
45 35
46 35
47 35
47 36
47 37
48 37
49 37
50 37
51 37
52 37
53 37
54 37
54 38
55 38
56 38
56 39
57 39
58 39
59 39
60 39
61 39
62 39
62 40
63 40
64 40
64 41
64 42
65 42
66 42
67 42
68 42
69 42
70 42
70 43
70 44
70 45
70 46
70 47
70 48
70 49
70 50
71 50
72 50
72 51
72 52
73 52
73 53
73 54
74 54
75 54
