2 40
2 41
3 41
3 42
3 43
4 43
5 43
6 43
6 44
7 44
8 44
8 45
9 45
10 45
10 44
11 44
12 44
13 44
14 44
15 44
16 44
17 44
17 43
18 43
19 43
19 44
20 44
21 44
21 45
22 45
23 45
24 45
25 45
26 45
26 46
26 47
26 48
27 48
28 48
29 48
29 49
30 49
31 49
32 49
33 49
33 50
34 50
35 50
35 51
35 52
35 53
35 54
35 55
35 56
35 57
35 58
35 59
35 60
36 60
37 60
37 61
37 62
37 63
37 64
37 65
37 66
37 67
37 68
38 68
39 68
39 69
40 69
41 69
42 69
43 69
44 69
44 70
44 71
45 71
46 71
47 71
48 71
49 71
49 72
50 72
51 72
52 72
53 72
54 72
55 72
55 73
55 74
54 74
53 74
53 75
53 76
52 76
51 76
50 76
50 77
50 78
