99 27
98 27
98 26
97 26
96 26
95 26
94 26
93 26
92 26
91 26
90 26
89 26
88 26
87 26
86 26
85 26
84 26
83 26
82 26
81 26
81 27
81 28
81 29
80 29
79 29
78 29
78 28
77 28
76 28
75 28
74 28
73 28
72 28
71 28
71 29
70 29
69 29
68 29
67 29
66 29
65 29
64 29
64 28
64 27
63 27
62 27
62 28
61 28
60 28
59 28
58 28
58 27
58 26
57 26
57 25
56 25
55 25
54 25
53 25
52 25
51 25
51 26
50 26
49 26
48 26
47 26
46 26
45 26
45 25
44 25
44 24
43 24
42 24
41 24
41 25
40 25
39 25
39 24
39 23
38 23
37 23
37 22
36 22
36 21
35 21
34 21
34 20
34 19
34 18
