39 69
39 68
39 67
40 67
41 67
41 66
41 65
42 65
43 65
44 65
44 64
45 64
46 64
47 64
48 64
49 64
50 64
51 64
51 63
51 62
51 61
52 61
53 61
54 61
55 61
56 61
57 61
58 61
59 61
59 60
59 59
59 58
59 57
59 56
60 56
60 55
60 54
61 54
61 53
61 52
62 52
63 52
64 52
65 52
66 52
66 51
66 50
67 50
68 50
69 50
70 50
71 50
71 49
72 49
72 48
73 48
73 47
73 46
74 46
74 45
74 44
74 43
74 42
74 41
74 40
74 39
74 38
74 37
74 36
73 36
73 35
73 34
73 33
73 32
73 31
73 30
73 29
74 29
75 29
76 29
76 28
76 27
77 27
77 26
77 25
77 24
77 23
77 22
77 21
77 20
77 19
77 18
77 17
77 16
77 15
77 14
76 14
76 13
76 12
76 11
76 10
76 9
77 9
78 9
78 8
79 8
80 8
81 8
81 7
81 6
81 5
