99 50
99 49
98 49
98 48
97 48
97 47
97 46
97 45
97 44
97 43
97 42
97 41
96 41
95 41
94 41
94 40
94 39
93 39
92 39
91 39
91 38
90 38
90 37
89 37
88 37
87 37
86 37
85 37
85 36
85 35
84 35
83 35
82 35
82 34
82 33
82 32
82 31
81 31
80 31
79 31
78 31
78 30
77 30
76 30
76 31
75 31
74 31
74 32
73 32
72 32
71 32
71 31
71 30
71 29
71 28
71 27
71 26
71 25
70 25
69 25
69 24
69 23
69 22
69 21
69 20
69 19
68 19
68 18
67 18
66 18
65 18
64 18
63 18
63 17
63 16
63 15
63 14
63 13
63 12
62 12
61 12
60 12
60 13
60 14
