76 8
77 8
77 9
77 10
76 10
76 11
76 12
76 13
76 14
76 15
76 16
76 17
76 18
76 19
76 20
76 21
76 22
76 23
77 23
77 24
77 25
76 25
76 26
75 26
74 26
74 27
74 28
74 29
74 30
74 31
74 32
73 32
72 32
72 33
72 34
72 35
72 36
72 37
72 38
72 39
72 40
73 40
73 41
73 42
73 43
73 44
72 44
72 45
72 46
72 47
71 47
70 47
70 48
70 49
70 50
70 51
70 52
70 53
69 53
69 54
69 55
69 56
69 57
69 58
68 58
67 58
66 58
65 58
64 58
64 59
64 60
64 61
63 61
63 62
62 62
62 63
62 64
62 65
62 66
62 67
62 68
62 69
63 69
63 70
63 71
63 72
63 73
63 74
63 75
64 75
65 75
66 75
66 76
66 77
66 78
67 78
67 79
67 80
67 81
67 82
67 83
67 84
68 84
68 85
68 86
69 86
70 86
70 87
70 88
71 88
71 89
71 90
70 90
70 91
70 92
70 93
