68 81
67 81
66 81
65 81
64 81
64 80
63 80
62 80
61 80
60 80
59 80
59 79
59 78
59 77
58 77
58 76
57 76
56 76
55 76
54 76
54 75
54 74
53 74
52 74
51 74
50 74
49 74
48 74
47 74
46 74
45 74
44 74
43 74
43 73
43 72
43 71
43 70
43 69
42 69
42 68
41 68
40 68
40 67
40 66
39 66
38 66
38 65
38 64
38 63
37 63
37 62
37 61
36 61
35 61
34 61
33 61
32 61
31 61
31 60
31 59
30 59
29 59
28 59
28 58
28 57
27 57
26 57
26 56
26 55
25 55
25 54
24 54
23 54
23 53
22 53
21 53
21 52
21 51
20 51
19 51
18 51
18 50
18 49
19 49
19 48
19 47
18 47
18 46
18 45
17 45
17 44
16 44
15 44
15 43
15 42
14 42
13 42
13 41
13 40
13 39
12 39
12 38
11 38
11 37
11 36
