54 36
53 36
53 37
53 38
53 39
53 40
53 41
52 41
52 42
51 42
50 42
49 42
48 42
48 43
48 44
48 45
47 45
46 45
45 45
45 46
44 46
44 47
43 47
42 47
41 47
41 48
41 49
41 50
40 50
40 51
39 51
38 51
37 51
36 51
35 51
34 51
33 51
32 51
32 52
32 53
32 54
32 55
32 56
32 57
32 58
31 58
31 59
31 60
31 61
31 62
31 63
30 63
30 64
30 65
30 66
29 66
29 67
29 68
28 68
28 69
28 70
27 70
26 70
26 71
26 72
26 73
25 73
24 73
23 73
23 74
23 75
22 75
21 75
20 75
19 75
19 74
18 74
17 74
17 75
17 76
17 77
17 78
17 79
17 80
17 81
17 82
17 83
17 84
17 85
16 85
15 85
15 86
15 87
14 87
14 88
13 88
12 88
11 88
10 88
9 88
9 89
9 90
8 90
8 91
7 91
6 91
5 91
4 91
3 91
