43 80
43 79
43 78
43 77
43 76
42 76
42 75
42 74
41 74
41 73
41 72
41 71
41 70
41 69
41 68
41 67
42 67
42 66
42 65
42 64
43 64
43 63
43 62
43 61
43 60
43 59
43 58
42 58
41 58
41 57
41 56
41 55
41 54
41 53
41 52
41 51
41 50
41 49
41 48
40 48
39 48
38 48
38 47
37 47
37 46
36 46
35 46
35 45
35 44
35 43
35 42
35 41
36 41
36 40
36 39
36 38
36 37
36 36
37 36
37 35
37 34
37 33
37 32
38 32
39 32
40 32
40 31
41 31
41 30
41 29
41 28
42 28
42 27
43 27
44 27
44 26
44 25
44 24
44 23
45 23
46 23
47 23
48 23
49 23
50 23
51 23
