0 53
1 53
2 53
3 53
4 53
4 54
4 55
4 56
4 57
5 57
5 58
5 59
6 59
7 59
7 58
7 57
7 56
8 56
9 56
9 55
9 54
9 53
10 53
10 52
11 52
12 52
12 51
13 51
13 50
13 49
13 48
13 47
14 47
15 47
15 46
16 46
16 45
17 45
18 45
18 44
19 44
20 44
20 43
21 43
22 43
23 43
23 42
24 42
25 42
26 42
26 41
26 40
27 40
28 40
29 40
30 40
30 39
31 39
32 39
33 39
34 39
34 38
35 38
36 38
36 37
37 37
38 37
38 36
38 35
39 35
40 35
41 35
41 34
42 34
43 34
43 33
43 32
44 32
45 32
46 32
47 32
48 32
48 31
48 30
49 30
50 30
51 30
52 30
52 29
52 28
52 27
52 26
53 26
54 26
55 26
55 25
55 24
56 24
56 23
56 22
56 21
57 21
57 20
57 19
57 18
57 17
58 17
59 17
60 17
61 17
61 16
61 15
62 15
62 14
62 13
62 12
62 11
62 10
62 9
62 8
62 7
62 6
