97 23
96 23
95 23
94 23
93 23
92 23
92 24
91 24
90 24
90 25
89 25
88 25
88 26
88 27
88 28
88 29
87 29
86 29
85 29
85 30
84 30
84 31
83 31
82 31
81 31
80 31
79 31
79 32
78 32
78 33
77 33
77 34
77 35
77 36
77 37
77 38
76 38
76 39
76 40
76 41
76 42
76 43
75 43
75 44
74 44
73 44
73 45
73 46
73 47
73 48
73 49
73 50
73 51
73 52
73 53
72 53
72 54
72 55
71 55
71 56
71 57
71 58
71 59
71 60
71 61
70 61
69 61
68 61
67 61
66 61
66 62
65 62
64 62
63 62
62 62
61 62
60 62
59 62
58 62
57 62
56 62
56 63
55 63
54 63
54 64
53 64
53 65
52 65
51 65
50 65
50 66
49 66
48 66
48 67
47 67
46 67
46 68
46 69
45 69
44 69
43 69
43 70
43 71
43 72
43 73
43 74
43 75
43 76
42 76
42 77
