85 31
86 31
86 32
86 33
87 33
87 34
87 35
88 35
89 35
90 35
91 35
92 35
92 34
92 33
93 33
94 33
94 34
95 34
95 35
95 36
95 37
95 38
96 38
97 38
97 39
98 39
98 40
98 41
99 41
99 42
99 43
99 44
99 45
99 46
99 47
99 48
99 49
99 50
99 51
99 52
98 52
98 53
98 54
98 55
98 56
98 57
98 58
97 58
97 59
97 60
97 61
96 61
96 62
96 63
96 64
95 64
94 64
94 65
94 66
94 67
93 67
93 68
93 69
93 70
93 71
93 72
93 73
93 74
92 74
92 75
91 75
91 76
91 77
91 78
92 78
92 79
92 80
92 81
92 82
92 83
91 83
91 84
90 84
89 84
89 85
89 86
89 87
90 87
90 88
90 89
90 90
90 91
91 91
92 91
93 91
94 91
95 91
96 91
96 92
96 93
96 94
96 95
96 96
96 97
97 97
98 97
98 96
