94 0
93 0
92 0
91 0
90 0
89 0
88 0
87 0
86 0
85 0
84 0
84 1
84 2
83 2
83 3
83 4
83 5
82 5
81 5
80 5
80 6
80 7
79 7
78 7
78 8
77 8
76 8
75 8
74 8
73 8
73 9
73 10
73 11
73 12
73 13
73 14
72 14
72 15
71 15
70 15
70 16
70 17
71 17
71 18
71 19
71 20
71 21
71 22
72 22
72 23
72 24
71 24
71 25
70 25
69 25
68 25
68 26
68 27
68 28
67 28
66 28
65 28
65 29
65 30
65 31
65 32
65 33
65 34
65 35
65 36
65 37
65 38
65 39
64 39
64 40
64 41
63 41
62 41
62 42
61 42
61 43
60 43
59 43
58 43
57 43
56 43
55 43
54 43
53 43
