77 0
77 1
77 2
76 2
75 2
75 3
75 4
75 5
75 6
75 7
76 7
76 8
77 8
78 8
78 9
78 10
78 11
78 12
78 13
78 14
78 15
78 16
79 16
79 17
79 18
79 19
79 20
79 21
79 22
79 23
79 24
78 24
77 24
77 25
77 26
77 27
78 27
78 28
79 28
79 29
79 30
78 30
78 31
78 32
78 33
78 34
78 35
78 36
78 37
78 38
78 39
78 40
78 41
78 42
79 42
80 42
80 43
80 44
80 45
81 45
82 45
83 45
83 46
83 47
83 48
83 49
84 49
84 50
84 51
83 51
82 51
82 52
82 53
82 54
82 55
82 56
82 57
81 57
81 58
81 59
82 59
83 59
83 60
84 60
85 60
85 61
86 61
86 62
86 63
86 64
87 64
87 65
87 66
87 67
87 68
87 69
87 70
87 71
87 72
88 72
88 73
88 74
88 75
89 75
90 75
91 75
91 76
91 77
92 77
93 77
93 78
93 79
93 80
93 81
93 82
93 83
92 83
92 84
92 85
92 86
92 87
92 88
92 89
93 89
94 89
94 90
95 90
95 91
96 91
96 92
