27 3
28 3
28 4
28 5
28 6
28 7
28 8
28 9
28 10
28 11
29 11
29 12
30 12
31 12
32 12
33 12
34 12
34 13
35 13
36 13
37 13
38 13
38 14
39 14
40 14
41 14
42 14
42 15
43 15
44 15
45 15
45 16
46 16
47 16
48 16
49 16
49 17
49 18
49 19
50 19
50 20
50 21
50 22
50 23
50 24
50 25
51 25
51 26
51 27
51 28
51 29
51 30
51 31
52 31
53 31
54 31
55 31
55 32
55 33
55 34
55 35
56 35
57 35
58 35
58 36
58 37
58 38
59 38
59 39
59 40
59 41
59 42
59 43
59 44
59 45
60 45
61 45
62 45
63 45
64 45
64 46
65 46
65 47
65 48
65 49
65 50
65 51
66 51
67 51
68 51
69 51
70 51
71 51
72 51
73 51
74 51
74 52
75 52
75 53
76 53
76 54
76 55
76 56
76 57
76 58
77 58
78 58
79 58
80 58
81 58
82 58
82 59
82 60
82 61
83 61
83 62
83 63
83 64
83 65
84 65
84 66
84 67
85 67
85 68
85 69
85 70
85 71
86 71
86 72
86 73
86 74
86 75
87 75
88 75
88 76
89 76
89 77
89 78
90 78
91 78
92 78
93 78
93 79
94 79
95 79
95 80
95 81
95 82
96 82
96 83
96 84
96 85
97 85
98 85
99 85
99 86
