32 28
32 29
33 29
34 29
34 30
35 30
36 30
37 30
37 31
38 31
38 32
39 32
40 32
41 32
42 32
43 32
44 32
45 32
46 32
46 33
46 34
46 35
47 35
47 36
48 36
48 37
48 38
49 38
50 38
51 38
52 38
53 38
54 38
55 38
56 38
57 38
58 38
59 38
59 39
60 39
60 40
61 40
62 40
63 40
64 40
64 41
64 42
65 42
65 43
66 43
66 44
67 44
68 44
69 44
69 45
70 45
71 45
71 46
72 46
73 46
74 46
75 46
76 46
77 46
78 46
78 45
78 44
78 43
79 43
80 43
80 44
81 44
82 44
83 44
84 44
85 44
86 44
86 43
87 43
88 43
89 43
90 43
91 43
91 42
92 42
92 41
