20 17
20 18
20 19
20 20
20 21
21 21
21 22
21 23
22 23
23 23
23 24
23 25
23 26
24 26
25 26
25 27
25 28
25 29
26 29
26 30
26 31
27 31
28 31
29 31
29 32
30 32
30 33
30 34
30 35
30 36
31 36
31 37
32 37
33 37
34 37
34 38
34 39
34 40
34 41
34 42
34 43
34 44
34 45
34 46
34 47
34 48
35 48
36 48
37 48
37 49
38 49
38 50
39 50
39 51
39 52
39 53
39 54
40 54
40 55
40 56
40 57
40 58
40 59
40 60
41 60
41 61
41 62
41 63
41 64
40 64
40 65
40 66
41 66
41 67
42 67
42 68
42 69
41 69
41 70
40 70
39 70
39 71
39 72
39 73
39 74
38 74
38 75
38 76
39 76
39 77
39 78
39 79
39 80
38 80
38 81
38 82
38 83
38 84
38 85
38 86
38 87
38 88
38 89
38 90
38 91
39 91
39 92
39 93
39 94
40 94
41 94
42 94
43 94
43 95
44 95
44 96
