14 25
14 26
14 27
14 28
14 29
14 30
14 31
14 32
14 33
14 34
13 34
12 34
12 35
11 35
11 36
11 37
11 38
11 39
12 39
12 40
12 41
12 42
12 43
12 44
12 45
13 45
14 45
14 46
14 47
14 48
14 49
13 49
13 50
13 51
13 52
13 53
14 53
15 53
16 53
16 54
16 55
17 55
18 55
18 56
19 56
19 57
19 58
20 58
20 59
20 60
20 61
20 62
20 63
20 64
20 65
21 65
21 66
22 66
22 67
23 67
23 68
24 68
24 69
24 70
24 71
24 72
23 72
23 73
23 74
23 75
23 76
23 77
23 78
23 79
23 80
23 81
23 82
24 82
24 83
24 84
23 84
23 85
23 86
23 87
