70 35
70 36
69 36
69 37
68 37
67 37
66 37
66 38
66 39
66 40
65 40
65 41
64 41
64 42
63 42
63 43
63 44
62 44
62 45
62 46
61 46
60 46
59 46
58 46
57 46
56 46
56 47
56 48
55 48
55 49
55 50
55 51
55 52
55 53
55 54
55 55
55 56
55 57
54 57
54 58
53 58
52 58
51 58
50 58
50 59
50 60
50 61
49 61
49 62
48 62
48 63
48 64
48 65
48 66
47 66
47 67
46 67
45 67
44 67
43 67
42 67
41 67
41 68
41 69
40 69
39 69
39 70
39 71
38 71
37 71
37 72
36 72
35 72
34 72
33 72
32 72
32 73
31 73
30 73
29 73
28 73
28 74
28 75
27 75
27 76
27 77
27 78
27 79
27 80
26 80
25 80
25 79
24 79
23 79
22 79
22 80
22 81
22 82
22 83
22 84
23 84
23 85
23 86
22 86
21 86
21 87
21 88
21 89
22 89
22 90
