25 30
25 31
25 32
25 33
26 33
27 33
28 33
29 33
30 33
31 33
32 33
33 33
34 33
35 33
36 33
36 34
37 34
38 34
38 35
38 36
38 37
38 38
38 39
38 40
38 41
38 42
38 43
38 44
39 44
40 44
41 44
42 44
42 45
42 46
42 47
42 48
42 49
42 50
42 51
42 52
42 53
43 53
43 54
44 54
44 55
44 56
44 57
45 57
45 58
45 59
45 60
45 61
45 62
45 63
46 63
46 64
46 65
46 66
46 67
45 67
45 68
45 69
45 70
45 71
44 71
44 72
44 73
43 73
42 73
42 74
42 75
42 76
42 77
42 78
42 79
42 80
42 81
43 81
43 82
43 83
43 84
43 85
43 86
43 87
43 88
44 88
44 89
44 90
44 91
44 92
44 93
43 93
43 94
42 94
42 95
42 96
43 96
43 97
43 98
44 98
45 98
46 98
47 98
