4 75
3 75
3 76
3 77
4 77
4 78
5 78
6 78
7 78
8 78
9 78
10 78
11 78
12 78
12 79
13 79
14 79
15 79
16 79
17 79
18 79
19 79
20 79
21 79
22 79
22 80
23 80
23 81
24 81
24 82
25 82
26 82
26 83
26 84
26 85
27 85
28 85
29 85
30 85
31 85
32 85
33 85
34 85
35 85
35 86
35 87
35 88
36 88
37 88
37 87
38 87
38 86
38 85
39 85
40 85
41 85
42 85
43 85
44 85
44 86
45 86
46 86
46 85
46 84
47 84
48 84
49 84
50 84
50 85
51 85
52 85
53 85
54 85
55 85
56 85
57 85
57 84
58 84
59 84
60 84
61 84
62 84
63 84
63 83
64 83
65 83
65 84
66 84
67 84
68 84
69 84
70 84
71 84
72 84
73 84
74 84
75 84
75 83
76 83
77 83
78 83
79 83
80 83
80 84
81 84
82 84
83 84
84 84
85 84
86 84
86 83
87 83
88 83
89 83
90 83
91 83
92 83
92 84
92 85
