44 64
44 63
45 63
46 63
46 62
46 61
46 60
46 59
46 58
47 58
48 58
48 57
48 56
48 55
48 54
48 53
48 52
49 52
50 52
51 52
51 51
52 51
52 50
53 50
54 50
55 50
55 49
55 48
55 47
55 46
56 46
56 45
57 45
57 44
57 43
57 42
58 42
59 42
60 42
61 42
61 41
61 40
62 40
63 40
63 39
64 39
64 38
65 38
66 38
67 38
68 38
69 38
70 38
70 37
70 36
71 36
71 35
72 35
73 35
74 35
74 34
75 34
76 34
77 34
78 34
79 34
79 33
80 33
80 32
80 31
81 31
82 31
83 31
84 31
85 31
85 30
85 29
85 28
84 28
84 27
84 26
83 26
82 26
82 27
