44 12
43 12
42 12
41 12
41 13
41 14
41 15
41 16
41 17
42 17
43 17
44 17
45 17
46 17
46 16
47 16
48 16
48 17
49 17
50 17
50 18
51 18
52 18
53 18
54 18
55 18
55 19
56 19
57 19
57 20
57 21
58 21
59 21
60 21
60 22
61 22
61 23
61 24
62 24
63 24
63 25
64 25
64 26
64 27
65 27
66 27
67 27
68 27
68 28
68 29
69 29
69 30
69 31
70 31
70 32
70 33
70 34
70 35
70 36
70 37
70 38
70 39
71 39
71 40
71 41
71 42
72 42
73 42
74 42
74 43
74 44
74 45
74 46
74 47
74 48
74 49
75 49
75 50
76 50
76 51
76 52
76 53
76 54
76 55
76 56
76 57
77 57
78 57
78 58
79 58
80 58
81 58
82 58
83 58
84 58
84 59
84 60
84 61
84 62
84 63
85 63
85 64
85 65
85 66
85 67
86 67
87 67
87 68
87 69
88 69
89 69
90 69
91 69
91 70
91 71
92 71
93 71
93 72
93 73
93 74
93 75
93 76
93 77
93 78
93 79
93 80
94 80
95 80
95 81
95 82
95 83
95 84
94 84
93 84
93 85
93 86
93 87
94 87
95 87
96 87
97 87
97 88
97 89
98 89
