40 76
40 75
40 74
40 73
41 73
42 73
42 72
42 71
42 70
42 69
43 69
44 69
44 68
45 68
45 67
46 67
47 67
47 66
47 65
47 64
47 63
47 62
47 61
47 60
47 59
47 58
47 57
47 56
47 55
48 55
48 54
48 53
48 52
48 51
48 50
47 50
47 49
47 48
47 47
47 46
46 46
46 45
46 44
45 44
44 44
44 43
44 42
43 42
43 41
43 40
42 40
41 40
41 39
40 39
40 38
40 37
40 36
39 36
38 36
37 36
37 35
37 34
37 33
37 32
37 31
37 30
37 29
37 28
37 27
37 26
37 25
37 24
37 23
37 22
37 21
36 21
36 20
36 19
36 18
35 18
35 17
35 16
35 15
35 14
35 13
