99 81
98 81
97 81
97 80
97 79
97 78
97 77
97 76
97 75
97 74
97 73
97 72
97 71
97 70
96 70
96 69
96 68
95 68
95 67
94 67
93 67
92 67
92 66
92 65
91 65
91 64
91 63
90 63
89 63
88 63
87 63
87 62
86 62
86 61
85 61
84 61
83 61
83 60
83 59
83 58
82 58
81 58
81 57
80 57
80 56
80 55
80 54
79 54
78 54
78 53
78 52
77 52
77 51
77 50
77 49
77 48
76 48
75 48
74 48
73 48
72 48
72 47
71 47
71 46
71 45
70 45
70 44
70 43
70 42
70 41
70 40
70 39
69 39
69 38
69 37
68 37
67 37
67 36
66 36
66 35
65 35
65 34
65 33
64 33
64 32
63 32
63 31
63 30
63 29
63 28
63 27
62 27
61 27
61 26
61 25
60 25
59 25
58 25
58 24
58 23
59 23
59 22
59 21
59 20
58 20
58 19
58 18
58 17
58 16
58 15
58 14
58 13
58 12
