33 80
34 80
35 80
36 80
37 80
37 81
38 81
39 81
40 81
40 80
40 79
40 78
41 78
42 78
42 77
42 76
43 76
44 76
44 75
45 75
46 75
47 75
47 74
48 74
48 73
49 73
50 73
51 73
52 73
53 73
53 72
53 71
53 70
53 69
53 68
54 68
55 68
56 68
57 68
58 68
59 68
60 68
61 68
61 69
62 69
63 69
64 69
64 68
65 68
66 68
67 68
68 68
68 67
69 67
70 67
70 66
70 65
70 64
71 64
72 64
73 64
74 64
75 64
76 64
77 64
77 63
78 63
78 62
79 62
80 62
81 62
82 62
83 62
84 62
85 62
86 62
86 61
87 61
88 61
89 61
89 60
89 59
90 59
91 59
92 59
93 59
93 58
93 57
93 56
