99 89
99 88
99 87
98 87
97 87
96 87
95 87
94 87
94 86
94 85
94 84
94 83
93 83
93 82
92 82
92 81
92 80
92 79
91 79
91 78
91 77
91 76
91 75
91 74
90 74
89 74
88 74
88 73
88 72
88 71
87 71
86 71
85 71
84 71
83 71
82 71
82 70
82 69
81 69
81 68
81 67
81 66
81 65
81 64
81 63
81 62
81 61
80 61
79 61
78 61
77 61
76 61
75 61
74 61
74 60
74 59
74 58
74 57
74 56
73 56
72 56
71 56
71 55
70 55
70 54
70 53
70 52
69 52
68 52
68 51
68 50
67 50
67 49
66 49
65 49
64 49
64 48
64 47
63 47
62 47
62 46
61 46
60 46
60 45
60 44
59 44
59 43
59 42
58 42
57 42
57 41
56 41
55 41
54 41
54 40
53 40
52 40
51 40
51 39
51 38
51 37
51 36
50 36
49 36
49 35
48 35
47 35
46 35
