87 74
87 75
87 76
86 76
86 77
86 78
85 78
84 78
84 77
83 77
82 77
81 77
81 78
80 78
79 78
79 77
78 77
77 77
77 78
76 78
75 78
74 78
73 78
72 78
72 77
71 77
70 77
69 77
68 77
68 76
67 76
66 76
65 76
64 76
63 76
62 76
61 76
61 77
60 77
60 78
59 78
58 78
58 77
58 76
57 76
56 76
55 76
54 76
54 75
53 75
52 75
51 75
50 75
49 75
48 75
47 75
47 74
47 73
46 73
46 72
46 71
45 71
45 70
45 69
45 68
45 67
45 66
44 66
43 66
42 66
41 66
41 65
40 65
39 65
38 65
38 64
37 64
36 64
35 64
34 64
34 63
33 63
33 62
32 62
31 62
30 62
29 62
29 61
29 60
28 60
