59 24
58 24
58 25
58 26
58 27
57 27
56 27
56 28
56 29
57 29
58 29
58 30
58 31
57 31
57 32
57 33
57 34
57 35
57 36
57 37
57 38
57 39
57 40
57 41
57 42
56 42
56 43
56 44
57 44
57 45
57 46
57 47
58 47
59 47
60 47
60 48
61 48
61 49
61 50
62 50
62 51
62 52
61 52
60 52
59 52
59 53
59 54
59 55
59 56
59 57
58 57
58 58
57 58
57 59
56 59
55 59
55 60
55 61
55 62
55 63
55 64
55 65
55 66
55 67
55 68
55 69
55 70
55 71
55 72
55 73
55 74
55 75
55 76
55 77
55 78
55 79
55 80
55 81
56 81
57 81
57 82
57 83
57 84
57 85
57 86
57 87
58 87
58 88
59 88
59 89
60 89
60 90
60 91
59 91
58 91
58 90
57 90
