0 82
1 82
2 82
2 81
2 80
3 80
4 80
5 80
6 80
7 80
8 80
9 80
9 79
10 79
11 79
11 80
12 80
13 80
13 81
14 81
15 81
16 81
17 81
18 81
19 81
20 81
21 81
22 81
23 81
24 81
24 82
24 83
24 84
24 85
25 85
26 85
27 85
28 85
28 86
29 86
30 86
31 86
32 86
32 85
33 85
34 85
35 85
36 85
37 85
38 85
39 85
40 85
41 85
42 85
42 86
42 87
42 88
42 89
42 90
43 90
44 90
45 90
45 91
45 92
46 92
47 92
48 92
49 92
49 91
50 91
51 91
51 92
52 92
53 92
54 92
55 92
55 91
56 91
57 91
57 92
58 92
59 92
59 93
60 93
61 93
62 93
62 94
62 95
63 95
63 96
64 96
65 96
65 95
65 94
66 94
67 94
68 94
68 93
69 93
70 93
71 93
72 93
73 93
74 93
75 93
76 93
77 93
78 93
79 93
80 93
81 93
82 93
83 93
84 93
85 93
86 93
