88 64
87 64
86 64
85 64
84 64
83 64
82 64
82 63
81 63
81 62
80 62
80 61
79 61
78 61
77 61
77 60
77 59
77 58
77 57
76 57
75 57
75 56
74 56
73 56
72 56
71 56
70 56
69 56
68 56
68 55
67 55
67 54
67 53
67 52
66 52
66 51
66 50
65 50
64 50
63 50
62 50
61 50
61 49
60 49
59 49
58 49
57 49
56 49
56 48
56 47
56 46
56 45
56 44
56 43
56 42
56 41
55 41
54 41
53 41
52 41
51 41
50 41
49 41
49 42
48 42
47 42
46 42
45 42
44 42
43 42
42 42
42 41
41 41
40 41
39 41
38 41
37 41
37 40
37 39
37 38
37 37
36 37
36 36
35 36
34 36
33 36
32 36
31 36
30 36
30 35
29 35
29 34
28 34
27 34
26 34
25 34
25 33
25 32
24 32
23 32
22 32
21 32
20 32
19 32
18 32
18 31
18 30
18 29
17 29
17 28
17 27
17 26
16 26
15 26
14 26
13 26
12 26
12 25
12 24
12 23
12 22
12 21
12 20
