21 36
22 36
23 36
24 36
25 36
26 36
26 37
27 37
28 37
28 36
29 36
30 36
30 37
30 38
30 39
31 39
32 39
33 39
34 39
35 39
36 39
37 39
38 39
39 39
40 39
41 39
42 39
43 39
44 39
44 40
45 40
46 40
46 39
47 39
48 39
49 39
50 39
50 38
50 37
51 37
52 37
53 37
54 37
55 37
56 37
56 36
57 36
57 35
58 35
58 34
59 34
60 34
60 33
60 32
60 31
60 30
60 29
61 29
61 28
61 27
61 26
61 25
61 24
61 23
61 22
61 21
62 21
63 21
64 21
65 21
66 21
67 21
67 20
68 20
69 20
70 20
71 20
72 20
73 20
74 20
75 20
76 20
77 20
78 20
79 20
80 20
81 20
81 21
81 22
82 22
83 22
84 22
85 22
85 21
86 21
87 21
87 20
87 19
87 18
87 17
86 17
