76 15
75 15
75 16
75 17
74 17
73 17
73 18
73 19
72 19
71 19
70 19
70 18
69 18
68 18
67 18
66 18
65 18
64 18
63 18
62 18
62 19
62 20
62 21
62 22
62 23
62 24
63 24
63 25
63 26
63 27
64 27
64 28
64 29
63 29
63 30
63 31
63 32
63 33
62 33
62 34
62 35
62 36
62 37
62 38
62 39
62 40
63 40
63 41
63 42
62 42
61 42
60 42
60 43
60 44
60 45
60 46
60 47
60 48
60 49
60 50
60 51
60 52
60 53
60 54
60 55
59 55
58 55
58 56
57 56
56 56
55 56
55 57
54 57
53 57
52 57
51 57
51 58
51 59
51 60
51 61
51 62
51 63
51 64
50 64
50 65
50 66
50 67
49 67
49 68
48 68
47 68
46 68
45 68
44 68
44 69
44 70
44 71
43 71
42 71
42 72
42 73
41 73
41 74
41 75
41 76
41 77
40 77
40 78
40 79
40 80
39 80
38 80
38 81
38 82
37 82
36 82
35 82
35 83
35 84
34 84
34 85
34 86
34 87
