78 68
77 68
76 68
75 68
74 68
74 67
73 67
72 67
71 67
71 66
70 66
69 66
69 67
68 67
67 67
66 67
65 67
64 67
63 67
62 67
61 67
60 67
59 67
59 66
58 66
57 66
56 66
55 66
55 65
54 65
54 64
53 64
52 64
51 64
50 64
49 64
48 64
47 64
46 64
45 64
44 64
43 64
42 64
41 64
40 64
40 63
39 63
39 62
38 62
38 61
37 61
36 61
35 61
34 61
33 61
32 61
31 61
30 61
30 62
29 62
29 63
28 63
27 63
26 63
25 63
24 63
23 63
22 63
21 63
21 62
21 61
20 61
20 60
19 60
18 60
17 60
17 59
16 59
15 59
15 58
14 58
13 58
13 57
13 56
12 56
12 55
11 55
10 55
10 54
9 54
9 53
8 53
