21 16
21 17
20 17
20 18
20 19
19 19
19 20
19 21
19 22
18 22
17 22
17 23
17 24
17 25
17 26
17 27
17 28
18 28
18 29
18 30
18 31
18 32
18 33
19 33
19 34
19 35
19 36
19 37
19 38
20 38
20 39
21 39
22 39
23 39
24 39
25 39
26 39
27 39
27 40
27 41
27 42
27 43
27 44
27 45
27 46
27 47
27 48
28 48
28 49
28 50
27 50
26 50
26 51
26 52
25 52
24 52
24 53
23 53
22 53
22 54
22 55
22 56
22 57
22 58
22 59
22 60
22 61
22 62
22 63
23 63
23 64
23 65
23 66
23 67
23 68
23 69
24 69
24 70
25 70
25 71
25 72
26 72
26 73
26 74
26 75
27 75
27 76
27 77
28 77
28 78
28 79
28 80
29 80
29 81
29 82
29 83
29 84
29 85
29 86
29 87
29 88
29 89
29 90
29 91
29 92
29 93
30 93
31 93
31 94
32 94
32 95
33 95
33 96
33 97
33 98
34 98
35 98
36 98
