76 9
75 9
75 10
74 10
74 11
73 11
72 11
71 11
70 11
70 12
70 13
70 14
70 15
70 16
70 17
70 18
69 18
69 19
69 20
69 21
69 22
69 23
69 24
69 25
69 26
69 27
69 28
69 29
69 30
69 31
69 32
69 33
69 34
69 35
69 36
68 36
68 37
68 38
68 39
67 39
66 39
65 39
65 40
65 41
64 41
64 42
64 43
64 44
63 44
62 44
62 45
62 46
61 46
60 46
59 46
58 46
58 47
58 48
58 49
58 50
58 51
58 52
58 53
57 53
57 54
57 55
57 56
57 57
57 58
57 59
57 60
57 61
57 62
57 63
57 64
56 64
56 65
55 65
55 66
55 67
56 67
56 68
56 69
56 70
56 71
56 72
56 73
56 74
56 75
56 76
56 77
56 78
56 79
57 79
58 79
