22 98
22 97
22 96
22 95
21 95
21 94
21 93
21 92
21 91
21 90
22 90
22 89
23 89
24 89
24 88
24 87
24 86
24 85
25 85
25 84
25 83
26 83
26 82
27 82
27 81
27 80
27 79
27 78
28 78
29 78
30 78
31 78
32 78
32 77
33 77
34 77
35 77
36 77
37 77
38 77
39 77
40 77
41 77
41 76
42 76
43 76
43 75
44 75
45 75
45 74
46 74
46 73
47 73
47 72
47 71
48 71
49 71
50 71
51 71
52 71
53 71
54 71
55 71
56 71
57 71
58 71
58 72
59 72
60 72
61 72
62 72
62 71
63 71
64 71
65 71
66 71
66 70
66 69
66 68
66 67
66 66
66 65
67 65
67 64
68 64
69 64
70 64
71 64
72 64
73 64
74 64
75 64
75 63
76 63
77 63
78 63
79 63
80 63
81 63
82 63
83 63
84 63
85 63
85 62
86 62
86 61
86 60
86 59
87 59
87 58
88 58
89 58
90 58
90 57
91 57
92 57
92 56
93 56
94 56
