17 41
17 42
17 43
18 43
19 43
20 43
21 43
22 43
23 43
24 43
25 43
26 43
27 43
27 42
27 41
28 41
29 41
30 41
31 41
31 42
31 43
32 43
33 43
34 43
35 43
36 43
37 43
38 43
39 43
40 43
41 43
42 43
43 43
43 42
44 42
45 42
46 42
46 43
46 44
47 44
47 45
47 46
47 47
47 48
47 49
48 49
49 49
50 49
51 49
51 50
51 51
51 52
52 52
53 52
54 52
55 52
56 52
57 52
58 52
59 52
60 52
60 53
61 53
61 54
62 54
63 54
64 54
65 54
66 54
67 54
68 54
69 54
69 53
70 53
71 53
72 53
72 54
72 55
73 55
74 55
75 55
76 55
76 54
77 54
78 54
78 55
79 55
80 55
81 55
82 55
82 54
82 53
82 52
82 51
83 51
84 51
84 52
85 52
85 53
86 53
86 54
86 55
85 55
