79 76
78 76
77 76
76 76
76 77
75 77
75 78
75 79
75 80
74 80
73 80
73 79
72 79
71 79
70 79
70 78
69 78
68 78
67 78
67 77
67 76
67 75
66 75
66 74
65 74
64 74
64 73
63 73
63 72
63 71
63 70
63 69
63 68
63 67
62 67
62 66
62 65
62 64
62 63
61 63
60 63
59 63
58 63
57 63
56 63
55 63
54 63
53 63
52 63
51 63
51 62
51 61
51 60
50 60
50 59
50 58
50 57
50 56
50 55
50 54
49 54
48 54
48 53
47 53
46 53
46 52
46 51
45 51
44 51
44 50
44 49
43 49
43 48
43 47
42 47
42 46
42 45
41 45
41 44
41 43
41 42
40 42
40 41
39 41
38 41
38 40
38 39
38 38
38 37
37 37
37 36
37 35
36 35
35 35
35 34
34 34
33 34
33 33
33 32
33 31
32 31
31 31
30 31
30 30
30 29
30 28
30 27
30 26
29 26
28 26
28 25
27 25
27 24
27 23
27 22
26 22
26 21
25 21
24 21
23 21
22 21
22 20
21 20
20 20
19 20
19 21
18 21
17 21
16 21
16 20
15 20
14 20
13 20
12 20
11 20
10 20
9 20
8 20
7 20
7 21
6 21
5 21
4 21
3 21
2 21
1 21
1 20
1 19
1 18
1 17
1 16
1 15
1 14
1 13
1 12
