19 82
19 81
19 80
20 80
20 79
21 79
21 78
21 77
21 76
21 75
21 74
21 73
22 73
22 72
22 71
22 70
22 69
23 69
23 68
24 68
24 67
24 66
24 65
24 64
25 64
25 63
26 63
27 63
27 62
28 62
28 61
29 61
29 60
30 60
31 60
32 60
33 60
34 60
35 60
36 60
36 59
36 58
36 57
36 56
36 55
36 54
36 53
37 53
37 52
37 51
37 50
37 49
37 48
38 48
38 47
38 46
39 46
40 46
40 45
40 44
41 44
41 43
42 43
43 43
44 43
44 42
44 41
44 40
44 39
45 39
45 38
45 37
45 36
45 35
46 35
46 34
46 33
47 33
47 32
47 31
47 30
48 30
49 30
50 30
51 30
52 30
52 29
53 29
53 28
53 27
53 26
54 26
54 25
54 24
55 24
56 24
57 24
58 24
59 24
60 24
61 24
62 24
62 23
62 22
63 22
64 22
65 22
65 21
66 21
