73 99
73 98
73 97
72 97
71 97
70 97
70 96
69 96
68 96
68 95
68 94
67 94
66 94
65 94
65 93
65 92
65 91
65 90
65 89
64 89
63 89
62 89
62 88
62 87
62 86
61 86
61 85
60 85
59 85
58 85
57 85
56 85
56 84
56 83
56 82
56 81
56 80
55 80
54 80
53 80
53 79
53 78
53 77
53 76
52 76
51 76
50 76
49 76
48 76
48 75
48 74
47 74
46 74
46 73
46 72
46 71
46 70
46 69
46 68
45 68
45 67
45 66
44 66
43 66
43 65
42 65
42 64
41 64
40 64
39 64
39 63
39 62
38 62
38 61
38 60
38 59
38 58
38 57
38 56
38 55
37 55
37 54
36 54
35 54
34 54
33 54
32 54
31 54
30 54
30 53
30 52
30 51
30 50
30 49
30 48
30 47
