99 7
98 7
98 6
97 6
96 6
95 6
95 7
94 7
93 7
92 7
91 7
91 6
91 5
90 5
89 5
88 5
87 5
86 5
85 5
85 4
84 4
83 4
83 5
82 5
81 5
80 5
80 6
80 7
79 7
78 7
78 8
77 8
76 8
75 8
74 8
73 8
73 9
73 10
73 11
73 12
73 13
73 14
72 14
72 15
71 15
70 15
69 15
69 16
69 17
69 18
69 19
69 20
68 20
68 21
67 21
66 21
66 22
66 23
66 24
65 24
64 24
63 24
63 25
62 25
62 26
62 27
62 28
61 28
60 28
60 29
59 29
58 29
57 29
56 29
55 29
54 29
54 30
54 31
53 31
52 31
51 31
50 31
50 32
49 32
48 32
47 32
46 32
45 32
44 32
43 32
43 33
42 33
41 33
40 33
39 33
39 34
38 34
38 35
37 35
36 35
35 35
34 35
33 35
32 35
31 35
30 35
29 35
28 35
27 35
26 35
25 35
24 35
23 35
23 36
22 36
22 37
22 38
21 38
20 38
19 38
18 38
17 38
16 38
15 38
14 38
14 37
13 37
12 37
11 37
11 36
10 36
9 36
8 36
7 36
7 35
6 35
5 35
4 35
3 35
3 36
2 36
2 37
1 37
1 38
1 39
0 39
