14 65
14 64
14 63
15 63
15 62
15 61
15 60
15 59
15 58
14 58
14 57
14 56
14 55
14 54
14 53
14 52
14 51
14 50
14 49
14 48
14 47
14 46
14 45
14 44
14 43
14 42
14 41
14 40
14 39
14 38
15 38
16 38
17 38
18 38
19 38
20 38
21 38
21 37
22 37
23 37
23 36
23 35
23 34
23 33
23 32
23 31
23 30
23 29
23 28
24 28
24 27
25 27
25 26
25 25
25 24
25 23
26 23
26 22
26 21
27 21
27 20
27 19
28 19
29 19
30 19
31 19
32 19
32 18
33 18
34 18
35 18
35 17
35 16
36 16
37 16
38 16
38 15
38 14
39 14
39 13
39 12
39 11
39 10
39 9
39 8
39 7
39 6
39 5
39 4
38 4
37 4
36 4
36 3
36 2
36 1
37 1
