68 34
67 34
67 35
66 35
65 35
65 36
65 37
65 38
65 39
65 40
64 40
63 40
62 40
62 41
61 41
60 41
59 41
58 41
57 41
56 41
55 41
54 41
53 41
52 41
52 42
51 42
50 42
49 42
48 42
48 43
48 44
47 44
46 44
45 44
44 44
43 44
43 43
42 43
41 43
41 42
41 41
41 40
40 40
39 40
39 39
38 39
37 39
36 39
35 39
34 39
34 40
34 41
34 42
33 42
32 42
32 41
31 41
30 41
29 41
28 41
28 42
27 42
26 42
25 42
24 42
23 42
22 42
21 42
20 42
19 42
18 42
17 42
16 42
15 42
14 42
13 42
13 41
12 41
11 41
10 41
9 41
8 41
8 42
7 42
6 42
6 41
5 41
4 41
