52 93
52 92
51 92
51 91
51 90
52 90
52 89
53 89
53 88
53 87
53 86
52 86
52 85
52 84
52 83
51 83
50 83
50 82
49 82
49 81
49 80
49 79
49 78
49 77
49 76
50 76
51 76
52 76
52 75
53 75
53 74
53 73
53 72
53 71
53 70
53 69
53 68
53 67
54 67
54 66
54 65
54 64
55 64
55 63
55 62
55 61
55 60
55 59
55 58
56 58
56 57
57 57
58 57
58 56
59 56
59 55
59 54
60 54
61 54
62 54
63 54
64 54
64 53
64 52
64 51
64 50
64 49
64 48
64 47
64 46
64 45
64 44
64 43
64 42
64 41
64 40
64 39
64 38
65 38
66 38
66 37
66 36
66 35
66 34
66 33
67 33
67 32
67 31
66 31
66 30
65 30
64 30
64 29
64 28
63 28
63 27
63 26
63 25
63 24
63 23
64 23
64 22
64 21
64 20
64 19
63 19
62 19
61 19
61 18
61 17
60 17
60 16
60 15
59 15
59 14
59 13
59 12
58 12
57 12
57 11
57 10
56 10
56 9
