81 14
81 15
81 16
81 17
81 18
81 19
82 19
83 19
84 19
85 19
86 19
86 20
87 20
88 20
89 20
89 21
89 22
89 23
89 24
88 24
88 25
87 25
87 26
87 27
87 28
88 28
88 29
88 30
88 31
88 32
88 33
87 33
87 34
87 35
87 36
88 36
88 37
88 38
88 39
88 40
89 40
90 40
91 40
91 41
91 42
90 42
90 43
89 43
89 44
89 45
89 46
89 47
89 48
89 49
88 49
88 50
88 51
88 52
88 53
88 54
88 55
88 56
87 56
87 57
87 58
87 59
87 60
87 61
87 62
87 63
86 63
85 63
85 64
84 64
83 64
82 64
81 64
81 65
81 66
81 67
81 68
81 69
81 70
81 71
81 72
81 73
81 74
82 74
83 74
83 75
83 76
82 76
81 76
80 76
80 77
80 78
80 79
79 79
78 79
77 79
76 79
75 79
75 78
