48 73
48 72
47 72
47 71
47 70
47 69
47 68
47 67
47 66
47 65
47 64
47 63
47 62
47 61
48 61
49 61
49 60
49 59
50 59
50 58
50 57
50 56
50 55
50 54
50 53
50 52
50 51
50 50
50 49
50 48
50 47
50 46
51 46
52 46
53 46
53 45
54 45
55 45
56 45
56 44
57 44
57 43
57 42
58 42
59 42
60 42
61 42
62 42
63 42
64 42
65 42
66 42
67 42
67 41
68 41
69 41
69 40
70 40
71 40
72 40
73 40
74 40
75 40
76 40
77 40
78 40
79 40
80 40
81 40
82 40
83 40
84 40
85 40
86 40
86 39
86 38
86 37
86 36
86 35
87 35
87 34
87 33
87 32
87 31
87 30
88 30
88 29
89 29
90 29
