64 48
63 48
63 47
62 47
62 46
62 45
61 45
60 45
59 45
59 44
59 43
58 43
58 42
58 41
58 40
58 39
58 38
57 38
57 37
57 36
57 35
56 35
56 34
55 34
54 34
53 34
52 34
51 34
50 34
50 33
50 32
49 32
48 32
48 31
47 31
47 30
47 29
47 28
46 28
46 27
46 26
45 26
44 26
44 25
44 24
44 23
44 22
43 22
42 22
42 21
41 21
40 21
40 20
39 20
39 19
39 18
39 17
38 17
38 16
37 16
37 15
36 15
36 14
35 14
35 13
35 12
34 12
33 12
32 12
32 11
32 10
32 9
33 9
34 9
34 10
35 10
36 10
37 10
38 10
38 11
38 12
39 12
40 12
41 12
42 12
