46 22
45 22
45 23
45 24
45 25
44 25
44 26
44 27
44 28
45 28
45 29
45 30
45 31
45 32
44 32
44 33
44 34
44 35
44 36
44 37
44 38
44 39
44 40
44 41
44 42
44 43
45 43
46 43
47 43
47 44
47 45
47 46
46 46
46 47
45 47
45 48
45 49
45 50
45 51
45 52
45 53
45 54
45 55
45 56
45 57
45 58
45 59
45 60
45 61
45 62
45 63
44 63
44 64
44 65
44 66
44 67
43 67
42 67
42 68
42 69
42 70
42 71
41 71
41 72
41 73
41 74
41 75
41 76
40 76
39 76
38 76
38 77
38 78
38 79
39 79
40 79
41 79
42 79
43 79
43 80
43 81
42 81
42 82
41 82
41 83
41 84
41 85
41 86
40 86
39 86
39 87
39 88
40 88
41 88
42 88
43 88
44 88
45 88
45 89
