27 93
27 94
27 95
28 95
29 95
30 95
31 95
31 96
32 96
32 97
32 98
33 98
34 98
35 98
36 98
36 97
37 97
38 97
39 97
40 97
41 97
42 97
42 96
43 96
44 96
45 96
46 96
46 95
46 94
47 94
47 93
48 93
49 93
50 93
51 93
52 93
53 93
54 93
55 93
56 93
57 93
57 92
58 92
59 92
60 92
61 92
61 93
61 94
62 94
63 94
63 93
64 93
65 93
66 93
67 93
67 92
67 91
68 91
69 91
70 91
71 91
72 91
73 91
74 91
75 91
76 91
77 91
78 91
79 91
80 91
80 90
81 90
82 90
83 90
84 90
85 90
86 90
86 89
86 88
87 88
88 88
89 88
89 89
90 89
91 89
91 88
91 87
92 87
93 87
93 86
93 85
94 85
