7 54
7 55
8 55
9 55
10 55
11 55
12 55
13 55
13 54
14 54
15 54
16 54
17 54
18 54
18 55
18 56
19 56
20 56
21 56
22 56
23 56
24 56
25 56
25 55
25 54
26 54
27 54
27 53
28 53
29 53
29 54
29 55
29 56
30 56
31 56
31 55
32 55
33 55
33 56
33 57
34 57
35 57
35 58
35 59
35 60
35 61
36 61
37 61
38 61
39 61
40 61
41 61
42 61
43 61
43 62
44 62
45 62
46 62
47 62
48 62
48 63
49 63
50 63
50 64
51 64
52 64
53 64
53 65
54 65
55 65
56 65
57 65
58 65
59 65
59 66
60 66
61 66
62 66
63 66
64 66
65 66
66 66
66 67
67 67
68 67
68 66
69 66
69 65
70 65
70 64
71 64
72 64
72 65
