3 13
4 13
5 13
6 13
6 14
6 15
7 15
8 15
9 15
9 16
10 16
10 17
10 18
10 19
10 20
10 21
11 21
12 21
12 22
12 23
12 24
13 24
14 24
15 24
16 24
16 25
17 25
18 25
19 25
20 25
21 25
22 25
23 25
24 25
24 26
25 26
26 26
26 25
26 24
27 24
27 23
27 22
27 21
28 21
29 21
30 21
31 21
31 20
31 19
31 18
32 18
32 17
32 16
32 15
33 15
34 15
35 15
36 15
37 15
38 15
39 15
39 16
39 17
39 18
40 18
41 18
42 18
43 18
44 18
45 18
46 18
47 18
48 18
48 17
49 17
50 17
51 17
51 18
52 18
52 19
52 20
52 21
52 22
53 22
53 23
53 24
53 25
53 26
53 27
54 27
55 27
55 26
55 25
