64 9
63 9
62 9
61 9
60 9
59 9
58 9
57 9
56 9
56 10
56 11
56 12
56 13
55 13
54 13
53 13
52 13
52 14
52 15
51 15
50 15
49 15
49 16
48 16
47 16
46 16
45 16
45 17
44 17
43 17
42 17
41 17
40 17
39 17
38 17
37 17
36 17
36 18
35 18
34 18
33 18
32 18
31 18
31 19
31 20
31 21
31 22
30 22
29 22
29 23
28 23
27 23
27 24
27 25
27 26
27 27
27 28
27 29
27 30
27 31
27 32
27 33
26 33
25 33
24 33
24 34
24 35
24 36
23 36
22 36
21 36
20 36
20 37
20 38
19 38
18 38
18 39
17 39
16 39
16 38
16 37
16 36
16 35
16 34
16 33
17 33
