27 92
27 91
28 91
29 91
29 90
30 90
31 90
31 89
32 89
32 88
33 88
34 88
34 87
34 86
35 86
36 86
37 86
37 85
38 85
38 84
38 83
38 82
38 81
38 80
38 79
39 79
39 78
40 78
40 77
40 76
41 76
42 76
43 76
44 76
44 75
45 75
45 74
46 74
47 74
48 74
49 74
50 74
50 73
51 73
52 73
53 73
53 72
54 72
55 72
56 72
57 72
57 71
57 70
57 69
58 69
58 68
59 68
59 67
59 66
59 65
60 65
60 64
60 63
60 62
60 61
61 61
62 61
63 61
63 60
63 59
63 58
63 57
63 56
63 55
63 54
63 53
63 52
63 51
63 50
64 50
65 50
65 49
65 48
65 47
65 46
65 45
64 45
64 44
64 43
64 42
64 41
64 40
65 40
65 39
65 38
65 37
65 36
66 36
67 36
68 36
68 35
68 34
68 33
68 32
67 32
67 31
67 30
67 29
67 28
67 27
67 26
67 25
67 24
68 24
68 23
68 22
69 22
70 22
71 22
71 21
71 20
71 19
72 19
72 18
73 18
73 17
73 16
73 15
73 14
73 13
73 12
73 11
73 10
73 9
74 9
75 9
75 8
75 7
76 7
76 6
