50 16
50 17
50 18
49 18
48 18
48 19
48 20
48 21
48 22
48 23
49 23
50 23
50 24
50 25
50 26
50 27
51 27
51 28
51 29
51 30
51 31
51 32
51 33
51 34
51 35
51 36
52 36
52 37
52 38
52 39
52 40
51 40
51 41
51 42
51 43
51 44
51 45
52 45
52 46
52 47
52 48
52 49
52 50
52 51
52 52
53 52
54 52
55 52
55 53
56 53
57 53
58 53
59 53
59 54
59 55
60 55
61 55
61 56
61 57
62 57
63 57
64 57
64 58
65 58
66 58
66 59
66 60
66 61
66 62
66 63
66 64
67 64
68 64
68 65
68 66
67 66
67 67
67 68
67 69
67 70
66 70
65 70
65 71
65 72
64 72
64 73
64 74
64 75
65 75
66 75
67 75
68 75
68 76
68 77
69 77
69 78
69 79
69 80
69 81
69 82
69 83
69 84
69 85
70 85
70 86
70 87
70 88
70 89
70 90
