47 35
47 36
47 37
48 37
48 38
48 39
47 39
47 40
47 41
47 42
46 42
45 42
44 42
43 42
42 42
42 41
41 41
40 41
40 42
40 43
40 44
40 45
40 46
40 47
40 48
39 48
38 48
37 48
36 48
36 49
36 50
35 50
35 51
35 52
35 53
35 54
34 54
34 55
34 56
33 56
33 57
32 57
31 57
31 58
30 58
30 59
29 59
28 59
28 60
27 60
26 60
25 60
24 60
23 60
22 60
21 60
20 60
20 61
20 62
19 62
18 62
18 63
17 63
17 64
16 64
15 64
15 65
15 66
14 66
13 66
12 66
12 67
12 68
12 69
12 70
12 71
11 71
10 71
10 72
9 72
8 72
7 72
7 73
6 73
5 73
4 73
4 74
3 74
3 75
3 76
3 77
3 78
2 78
1 78
