9 58
9 59
9 60
10 60
11 60
12 60
12 61
13 61
14 61
15 61
16 61
17 61
17 62
17 63
17 64
18 64
19 64
20 64
21 64
21 65
22 65
23 65
24 65
25 65
25 66
25 67
26 67
26 68
27 68
28 68
28 69
29 69
30 69
30 70
30 71
30 72
30 73
30 74
30 75
30 76
30 77
30 78
30 79
31 79
31 80
32 80
32 81
33 81
34 81
35 81
36 81
37 81
37 82
38 82
39 82
40 82
41 82
41 81
42 81
43 81
44 81
44 82
45 82
46 82
46 81
47 81
48 81
49 81
50 81
51 81
52 81
53 81
54 81
55 81
56 81
57 81
58 81
59 81
60 81
61 81
62 81
63 81
64 81
65 81
66 81
67 81
67 80
68 80
69 80
70 80
71 80
72 80
72 79
73 79
74 79
75 79
75 78
76 78
76 77
77 77
78 77
79 77
80 77
81 77
82 77
83 77
83 76
84 76
85 76
85 77
85 78
86 78
87 78
87 79
88 79
89 79
90 79
90 80
90 81
90 82
91 82
92 82
92 83
93 83
