87 10
88 10
88 11
88 12
87 12
87 13
87 14
87 15
86 15
85 15
84 15
83 15
82 15
81 15
80 15
79 15
78 15
78 16
78 17
77 17
76 17
76 18
76 19
76 20
76 21
76 22
76 23
76 24
76 25
76 26
75 26
74 26
74 27
74 28
74 29
74 30
74 31
74 32
74 33
73 33
72 33
72 34
72 35
72 36
71 36
71 37
70 37
69 37
68 37
67 37
67 38
67 39
66 39
66 40
66 41
66 42
66 43
65 43
64 43
63 43
62 43
62 44
62 45
62 46
62 47
62 48
62 49
62 50
62 51
61 51
60 51
60 52
60 53
60 54
60 55
59 55
59 56
59 57
58 57
58 58
58 59
57 59
57 60
57 61
57 62
57 63
57 64
57 65
56 65
55 65
55 66
54 66
54 67
54 68
54 69
54 70
54 71
53 71
52 71
52 72
51 72
50 72
50 71
50 70
50 69
49 69
48 69
48 70
48 71
47 71
46 71
46 72
46 73
46 74
46 75
45 75
45 76
45 77
45 78
