15 21
15 22
15 23
15 24
15 25
15 26
15 27
16 27
16 28
16 29
16 30
16 31
16 32
16 33
16 34
16 35
16 36
17 36
18 36
18 37
18 38
18 39
18 40
19 40
20 40
21 40
21 41
22 41
23 41
23 42
23 43
24 43
24 44
24 45
25 45
25 46
26 46
27 46
28 46
29 46
29 47
30 47
31 47
31 48
31 49
31 50
31 51
32 51
33 51
34 51
34 52
34 53
35 53
35 54
35 55
35 56
36 56
36 57
36 58
36 59
36 60
36 61
37 61
38 61
39 61
39 62
39 63
39 64
39 65
39 66
40 66
41 66
42 66
43 66
43 67
43 68
44 68
45 68
45 69
45 70
45 71
45 72
46 72
47 72
48 72
49 72
50 72
51 72
52 72
53 72
54 72
55 72
55 73
56 73
57 73
57 74
58 74
59 74
60 74
60 75
60 76
61 76
62 76
63 76
64 76
65 76
66 76
67 76
68 76
68 77
68 78
69 78
70 78
71 78
72 78
73 78
73 79
73 80
73 81
74 81
75 81
