97 19
96 19
95 19
94 19
93 19
92 19
91 19
90 19
89 19
88 19
88 18
88 17
88 16
87 16
87 15
87 14
86 14
85 14
85 13
85 12
84 12
84 11
83 11
82 11
81 11
81 10
80 10
80 9
80 8
79 8
78 8
77 8
77 9
76 9
75 9
74 9
73 9
72 9
71 9
70 9
69 9
68 9
67 9
66 9
65 9
64 9
64 8
64 7
63 7
63 6
63 5
63 4
62 4
61 4
60 4
59 4
58 4
58 5
57 5
56 5
55 5
55 6
54 6
53 6
52 6
52 7
51 7
51 8
51 9
51 10
50 10
49 10
49 11
49 12
49 13
49 14
48 14
47 14
46 14
45 14
44 14
43 14
43 15
42 15
42 16
41 16
40 16
39 16
38 16
38 17
38 18
38 19
37 19
36 19
35 19
34 19
34 20
34 21
34 22
33 22
32 22
31 22
30 22
30 23
29 23
29 24
29 25
28 25
28 26
28 27
28 28
28 29
28 30
28 31
28 32
28 33
28 34
27 34
27 35
26 35
26 36
26 37
27 37
28 37
28 36
