14 70
15 70
16 70
16 69
17 69
17 68
17 67
18 67
18 66
18 65
18 64
18 63
19 63
19 62
19 61
19 60
19 59
18 59
18 58
17 58
17 57
17 56
17 55
17 54
16 54
16 53
16 52
17 52
17 51
17 50
17 49
17 48
18 48
19 48
19 47
19 46
19 45
19 44
19 43
19 42
19 41
19 40
19 39
20 39
21 39
21 38
21 37
22 37
22 36
22 35
22 34
22 33
22 32
22 31
22 30
23 30
23 29
23 28
24 28
25 28
25 27
25 26
26 26
26 25
27 25
27 24
27 23
28 23
28 22
28 21
28 20
29 20
29 19
29 18
29 17
29 16
30 16
30 15
31 15
31 14
32 14
33 14
34 14
35 14
36 14
37 14
38 14
39 14
39 13
40 13
41 13
42 13
43 13
44 13
44 12
44 11
45 11
45 10
46 10
47 10
48 10
49 10
49 9
50 9
50 8
51 8
52 8
52 9
53 9
53 10
54 10
55 10
