2 46
1 46
1 45
1 44
2 44
2 43
3 43
3 42
3 41
3 40
3 39
3 38
4 38
5 38
5 37
6 37
7 37
8 37
8 36
9 36
9 35
10 35
11 35
12 35
13 35
14 35
15 35
16 35
17 35
18 35
18 34
19 34
20 34
21 34
22 34
23 34
24 34
25 34
25 33
26 33
27 33
28 33
29 33
30 33
31 33
32 33
32 32
33 32
34 32
35 32
36 32
37 32
38 32
39 32
40 32
41 32
42 32
43 32
44 32
44 33
45 33
46 33
47 33
48 33
49 33
50 33
51 33
52 33
53 33
53 32
53 31
54 31
54 30
54 29
54 28
55 28
56 28
56 27
56 26
56 25
56 24
57 24
58 24
59 24
60 24
60 23
60 22
60 21
60 20
60 19
60 18
61 18
61 17
62 17
62 16
62 15
63 15
64 15
65 15
66 15
67 15
68 15
69 15
70 15
70 14
70 13
71 13
72 13
73 13
73 12
74 12
75 12
75 13
76 13
77 13
78 13
79 13
80 13
81 13
82 13
83 13
84 13
85 13
86 13
87 13
88 13
88 14
88 15
89 15
90 15
91 15
92 15
93 15
