18 88
17 88
17 87
16 87
15 87
14 87
14 86
14 85
14 84
15 84
16 84
17 84
18 84
18 83
18 82
18 81
17 81
17 80
17 79
17 78
16 78
16 77
16 76
16 75
16 74
16 73
16 72
16 71
15 71
15 70
14 70
14 69
14 68
14 67
14 66
14 65
14 64
14 63
14 62
14 61
14 60
14 59
14 58
14 57
14 56
14 55
14 54
14 53
14 52
14 51
14 50
14 49
14 48
14 47
15 47
15 46
15 45
16 45
16 44
16 43
16 42
17 42
17 41
18 41
19 41
19 40
20 40
20 39
20 38
21 38
21 37
21 36
21 35
21 34
21 33
21 32
21 31
22 31
23 31
24 31
24 30
24 29
24 28
24 27
24 26
24 25
24 24
23 24
22 24
21 24
20 24
19 24
19 23
19 22
19 21
18 21
17 21
16 21
15 21
14 21
14 20
14 19
14 18
14 17
13 17
12 17
12 16
11 16
10 16
9 16
8 16
8 15
8 14
