53 94
54 94
55 94
55 93
55 92
54 92
54 91
54 90
54 89
54 88
55 88
55 87
56 87
57 87
57 86
57 85
57 84
57 83
57 82
57 81
58 81
58 80
58 79
59 79
59 78
59 77
59 76
60 76
61 76
62 76
63 76
64 76
65 76
65 75
65 74
65 73
64 73
64 72
64 71
65 71
66 71
66 70
66 69
67 69
68 69
68 68
68 67
67 67
67 66
67 65
67 64
67 63
67 62
66 62
66 61
66 60
66 59
66 58
67 58
67 57
67 56
67 55
66 55
66 54
66 53
66 52
66 51
66 50
66 49
67 49
68 49
69 49
70 49
70 48
70 47
70 46
70 45
70 44
71 44
71 43
71 42
71 41
71 40
72 40
72 39
72 38
72 37
72 36
72 35
72 34
72 33
72 32
72 31
72 30
71 30
71 29
71 28
71 27
71 26
70 26
69 26
69 25
