37 9
37 10
37 11
37 12
37 13
37 14
38 14
38 15
38 16
39 16
40 16
41 16
41 17
41 18
42 18
43 18
43 19
43 20
43 21
44 21
45 21
45 22
46 22
47 22
48 22
49 22
50 22
51 22
52 22
53 22
53 23
54 23
55 23
56 23
57 23
58 23
58 24
58 25
58 26
59 26
59 27
60 27
61 27
62 27
63 27
63 28
64 28
65 28
65 29
65 30
65 31
66 31
67 31
67 32
67 33
67 34
67 35
68 35
68 36
69 36
69 37
69 38
70 38
71 38
72 38
72 39
72 40
72 41
73 41
73 42
73 43
73 44
74 44
75 44
76 44
76 45
77 45
78 45
79 45
79 46
80 46
81 46
81 47
81 48
82 48
82 49
82 50
82 51
83 51
84 51
85 51
86 51
87 51
88 51
89 51
89 52
89 53
90 53
91 53
91 54
91 55
91 56
90 56
90 57
90 58
91 58
91 59
91 60
91 61
91 62
92 62
92 63
93 63
94 63
94 64
94 65
94 66
94 67
95 67
96 67
96 68
96 69
95 69
