92 76
91 76
90 76
90 75
90 74
90 73
89 73
88 73
87 73
87 72
86 72
86 71
86 70
86 69
86 68
86 67
87 67
87 66
87 65
87 64
87 63
87 62
87 61
87 60
87 59
87 58
87 57
87 56
86 56
85 56
84 56
83 56
83 55
83 54
82 54
82 53
82 52
81 52
80 52
80 51
79 51
78 51
77 51
76 51
75 51
75 50
74 50
73 50
72 50
71 50
70 50
69 50
68 50
67 50
67 49
67 48
66 48
65 48
64 48
64 47
63 47
62 47
62 46
61 46
60 46
59 46
58 46
57 46
56 46
55 46
54 46
54 45
54 44
54 43
53 43
52 43
51 43
50 43
49 43
49 42
48 42
47 42
46 42
46 41
46 40
46 39
46 38
45 38
45 37
44 37
44 36
44 35
43 35
42 35
42 34
41 34
40 34
40 33
40 32
40 31
40 30
39 30
39 29
39 28
38 28
37 28
36 28
35 28
34 28
33 28
33 27
32 27
32 26
31 26
30 26
29 26
28 26
28 25
28 24
27 24
26 24
26 23
26 22
25 22
24 22
23 22
22 22
22 21
22 20
22 19
22 18
22 17
22 16
22 15
21 15
21 14
20 14
19 14
19 13
18 13
17 13
16 13
16 12
16 11
15 11
14 11
13 11
12 11
12 10
11 10
11 9
10 9
9 9
9 8
9 7
9 6
9 5
9 4
9 3
9 2
9 1
10 1
11 1
12 1
13 1
14 1
