9 95
9 94
9 93
9 92
9 91
10 91
11 91
11 90
11 89
11 88
12 88
12 87
13 87
13 86
13 85
14 85
14 84
14 83
15 83
15 82
16 82
16 81
16 80
16 79
16 78
17 78
18 78
18 77
19 77
19 76
20 76
21 76
21 75
22 75
23 75
24 75
25 75
25 74
25 73
26 73
26 72
27 72
27 71
28 71
28 70
28 69
28 68
28 67
28 66
29 66
29 65
29 64
30 64
31 64
32 64
33 64
34 64
35 64
35 63
35 62
36 62
37 62
38 62
38 61
38 60
38 59
38 58
38 57
38 56
38 55
38 54
38 53
38 52
38 51
38 50
38 49
38 48
39 48
40 48
41 48
41 47
42 47
42 46
43 46
44 46
45 46
46 46
47 46
48 46
49 46
50 46
51 46
52 46
53 46
54 46
54 45
54 44
54 43
54 42
55 42
55 41
55 40
55 39
55 38
55 37
55 36
55 35
55 34
55 33
55 32
56 32
57 32
58 32
59 32
59 31
60 31
61 31
61 30
62 30
63 30
64 30
65 30
66 30
