49 66
50 66
50 65
50 64
49 64
48 64
48 63
48 62
47 62
47 61
47 60
48 60
49 60
50 60
50 59
50 58
50 57
51 57
51 56
51 55
51 54
51 53
52 53
53 53
53 52
53 51
54 51
54 50
54 49
54 48
54 47
55 47
56 47
57 47
58 47
58 46
59 46
60 46
61 46
62 46
62 45
63 45
64 45
65 45
66 45
67 45
68 45
69 45
70 45
71 45
71 44
71 43
71 42
71 41
71 40
71 39
71 38
72 38
73 38
74 38
75 38
76 38
77 38
77 37
78 37
78 36
78 35
79 35
79 34
80 34
81 34
81 33
82 33
82 32
82 31
82 30
82 29
82 28
81 28
81 27
81 26
81 25
81 24
81 23
80 23
80 22
80 21
81 21
81 20
81 19
81 18
82 18
82 17
83 17
84 17
85 17
