86 6
85 6
84 6
83 6
82 6
81 6
81 5
80 5
79 5
78 5
78 4
77 4
76 4
75 4
74 4
73 4
72 4
71 4
71 5
70 5
69 5
69 6
68 6
68 7
67 7
66 7
65 7
64 7
63 7
62 7
61 7
61 8
60 8
59 8
58 8
57 8
56 8
56 9
55 9
54 9
53 9
52 9
51 9
50 9
50 10
49 10
48 10
47 10
46 10
45 10
44 10
43 10
42 10
41 10
40 10
39 10
38 10
37 10
36 10
36 11
36 12
36 13
35 13
35 14
35 15
34 15
34 16
33 16
32 16
31 16
30 16
30 17
29 17
28 17
27 17
27 18
27 19
27 20
26 20
25 20
24 20
24 21
23 21
23 22
23 23
23 24
22 24
21 24
21 25
20 25
19 25
19 26
19 27
19 28
19 29
19 30
19 31
19 32
19 33
19 34
19 35
18 35
17 35
16 35
16 36
16 37
16 38
16 39
16 40
16 41
17 41
17 42
17 43
17 44
17 45
17 46
16 46
15 46
14 46
13 46
12 46
12 45
11 45
10 45
9 45
9 44
8 44
7 44
6 44
5 44
4 44
4 45
4 46
3 46
2 46
2 47
2 48
1 48
