79 5
78 5
77 5
77 4
76 4
75 4
75 5
74 5
73 5
72 5
71 5
71 6
71 7
70 7
70 8
70 9
70 10
69 10
68 10
67 10
67 11
66 11
65 11
64 11
64 12
64 13
63 13
63 14
62 14
62 15
61 15
60 15
59 15
58 15
57 15
56 15
55 15
54 15
53 15
52 15
51 15
51 16
50 16
49 16
49 17
48 17
47 17
46 17
45 17
45 18
45 19
45 20
44 20
44 21
43 21
43 22
43 23
43 24
43 25
43 26
43 27
43 28
43 29
43 30
43 31
43 32
42 32
41 32
41 33
41 34
41 35
41 36
41 37
41 38
40 38
39 38
38 38
37 38
37 39
37 40
36 40
35 40
34 40
34 41
34 42
34 43
33 43
32 43
32 44
32 45
33 45
34 45
34 46
