37 87
37 86
37 85
38 85
39 85
39 84
39 83
39 82
39 81
38 81
38 80
38 79
38 78
38 77
38 76
38 75
37 75
37 74
37 73
37 72
37 71
37 70
38 70
38 69
38 68
38 67
38 66
37 66
37 65
37 64
37 63
37 62
36 62
36 61
36 60
36 59
36 58
35 58
35 57
35 56
36 56
36 55
36 54
37 54
38 54
38 53
38 52
38 51
38 50
38 49
38 48
38 47
37 47
37 46
36 46
35 46
35 45
35 44
35 43
35 42
35 41
36 41
36 40
36 39
36 38
36 37
36 36
37 36
37 35
37 34
37 33
37 32
38 32
39 32
40 32
40 31
41 31
41 30
41 29
41 28
42 28
42 27
43 27
44 27
44 26
44 25
44 24
43 24
43 23
43 22
42 22
41 22
40 22
40 21
40 20
40 19
40 18
41 18
41 17
42 17
42 16
42 15
42 14
41 14
40 14
40 13
40 12
40 11
41 11
42 11
42 10
43 10
43 9
43 8
43 7
43 6
