42 79
42 78
42 77
43 77
43 76
43 75
43 74
43 73
43 72
43 71
43 70
44 70
44 69
44 68
44 67
44 66
44 65
44 64
45 64
45 63
45 62
44 62
44 61
44 60
44 59
44 58
44 57
44 56
44 55
44 54
44 53
44 52
44 51
44 50
44 49
44 48
44 47
44 46
44 45
44 44
44 43
44 42
44 41
44 40
44 39
44 38
44 37
43 37
42 37
41 37
40 37
39 37
38 37
38 36
38 35
38 34
37 34
36 34
35 34
35 33
35 32
35 31
35 30
35 29
35 28
35 27
35 26
35 25
35 24
35 23
34 23
33 23
33 22
32 22
31 22
31 21
31 20
31 19
31 18
31 17
31 16
31 15
31 14
31 13
31 12
31 11
31 10
32 10
33 10
33 11
34 11
35 11
