94 58
94 57
94 56
94 55
93 55
92 55
91 55
90 55
89 55
89 54
88 54
88 53
88 52
88 51
88 50
87 50
86 50
86 49
85 49
84 49
83 49
83 48
83 47
83 46
82 46
81 46
80 46
79 46
79 45
78 45
78 44
77 44
76 44
75 44
74 44
74 43
74 42
73 42
73 41
72 41
72 40
71 40
70 40
69 40
69 39
68 39
68 38
67 38
67 37
67 36
67 35
66 35
65 35
64 35
64 36
63 36
62 36
61 36
60 36
59 36
58 36
57 36
56 36
55 36
54 36
53 36
52 36
52 35
52 34
51 34
51 33
51 32
51 31
50 31
49 31
48 31
47 31
47 30
47 29
47 28
46 28
45 28
45 27
45 26
45 25
44 25
43 25
42 25
41 25
41 24
41 23
41 22
41 21
40 21
39 21
38 21
37 21
36 21
35 21
35 20
34 20
34 19
34 18
34 17
33 17
32 17
31 17
30 17
29 17
28 17
27 17
26 17
25 17
24 17
24 18
23 18
22 18
21 18
20 18
19 18
18 18
18 17
18 16
18 15
17 15
16 15
16 14
16 13
15 13
14 13
14 12
14 11
14 10
15 10
15 9
15 8
14 8
13 8
12 8
11 8
10 8
10 7
9 7
8 7
7 7
6 7
6 8
5 8
4 8
3 8
