56 22
55 22
54 22
54 23
53 23
52 23
52 24
52 25
52 26
51 26
50 26
49 26
48 26
47 26
47 27
46 27
45 27
45 28
44 28
43 28
43 29
43 30
43 31
42 31
41 31
40 31
40 32
40 33
40 34
40 35
40 36
40 37
40 38
40 39
40 40
39 40
38 40
38 41
38 42
38 43
37 43
36 43
36 44
35 44
34 44
34 45
34 46
33 46
32 46
31 46
30 46
29 46
28 46
27 46
26 46
26 47
25 47
24 47
23 47
22 47
21 47
21 48
20 48
19 48
18 48
17 48
16 48
15 48
15 49
14 49
14 50
13 50
13 51
12 51
11 51
10 51
9 51
8 51
7 51
7 52
7 53
7 54
7 55
7 56
7 57
7 58
7 59
7 60
6 60
6 61
5 61
4 61
4 62
