89 7
88 7
87 7
87 8
87 9
87 10
86 10
86 11
85 11
85 12
84 12
83 12
83 13
83 14
83 15
83 16
83 17
83 18
83 19
83 20
83 21
83 22
83 23
83 24
83 25
83 26
83 27
84 27
85 27
85 28
85 29
85 30
86 30
86 31
86 32
86 33
86 34
86 35
87 35
88 35
88 36
88 37
88 38
89 38
89 39
89 40
89 41
89 42
88 42
87 42
86 42
86 43
86 44
85 44
85 45
85 46
84 46
83 46
83 47
83 48
82 48
82 49
82 50
82 51
81 51
80 51
80 52
80 53
80 54
80 55
80 56
80 57
80 58
79 58
78 58
78 59
78 60
78 61
78 62
77 62
77 63
76 63
75 63
75 64
75 65
75 66
75 67
75 68
75 69
75 70
74 70
74 71
74 72
74 73
74 74
74 75
73 75
73 76
73 77
73 78
73 79
74 79
75 79
76 79
77 79
78 79
78 80
78 81
79 81
80 81
80 80
81 80
81 79
