87 41
87 40
87 39
87 38
87 37
87 36
86 36
85 36
84 36
84 37
84 38
83 38
82 38
81 38
81 39
80 39
80 40
79 40
78 40
78 39
77 39
77 38
76 38
75 38
74 38
73 38
72 38
71 38
70 38
70 39
69 39
68 39
67 39
66 39
65 39
64 39
63 39
63 40
63 41
62 41
61 41
60 41
60 42
59 42
58 42
58 41
57 41
56 41
56 40
55 40
54 40
53 40
53 39
52 39
51 39
51 38
51 37
51 36
51 35
50 35
49 35
48 35
47 35
46 35
45 35
44 35
43 35
42 35
41 35
41 36
40 36
39 36
38 36
37 36
37 35
36 35
35 35
34 35
33 35
32 35
31 35
30 35
29 35
28 35
28 34
28 33
28 32
28 31
27 31
26 31
25 31
24 31
24 32
23 32
22 32
21 32
20 32
19 32
18 32
18 31
17 31
17 30
16 30
15 30
14 30
13 30
13 29
12 29
11 29
11 30
10 30
9 30
8 30
7 30
6 30
6 29
6 28
6 27
6 26
6 25
6 24
5 24
4 24
4 25
