77 3
76 3
76 4
75 4
74 4
73 4
72 4
72 5
72 6
71 6
71 7
71 8
71 9
71 10
71 11
70 11
69 11
68 11
68 12
68 13
68 14
68 15
68 16
68 17
68 18
67 18
67 19
66 19
65 19
65 20
65 21
65 22
65 23
66 23
66 24
66 25
66 26
66 27
66 28
66 29
66 30
66 31
66 32
67 32
67 33
68 33
68 34
68 35
68 36
69 36
69 37
69 38
69 39
69 40
69 41
69 42
69 43
69 44
68 44
67 44
67 45
66 45
66 46
66 47
66 48
66 49
66 50
66 51
66 52
66 53
66 54
66 55
66 56
66 57
66 58
66 59
66 60
67 60
67 61
67 62
68 62
68 63
68 64
68 65
67 65
66 65
65 65
64 65
64 66
64 67
65 67
65 68
65 69
65 70
65 71
65 72
65 73
65 74
65 75
65 76
65 77
65 78
65 79
66 79
66 80
66 81
66 82
66 83
66 84
67 84
68 84
68 85
68 86
68 87
68 88
68 89
68 90
69 90
70 90
70 91
70 92
70 93
71 93
72 93
72 94
