85 33
85 34
84 34
84 35
84 36
84 37
84 38
84 39
83 39
82 39
82 40
81 40
81 41
81 42
81 43
80 43
80 44
80 45
80 46
80 47
80 48
81 48
81 49
81 50
80 50
79 50
79 51
79 52
79 53
79 54
79 55
80 55
80 56
80 57
79 57
78 57
78 58
78 59
78 60
78 61
79 61
79 62
80 62
80 63
80 64
81 64
81 65
81 66
81 67
81 68
81 69
82 69
82 70
82 71
82 72
83 72
84 72
84 73
84 74
84 75
84 76
84 77
85 77
86 77
86 78
86 79
86 80
85 80
85 81
85 82
85 83
86 83
86 84
86 85
86 86
87 86
88 86
89 86
90 86
91 86
92 86
93 86
94 86
95 86
96 86
96 87
97 87
