8 61
9 61
9 60
9 59
10 59
11 59
12 59
13 59
14 59
15 59
16 59
17 59
18 59
19 59
20 59
21 59
22 59
23 59
24 59
24 58
24 57
24 56
24 55
25 55
26 55
26 54
26 53
27 53
28 53
28 52
28 51
29 51
30 51
31 51
32 51
33 51
34 51
35 51
36 51
36 52
37 52
38 52
39 52
40 52
40 51
40 50
40 49
41 49
42 49
43 49
44 49
45 49
46 49
47 49
47 50
48 50
49 50
50 50
51 50
52 50
53 50
54 50
55 50
55 49
56 49
56 48
56 47
56 46
57 46
58 46
59 46
60 46
61 46
62 46
63 46
64 46
64 45
65 45
66 45
67 45
68 45
68 44
68 43
67 43
66 43
66 42
66 41
65 41
