31 47
31 46
31 45
31 44
31 43
32 43
33 43
34 43
34 42
34 41
35 41
36 41
36 40
37 40
38 40
39 40
40 40
40 39
41 39
42 39
42 38
42 37
42 36
43 36
44 36
44 35
44 34
44 33
45 33
45 32
45 31
45 30
46 30
47 30
47 29
48 29
48 28
48 27
48 26
48 25
48 24
48 23
48 22
49 22
50 22
50 21
50 20
50 19
50 18
50 17
51 17
52 17
52 16
53 16
54 16
55 16
56 16
57 16
58 16
59 16
60 16
61 16
61 15
61 14
62 14
63 14
63 13
63 12
63 11
64 11
64 10
65 10
66 10
67 10
68 10
69 10
70 10
70 9
71 9
71 8
71 7
71 6
71 5
71 4
71 3
71 2
71 1
72 1
