9 98
10 98
10 97
10 96
10 95
11 95
11 94
11 93
11 92
12 92
13 92
14 92
14 91
15 91
15 90
16 90
17 90
18 90
19 90
20 90
21 90
22 90
22 89
22 88
23 88
24 88
25 88
26 88
27 88
27 87
27 86
28 86
28 85
28 84
28 83
29 83
30 83
30 82
31 82
32 82
33 82
34 82
35 82
36 82
37 82
38 82
39 82
40 82
40 83
40 84
41 84
42 84
42 83
42 82
42 81
42 80
42 79
43 79
44 79
45 79
46 79
46 78
47 78
48 78
49 78
49 77
50 77
50 76
50 75
50 74
51 74
52 74
53 74
54 74
54 73
54 72
55 72
56 72
57 72
57 71
58 71
58 70
58 69
59 69
59 68
59 67
60 67
61 67
62 67
63 67
63 66
64 66
64 65
64 64
65 64
65 63
66 63
66 62
66 61
66 60
66 59
67 59
67 58
67 57
67 56
68 56
69 56
70 56
70 55
71 55
71 54
72 54
73 54
74 54
75 54
76 54
76 53
77 53
78 53
79 53
80 53
81 53
82 53
