8 67
9 67
10 67
10 66
10 65
10 64
10 63
11 63
11 62
11 61
12 61
13 61
13 60
14 60
15 60
15 59
16 59
17 59
17 58
17 57
18 57
18 56
18 55
18 54
19 54
19 53
19 52
19 51
19 50
20 50
20 49
21 49
22 49
23 49
24 49
25 49
25 48
26 48
27 48
27 47
28 47
29 47
29 46
29 45
29 44
30 44
30 43
30 42
30 41
30 40
30 39
30 38
30 37
30 36
30 35
31 35
31 34
31 33
32 33
32 32
32 31
33 31
33 30
33 29
34 29
35 29
36 29
37 29
38 29
38 28
38 27
38 26
39 26
40 26
40 25
41 25
42 25
43 25
44 25
44 24
44 23
44 22
45 22
45 21
45 20
45 19
46 19
47 19
48 19
49 19
50 19
51 19
52 19
53 19
54 19
54 18
55 18
56 18
57 18
57 17
57 16
58 16
59 16
60 16
61 16
62 16
62 15
63 15
64 15
64 14
64 13
64 12
64 11
65 11
66 11
67 11
67 10
67 9
67 8
67 7
67 6
68 6
69 6
70 6
71 6
71 7
71 8
71 9
71 10
72 10
73 10
74 10
74 11
75 11
