48 96
47 96
47 95
47 94
47 93
47 92
46 92
46 91
46 90
46 89
46 88
46 87
46 86
46 85
46 84
47 84
47 83
48 83
48 82
48 81
47 81
47 80
47 79
47 78
46 78
46 77
46 76
46 75
46 74
46 73
46 72
47 72
47 71
47 70
47 69
48 69
48 68
48 67
48 66
47 66
46 66
46 65
45 65
44 65
43 65
42 65
41 65
41 64
41 63
41 62
40 62
40 61
40 60
40 59
40 58
40 57
40 56
40 55
40 54
40 53
41 53
41 52
41 51
40 51
39 51
39 50
39 49
39 48
39 47
39 46
39 45
39 44
39 43
39 42
38 42
38 41
37 41
37 40
37 39
37 38
38 38
39 38
39 37
39 36
39 35
39 34
38 34
37 34
37 33
37 32
37 31
37 30
37 29
36 29
36 28
36 27
36 26
36 25
36 24
36 23
36 22
36 21
36 20
36 19
36 18
36 17
36 16
36 15
36 14
37 14
37 13
37 12
36 12
36 11
36 10
36 9
35 9
34 9
34 8
33 8
32 8
32 7
31 7
30 7
30 6
30 5
29 5
28 5
28 6
