16 88
15 88
15 87
15 86
16 86
17 86
18 86
19 86
19 87
19 88
20 88
21 88
21 89
21 90
22 90
23 90
24 90
25 90
26 90
27 90
27 91
28 91
29 91
29 92
29 93
30 93
31 93
32 93
33 93
33 94
34 94
35 94
36 94
37 94
38 94
38 93
39 93
40 93
41 93
42 93
42 92
43 92
44 92
45 92
46 92
47 92
48 92
49 92
50 92
50 91
51 91
51 90
52 90
53 90
54 90
55 90
56 90
57 90
58 90
59 90
59 89
60 89
61 89
62 89
63 89
64 89
64 88
65 88
66 88
66 89
66 90
67 90
67 91
68 91
68 92
69 92
70 92
70 93
71 93
72 93
73 93
73 92
73 91
74 91
75 91
76 91
76 92
77 92
78 92
78 93
