32 75
32 74
32 73
31 73
30 73
29 73
28 73
28 72
27 72
27 71
27 70
27 69
27 68
27 67
28 67
28 66
28 65
28 64
28 63
27 63
27 62
27 61
27 60
27 59
27 58
27 57
27 56
27 55
27 54
26 54
26 53
26 52
26 51
26 50
25 50
25 49
25 48
26 48
26 47
26 46
26 45
27 45
27 44
27 43
28 43
28 42
28 41
28 40
29 40
29 39
29 38
29 37
29 36
29 35
29 34
30 34
31 34
32 34
32 33
33 33
34 33
35 33
36 33
36 32
36 31
36 30
36 29
36 28
37 28
38 28
39 28
40 28
41 28
41 27
41 26
42 26
43 26
44 26
45 26
46 26
46 25
46 24
47 24
47 23
47 22
47 21
47 20
47 19
47 18
47 17
47 16
47 15
47 14
47 13
47 12
47 11
47 10
48 10
48 9
