60 94
60 93
60 92
60 91
59 91
58 91
58 90
57 90
57 89
57 88
57 87
57 86
58 86
58 85
58 84
57 84
57 83
57 82
57 81
56 81
55 81
54 81
53 81
52 81
52 80
51 80
51 79
51 78
50 78
50 77
50 76
50 75
49 75
48 75
47 75
46 75
45 75
44 75
43 75
43 74
42 74
42 73
42 72
42 71
42 70
42 69
42 68
41 68
40 68
39 68
38 68
38 67
38 66
38 65
38 64
38 63
38 62
38 61
37 61
36 61
35 61
34 61
33 61
33 60
33 59
32 59
31 59
30 59
30 58
30 57
29 57
28 57
27 57
26 57
25 57
24 57
24 56
24 55
23 55
22 55
21 55
20 55
20 54
19 54
18 54
18 53
17 53
16 53
16 52
16 51
16 50
16 49
16 48
15 48
14 48
14 47
14 46
