97 43
97 42
97 41
96 41
95 41
94 41
94 40
94 39
93 39
92 39
91 39
91 38
90 38
90 37
89 37
88 37
87 37
86 37
85 37
85 36
85 35
84 35
83 35
82 35
82 34
82 33
82 32
82 31
81 31
80 31
79 31
78 31
78 30
77 30
76 30
76 31
75 31
74 31
74 32
73 32
72 32
71 32
70 32
69 32
68 32
68 31
67 31
66 31
65 31
64 31
63 31
62 31
61 31
60 31
59 31
59 32
58 32
57 32
56 32
56 31
55 31
54 31
53 31
52 31
51 31
51 30
50 30
49 30
48 30
48 31
47 31
46 31
45 31
44 31
43 31
42 31
41 31
40 31
39 31
38 31
37 31
37 30
36 30
35 30
34 30
34 29
33 29
32 29
31 29
30 29
29 29
28 29
27 29
26 29
25 29
24 29
23 29
22 29
21 29
20 29
19 29
18 29
17 29
16 29
15 29
15 28
15 27
14 27
13 27
13 26
13 25
13 24
13 23
13 22
12 22
12 21
12 20
12 19
12 18
12 17
12 16
11 16
11 15
10 15
10 14
10 13
10 12
9 12
8 12
8 11
