84 93
84 92
84 91
85 91
85 90
85 89
85 88
85 87
84 87
83 87
82 87
82 86
82 85
81 85
81 84
80 84
80 83
79 83
78 83
77 83
76 83
76 84
75 84
74 84
73 84
72 84
71 84
70 84
70 83
70 82
70 81
69 81
69 80
69 79
68 79
67 79
66 79
65 79
64 79
63 79
62 79
61 79
61 78
61 77
61 76
60 76
60 75
59 75
58 75
57 75
56 75
55 75
55 76
54 76
53 76
52 76
52 77
51 77
50 77
49 77
49 78
49 79
49 80
48 80
48 81
48 82
47 82
46 82
45 82
44 82
44 83
44 84
44 85
44 86
43 86
43 87
42 87
41 87
40 87
39 87
39 86
38 86
37 86
37 87
36 87
35 87
34 87
33 87
32 87
32 88
