17 83
17 82
18 82
19 82
19 81
20 81
21 81
22 81
23 81
24 81
24 80
25 80
26 80
27 80
28 80
28 81
28 82
28 83
29 83
29 84
30 84
31 84
31 83
32 83
33 83
34 83
35 83
36 83
36 82
37 82
38 82
39 82
40 82
41 82
42 82
43 82
43 81
44 81
45 81
46 81
47 81
47 80
48 80
49 80
50 80
51 80
52 80
53 80
53 81
54 81
55 81
55 80
56 80
56 79
56 78
56 77
57 77
57 76
57 75
58 75
59 75
60 75
61 75
62 75
62 74
62 73
63 73
64 73
65 73
66 73
67 73
68 73
69 73
69 72
69 71
70 71
70 70
70 69
71 69
72 69
72 68
72 67
73 67
74 67
75 67
76 67
77 67
77 66
77 65
