39 29
38 29
38 30
38 31
38 32
37 32
37 33
37 34
37 35
37 36
36 36
36 37
36 38
35 38
35 39
35 40
35 41
35 42
35 43
35 44
35 45
35 46
35 47
35 48
35 49
34 49
34 50
34 51
34 52
34 53
34 54
34 55
34 56
33 56
33 57
33 58
33 59
33 60
33 61
33 62
33 63
33 64
34 64
34 65
34 66
34 67
33 67
33 68
33 69
33 70
33 71
34 71
34 72
34 73
34 74
34 75
34 76
34 77
34 78
35 78
36 78
36 79
36 80
36 81
37 81
37 82
38 82
38 83
38 84
38 85
39 85
40 85
40 86
40 87
41 87
41 88
41 89
40 89
39 89
38 89
37 89
36 89
35 89
35 88
35 87
35 86
34 86
34 85
33 85
32 85
32 86
32 87
31 87
31 88
31 89
30 89
30 90
30 91
30 92
30 93
30 94
30 95
29 95
28 95
27 95
27 94
27 93
27 92
26 92
25 92
24 92
23 92
22 92
21 92
21 91
20 91
20 90
20 89
