75 39
74 39
73 39
73 40
72 40
71 40
70 40
69 40
69 41
68 41
68 42
67 42
66 42
65 42
64 42
64 43
64 44
64 45
64 46
63 46
62 46
62 47
62 48
61 48
60 48
59 48
59 49
59 50
58 50
57 50
57 49
57 48
57 47
56 47
55 47
54 47
53 47
52 47
51 47
50 47
49 47
49 46
48 46
47 46
46 46
45 46
44 46
43 46
43 47
43 48
42 48
41 48
40 48
40 47
39 47
38 47
37 47
37 46
37 45
37 44
36 44
35 44
34 44
33 44
33 43
33 42
32 42
31 42
31 41
30 41
29 41
28 41
27 41
26 41
26 40
26 39
25 39
24 39
23 39
22 39
21 39
21 38
21 37
20 37
19 37
19 36
19 35
19 34
18 34
17 34
16 34
15 34
14 34
14 35
14 36
15 36
