80 32
80 33
81 33
81 34
81 35
80 35
79 35
78 35
77 35
77 36
76 36
75 36
74 36
74 37
73 37
73 38
73 39
73 40
73 41
72 41
71 41
70 41
69 41
68 41
68 42
68 43
68 44
68 45
67 45
66 45
65 45
64 45
64 46
63 46
62 46
61 46
60 46
59 46
58 46
57 46
56 46
56 47
56 48
56 49
55 49
55 50
54 50
53 50
52 50
51 50
50 50
49 50
48 50
47 50
47 49
46 49
45 49
44 49
43 49
42 49
41 49
40 49
40 50
40 51
40 52
39 52
38 52
37 52
37 53
37 54
37 55
36 55
35 55
34 55
33 55
32 55
31 55
30 55
30 56
29 56
28 56
27 56
26 56
26 55
25 55
24 55
24 56
24 57
24 58
24 59
23 59
22 59
21 59
20 59
19 59
18 59
17 59
16 59
15 59
14 59
13 59
12 59
11 59
