51 94
52 94
52 93
52 92
52 91
53 91
54 91
55 91
55 90
55 89
55 88
55 87
55 86
55 85
55 84
55 83
55 82
56 82
56 81
56 80
56 79
56 78
56 77
56 76
57 76
57 75
57 74
57 73
57 72
57 71
57 70
57 69
57 68
57 67
58 67
59 67
59 66
60 66
60 65
60 64
60 63
60 62
60 61
60 60
60 59
60 58
60 57
60 56
60 55
60 54
61 54
61 53
61 52
61 51
62 51
63 51
64 51
65 51
66 51
67 51
68 51
69 51
70 51
71 51
71 50
71 49
72 49
73 49
74 49
75 49
76 49
76 48
76 47
76 46
76 45
76 44
76 43
76 42
76 41
76 40
76 39
76 38
76 37
76 36
76 35
77 35
78 35
79 35
79 34
79 33
79 32
79 31
80 31
81 31
81 30
82 30
83 30
83 29
83 28
83 27
84 27
84 26
85 26
85 25
86 25
86 24
86 23
86 22
86 21
86 20
87 20
87 19
88 19
89 19
90 19
90 18
91 18
92 18
93 18
94 18
94 17
94 16
94 15
94 14
94 13
