91 88
90 88
89 88
88 88
88 87
87 87
87 86
87 85
87 84
87 83
88 83
88 82
89 82
90 82
90 81
90 80
90 79
90 78
90 77
90 76
90 75
91 75
92 75
92 74
92 73
93 73
93 72
93 71
93 70
94 70
94 69
94 68
94 67
94 66
95 66
95 65
95 64
95 63
96 63
96 62
96 61
96 60
97 60
97 59
97 58
97 57
96 57
96 56
96 55
96 54
96 53
96 52
96 51
96 50
96 49
96 48
96 47
96 46
96 45
96 44
95 44
94 44
94 43
94 42
94 41
94 40
94 39
94 38
94 37
94 36
93 36
92 36
91 36
91 35
90 35
89 35
88 35
88 34
87 34
86 34
85 34
85 33
85 32
84 32
84 31
84 30
83 30
83 29
82 29
82 28
81 28
81 27
