0 77
0 78
0 79
1 79
1 80
2 80
3 80
4 80
5 80
6 80
6 79
7 79
8 79
9 79
10 79
10 80
11 80
12 80
12 81
13 81
13 82
14 82
15 82
15 81
15 80
15 79
16 79
17 79
18 79
19 79
20 79
20 78
20 77
21 77
21 76
21 75
22 75
23 75
24 75
25 75
25 74
25 73
25 72
25 71
25 70
25 69
25 68
26 68
26 67
27 67
28 67
28 66
28 65
29 65
29 64
29 63
29 62
29 61
29 60
29 59
29 58
29 57
30 57
30 56
31 56
32 56
33 56
33 55
33 54
33 53
34 53
34 52
34 51
35 51
35 50
35 49
35 48
35 47
36 47
36 46
36 45
37 45
37 44
38 44
39 44
39 43
39 42
40 42
41 42
41 41
42 41
42 40
42 39
42 38
42 37
43 37
44 37
44 36
44 35
44 34
44 33
44 32
45 32
45 31
46 31
46 30
47 30
48 30
48 29
49 29
50 29
50 28
50 27
51 27
52 27
53 27
53 26
53 25
54 25
55 25
56 25
57 25
58 25
58 24
58 23
58 22
58 21
58 20
58 19
58 18
58 17
58 16
59 16
60 16
60 15
61 15
62 15
63 15
64 15
65 15
66 15
66 16
67 16
68 16
68 15
69 15
70 15
71 15
72 15
73 15
73 14
74 14
75 14
76 14
76 13
76 12
77 12
77 11
77 10
77 9
78 9
79 9
79 8
79 7
80 7
81 7
82 7
