17 86
18 86
18 85
19 85
20 85
20 84
21 84
21 83
21 82
21 81
20 81
20 80
20 79
21 79
21 78
21 77
21 76
21 75
21 74
21 73
22 73
22 72
22 71
22 70
22 69
22 68
22 67
22 66
22 65
23 65
24 65
25 65
26 65
27 65
28 65
28 64
28 63
28 62
28 61
29 61
29 60
29 59
29 58
29 57
29 56
30 56
31 56
32 56
33 56
34 56
35 56
36 56
36 55
36 54
36 53
36 52
37 52
37 51
37 50
36 50
35 50
35 49
35 48
35 47
35 46
35 45
35 44
35 43
34 43
34 42
34 41
34 40
34 39
34 38
34 37
34 36
34 35
34 34
34 33
33 33
33 32
33 31
33 30
32 30
32 29
32 28
32 27
32 26
32 25
32 24
32 23
32 22
32 21
32 20
32 19
32 18
32 17
32 16
33 16
34 16
34 15
35 15
35 14
36 14
37 14
38 14
38 13
38 12
37 12
37 11
36 11
36 10
36 9
35 9
35 8
