52 9
52 10
52 11
51 11
51 12
51 13
52 13
53 13
53 14
53 15
53 16
54 16
54 17
54 18
55 18
55 19
56 19
57 19
58 19
59 19
59 20
59 21
60 21
60 22
60 23
60 24
60 25
61 25
62 25
63 25
64 25
65 25
65 26
65 27
65 28
65 29
65 30
65 31
66 31
66 32
67 32
68 32
68 33
69 33
70 33
70 34
71 34
72 34
72 35
73 35
74 35
75 35
76 35
77 35
78 35
78 36
78 37
78 38
78 39
78 40
78 41
79 41
80 41
80 42
81 42
81 43
82 43
83 43
83 44
84 44
85 44
85 45
85 46
86 46
86 47
86 48
86 49
87 49
87 50
87 51
88 51
89 51
90 51
91 51
92 51
92 52
92 53
92 54
92 55
