35 39
35 40
35 41
35 42
34 42
34 43
34 44
35 44
36 44
37 44
37 45
37 46
37 47
38 47
39 47
40 47
40 48
41 48
42 48
43 48
44 48
45 48
45 47
46 47
47 47
47 46
48 46
49 46
49 47
49 48
50 48
50 49
50 50
50 51
50 52
50 53
50 54
50 55
51 55
52 55
52 56
52 57
52 58
53 58
53 59
54 59
55 59
55 60
55 61
55 62
55 63
55 64
55 65
56 65
57 65
58 65
59 65
59 66
59 67
59 68
59 69
60 69
60 70
60 71
60 72
61 72
62 72
63 72
64 72
64 73
65 73
65 74
66 74
67 74
68 74
68 75
68 76
68 77
67 77
67 78
66 78
66 79
66 80
66 81
66 82
67 82
68 82
69 82
