34 19
34 20
34 21
34 22
34 23
34 24
35 24
35 25
35 26
36 26
36 27
37 27
38 27
39 27
39 28
39 29
40 29
41 29
42 29
43 29
44 29
45 29
45 30
46 30
46 31
47 31
48 31
48 30
49 30
50 30
50 31
51 31
51 32
51 33
51 34
51 35
51 36
51 37
51 38
51 39
52 39
52 40
52 41
52 42
53 42
53 43
53 44
52 44
51 44
51 45
51 46
52 46
52 47
52 48
52 49
52 50
52 51
52 52
52 53
52 54
53 54
53 55
53 56
53 57
54 57
54 58
54 59
54 60
54 61
54 62
54 63
54 64
55 64
56 64
57 64
58 64
59 64
59 65
60 65
61 65
62 65
63 65
63 66
63 67
64 67
65 67
65 68
66 68
67 68
68 68
69 68
69 69
70 69
71 69
72 69
73 69
73 70
73 71
72 71
72 72
