6 4
6 5
7 5
7 6
7 7
7 8
7 9
7 10
7 11
7 12
7 13
7 14
7 15
7 16
7 17
8 17
9 17
10 17
11 17
11 18
12 18
12 19
12 20
13 20
14 20
14 21
15 21
15 22
16 22
17 22
18 22
19 22
20 22
21 22
22 22
22 23
23 23
24 23
25 23
26 23
26 24
27 24
28 24
28 25
29 25
30 25
31 25
32 25
33 25
34 25
35 25
36 25
36 26
37 26
38 26
39 26
39 27
39 28
39 29
39 30
39 31
40 31
40 32
40 33
41 33
42 33
43 33
44 33
45 33
46 33
47 33
48 33
49 33
49 34
49 35
49 36
50 36
51 36
52 36
52 35
53 35
54 35
55 35
55 36
55 37
56 37
57 37
57 38
57 39
58 39
59 39
59 40
