29 58
30 58
30 57
30 56
31 56
32 56
32 55
32 54
32 53
32 52
32 51
31 51
31 50
31 49
31 48
32 48
33 48
33 47
33 46
34 46
34 45
35 45
35 44
35 43
35 42
35 41
35 40
35 39
36 39
36 38
36 37
36 36
37 36
38 36
39 36
39 35
39 34
40 34
41 34
42 34
43 34
44 34
45 34
46 34
46 33
47 33
48 33
49 33
50 33
50 32
50 31
51 31
52 31
52 30
52 29
52 28
52 27
53 27
53 26
53 25
52 25
52 24
52 23
53 23
53 22
53 21
53 20
54 20
55 20
55 19
56 19
57 19
58 19
59 19
60 19
60 18
61 18
62 18
62 17
63 17
64 17
64 16
64 15
65 15
66 15
66 14
66 13
67 13
68 13
68 12
69 12
69 11
69 10
70 10
71 10
72 10
73 10
74 10
75 10
75 9
75 8
76 8
76 7
76 6
76 5
76 4
76 3
