42 86
42 85
43 85
44 85
45 85
46 85
47 85
48 85
48 86
49 86
50 86
51 86
51 85
52 85
53 85
54 85
54 84
54 83
54 82
54 81
54 80
55 80
56 80
57 80
58 80
59 80
59 79
59 78
60 78
61 78
62 78
63 78
63 77
63 76
63 75
63 74
63 73
63 72
63 71
63 70
64 70
65 70
65 69
65 68
66 68
67 68
67 67
67 66
68 66
68 65
68 64
68 63
68 62
68 61
68 60
68 59
69 59
69 58
69 57
70 57
70 56
70 55
70 54
70 53
71 53
72 53
72 52
73 52
73 51
73 50
73 49
74 49
75 49
76 49
77 49
77 48
78 48
79 48
79 47
79 46
79 45
80 45
80 44
81 44
81 43
81 42
81 41
81 40
81 39
81 38
82 38
83 38
83 37
83 36
83 35
84 35
84 34
84 33
84 32
84 31
85 31
86 31
87 31
88 31
88 30
88 29
88 28
88 27
88 26
88 25
89 25
90 25
90 24
90 23
90 22
90 21
90 20
90 19
90 18
90 17
89 17
89 16
89 15
90 15
90 14
90 13
90 12
90 11
90 10
90 9
90 8
90 7
91 7
