97 11
96 11
95 11
94 11
93 11
92 11
91 11
90 11
89 11
88 11
87 11
86 11
86 10
85 10
84 10
84 11
83 11
82 11
81 11
80 11
80 12
79 12
78 12
77 12
76 12
75 12
74 12
73 12
72 12
71 12
71 13
71 14
70 14
69 14
68 14
67 14
67 15
66 15
65 15
65 16
65 17
65 18
65 19
65 20
65 21
65 22
65 23
64 23
63 23
63 24
63 25
63 26
63 27
63 28
63 29
62 29
62 30
62 31
61 31
60 31
60 32
59 32
58 32
57 32
56 32
56 33
55 33
54 33
53 33
52 33
51 33
50 33
49 33
48 33
47 33
47 34
46 34
45 34
45 33
44 33
43 33
42 33
42 32
41 32
40 32
39 32
38 32
38 33
37 33
36 33
35 33
34 33
33 33
32 33
31 33
30 33
29 33
28 33
27 33
27 34
27 35
27 36
27 37
26 37
25 37
24 37
24 38
24 39
24 40
24 41
23 41
23 42
23 43
22 43
22 44
21 44
20 44
19 44
19 45
19 46
19 47
19 48
18 48
18 49
18 50
17 50
16 50
15 50
14 50
13 50
13 51
13 52
13 53
13 54
13 55
13 56
12 56
12 57
