7 74
7 75
8 75
9 75
10 75
10 76
11 76
11 77
12 77
12 78
13 78
14 78
14 77
15 77
16 77
17 77
18 77
18 78
19 78
20 78
20 77
21 77
22 77
23 77
24 77
25 77
26 77
26 76
26 75
27 75
28 75
29 75
30 75
31 75
32 75
33 75
33 74
34 74
35 74
36 74
37 74
37 73
37 72
38 72
39 72
39 71
40 71
41 71
42 71
42 70
43 70
44 70
45 70
46 70
47 70
48 70
49 70
49 69
49 68
49 67
49 66
50 66
51 66
51 65
51 64
52 64
53 64
54 64
55 64
56 64
57 64
58 64
59 64
60 64
60 63
61 63
62 63
62 64
63 64
64 64
64 65
65 65
66 65
66 66
67 66
68 66
68 65
68 64
69 64
70 64
71 64
72 64
73 64
74 64
75 64
76 64
77 64
78 64
79 64
79 65
80 65
81 65
82 65
83 65
84 65
84 64
84 63
85 63
86 63
86 62
87 62
87 61
