86 5
85 5
84 5
83 5
82 5
81 5
80 5
79 5
79 6
79 7
79 8
79 9
78 9
78 10
77 10
77 11
77 12
76 12
75 12
75 13
75 14
74 14
74 15
74 16
74 17
74 18
73 18
73 19
72 19
71 19
70 19
69 19
69 20
68 20
68 21
67 21
66 21
65 21
64 21
63 21
62 21
61 21
60 21
59 21
59 22
59 23
59 24
58 24
57 24
57 25
57 26
57 27
57 28
57 29
57 30
56 30
55 30
55 31
54 31
53 31
53 32
53 33
52 33
52 34
52 35
52 36
52 37
52 38
52 39
51 39
50 39
50 40
49 40
49 41
49 42
49 43
48 43
48 44
48 45
48 46
48 47
48 48
47 48
46 48
45 48
45 49
45 50
44 50
44 51
44 52
44 53
43 53
42 53
41 53
40 53
39 53
38 53
38 54
37 54
36 54
36 55
35 55
34 55
34 56
34 57
33 57
33 58
33 59
33 60
32 60
32 61
31 61
30 61
30 60
29 60
28 60
28 61
28 62
27 62
26 62
26 63
26 64
25 64
24 64
23 64
22 64
21 64
20 64
19 64
19 65
18 65
18 66
18 67
17 67
17 68
16 68
16 69
15 69
14 69
13 69
13 70
12 70
11 70
10 70
9 70
8 70
7 70
6 70
5 70
5 71
