80 74
79 74
79 75
78 75
78 76
77 76
76 76
76 75
76 74
76 73
75 73
74 73
73 73
72 73
71 73
70 73
69 73
69 72
68 72
68 71
68 70
68 69
67 69
66 69
65 69
64 69
63 69
62 69
62 68
62 67
61 67
60 67
59 67
59 66
58 66
57 66
56 66
55 66
55 65
54 65
54 64
53 64
52 64
51 64
50 64
49 64
48 64
47 64
46 64
45 64
44 64
43 64
42 64
41 64
40 64
40 63
39 63
39 62
38 62
38 61
37 61
36 61
35 61
34 61
33 61
32 61
31 61
30 61
30 62
29 62
29 63
28 63
27 63
26 63
25 63
24 63
23 63
22 63
21 63
21 64
21 65
21 66
20 66
20 67
19 67
18 67
17 67
17 68
16 68
15 68
14 68
13 68
12 68
11 68
11 69
11 70
11 71
11 72
11 73
10 73
9 73
9 74
9 75
