89 84
88 84
88 83
87 83
87 82
87 81
87 80
86 80
85 80
84 80
84 79
84 78
84 77
84 76
84 75
84 74
84 73
84 72
84 71
84 70
84 69
83 69
83 68
83 67
83 66
83 65
83 64
83 63
83 62
83 61
82 61
81 61
80 61
79 61
79 60
78 60
77 60
77 59
77 58
77 57
76 57
76 56
76 55
76 54
76 53
76 52
75 52
75 51
75 50
74 50
73 50
72 50
72 49
72 48
72 47
71 47
71 46
71 45
70 45
69 45
69 44
69 43
69 42
69 41
69 40
69 39
68 39
68 38
67 38
66 38
65 38
64 38
64 37
63 37
62 37
62 36
62 35
61 35
60 35
59 35
58 35
57 35
57 34
57 33
57 32
57 31
57 30
57 29
57 28
57 27
57 26
57 25
57 24
56 24
56 23
55 23
55 22
54 22
53 22
53 21
52 21
52 20
52 19
52 18
52 17
51 17
51 16
51 15
51 14
51 13
51 12
51 11
51 10
51 9
51 8
51 7
51 6
51 5
51 4
51 3
51 2
51 1
50 1
49 1
48 1
48 2
48 3
48 4
47 4
46 4
45 4
