11 10
11 11
10 11
9 11
8 11
7 11
6 11
5 11
5 12
5 13
6 13
6 14
6 15
6 16
6 17
6 18
7 18
7 19
7 20
7 21
7 22
8 22
9 22
9 23
10 23
11 23
11 24
11 25
12 25
12 26
12 27
13 27
13 28
13 29
13 30
14 30
15 30
15 31
15 32
15 33
15 34
16 34
17 34
18 34
19 34
20 34
20 35
20 36
20 37
21 37
21 38
21 39
21 40
21 41
21 42
21 43
21 44
21 45
22 45
23 45
24 45
25 45
25 46
26 46
26 47
26 48
27 48
28 48
29 48
30 48
30 49
30 50
30 51
30 52
30 53
31 53
32 53
33 53
33 54
34 54
35 54
36 54
36 55
36 56
36 57
37 57
38 57
39 57
40 57
40 58
41 58
42 58
43 58
44 58
45 58
45 59
45 60
46 60
46 61
46 62
47 62
48 62
49 62
50 62
51 62
52 62
52 63
52 64
52 65
53 65
53 66
54 66
55 66
56 66
57 66
57 67
58 67
58 68
59 68
60 68
60 69
61 69
62 69
62 70
62 71
61 71
61 72
61 73
61 74
61 75
62 75
62 76
62 77
62 78
