73 17
73 18
72 18
72 19
72 20
72 21
72 22
72 23
72 24
73 24
73 25
73 26
73 27
73 28
74 28
74 29
75 29
76 29
76 30
76 31
76 32
76 33
76 34
76 35
76 36
76 37
76 38
76 39
77 39
77 40
77 41
77 42
77 43
77 44
77 45
77 46
77 47
77 48
77 49
77 50
77 51
78 51
78 52
79 52
80 52
80 53
80 54
80 55
81 55
81 56
82 56
82 57
82 58
83 58
83 59
84 59
84 60
85 60
85 61
85 62
84 62
83 62
83 63
83 64
82 64
82 65
82 66
82 67
82 68
82 69
82 70
82 71
82 72
81 72
81 73
81 74
81 75
81 76
81 77
82 77
83 77
83 78
83 79
83 80
83 81
83 82
84 82
84 83
84 84
