57 79
57 78
57 77
57 76
57 75
57 74
57 73
57 72
57 71
57 70
57 69
57 68
57 67
58 67
59 67
59 66
60 66
60 65
60 64
60 63
60 62
60 61
60 60
60 59
60 58
60 57
60 56
60 55
60 54
61 54
61 53
61 52
61 51
60 51
60 50
60 49
60 48
61 48
61 47
61 46
62 46
62 45
62 44
63 44
63 43
63 42
63 41
63 40
63 39
64 39
64 38
64 37
65 37
65 36
66 36
67 36
68 36
68 35
69 35
69 34
69 33
69 32
69 31
69 30
69 29
69 28
69 27
69 26
70 26
70 25
70 24
70 23
70 22
71 22
72 22
73 22
74 22
74 21
74 20
74 19
74 18
74 17
75 17
76 17
76 16
77 16
77 15
77 14
78 14
79 14
80 14
80 13
81 13
82 13
83 13
84 13
85 13
86 13
87 13
87 12
88 12
88 11
88 10
88 9
89 9
90 9
91 9
92 9
92 8
92 7
92 6
92 5
