90 24
89 24
88 24
87 24
87 25
87 26
86 26
85 26
84 26
83 26
82 26
81 26
80 26
79 26
78 26
77 26
77 25
77 24
77 23
77 22
76 22
75 22
75 21
74 21
74 20
73 20
72 20
71 20
70 20
69 20
68 20
68 21
67 21
66 21
65 21
64 21
63 21
62 21
62 22
61 22
60 22
60 21
59 21
58 21
57 21
56 21
55 21
54 21
54 20
54 19
54 18
54 17
53 17
53 16
52 16
52 15
51 15
50 15
50 14
50 13
49 13
48 13
48 12
47 12
47 11
46 11
45 11
44 11
43 11
42 11
41 11
40 11
39 11
38 11
37 11
36 11
35 11
35 10
35 9
35 8
35 7
34 7
33 7
33 6
33 5
33 4
32 4
31 4
30 4
29 4
28 4
27 4
26 4
26 5
26 6
25 6
24 6
23 6
22 6
22 5
21 5
21 4
20 4
19 4
18 4
17 4
16 4
15 4
15 3
14 3
13 3
13 2
12 2
12 1
11 1
10 1
10 2
9 2
8 2
8 3
8 4
7 4
