16 82
16 81
16 80
16 79
16 78
16 77
16 76
16 75
17 75
18 75
18 74
18 73
18 72
18 71
18 70
19 70
19 69
19 68
19 67
19 66
19 65
19 64
20 64
21 64
22 64
22 63
23 63
23 62
23 61
24 61
25 61
25 60
26 60
26 59
27 59
27 58
28 58
28 57
28 56
28 55
28 54
28 53
28 52
28 51
29 51
29 50
29 49
29 48
29 47
30 47
30 46
31 46
31 45
31 44
31 43
32 43
33 43
34 43
34 42
34 41
35 41
36 41
36 40
37 40
38 40
39 40
40 40
40 39
41 39
42 39
42 38
42 37
42 36
43 36
44 36
44 35
44 34
44 33
45 33
45 32
45 31
45 30
46 30
47 30
47 29
48 29
48 28
48 27
48 26
48 25
48 24
48 23
48 22
49 22
50 22
50 21
50 20
50 19
50 18
50 17
51 17
52 17
52 16
53 16
54 16
55 16
56 16
57 16
58 16
59 16
60 16
61 16
61 15
61 14
62 14
63 14
63 13
63 12
63 11
64 11
64 10
65 10
66 10
67 10
68 10
69 10
70 10
70 9
71 9
71 8
71 7
71 6
71 5
71 4
71 3
71 2
71 1
72 1
