97 4
97 5
98 5
98 6
99 6
99 7
99 8
98 8
98 9
98 10
98 11
98 12
97 12
96 12
96 13
95 13
95 14
95 15
94 15
94 16
93 16
93 17
92 17
91 17
90 17
90 18
89 18
88 18
87 18
87 19
87 20
86 20
85 20
84 20
83 20
82 20
81 20
80 20
79 20
78 20
78 19
77 19
76 19
75 19
74 19
74 20
74 21
73 21
72 21
71 21
70 21
69 21
68 21
67 21
66 21
65 21
64 21
64 20
63 20
62 20
62 19
62 18
61 18
60 18
60 17
59 17
58 17
57 17
56 17
55 17
54 17
54 18
53 18
52 18
51 18
50 18
50 17
50 16
49 16
49 15
48 15
47 15
46 15
46 16
45 16
44 16
44 15
43 15
43 14
42 14
41 14
40 14
39 14
38 14
38 13
37 13
36 13
36 12
36 11
35 11
35 10
34 10
33 10
32 10
32 11
31 11
30 11
29 11
28 11
27 11
26 11
25 11
24 11
23 11
23 12
22 12
21 12
20 12
19 12
18 12
17 12
17 13
17 14
16 14
16 15
15 15
14 15
13 15
12 15
11 15
10 15
10 14
9 14
8 14
8 13
7 13
6 13
6 12
5 12
4 12
4 11
4 10
4 9
4 8
5 8
6 8
