92 80
92 81
92 82
93 82
93 83
93 84
93 85
92 85
92 86
91 86
90 86
89 86
89 85
88 85
88 84
88 83
87 83
86 83
86 84
85 84
84 84
83 84
82 84
81 84
81 83
81 82
81 81
81 80
81 79
81 78
81 77
81 76
81 75
81 74
81 73
82 73
82 72
82 71
81 71
80 71
80 70
80 69
80 68
80 67
80 66
79 66
79 65
79 64
79 63
79 62
79 61
78 61
78 60
77 60
76 60
76 59
75 59
74 59
74 58
73 58
72 58
72 57
72 56
72 55
72 54
72 53
71 53
71 52
70 52
69 52
69 51
69 50
69 49
69 48
68 48
68 47
67 47
67 46
67 45
66 45
65 45
64 45
63 45
63 44
63 43
63 42
62 42
62 41
62 40
62 39
62 38
62 37
62 36
63 36
64 36
65 36
66 36
67 36
68 36
69 36
