15 88
15 89
16 89
17 89
17 88
18 88
19 88
20 88
21 88
22 88
23 88
24 88
25 88
25 87
26 87
27 87
28 87
29 87
30 87
31 87
32 87
32 86
33 86
34 86
34 87
34 88
35 88
35 89
36 89
37 89
38 89
39 89
39 88
40 88
40 87
41 87
42 87
42 88
43 88
44 88
45 88
46 88
46 87
47 87
48 87
49 87
50 87
51 87
52 87
53 87
54 87
55 87
56 87
57 87
58 87
59 87
59 86
60 86
61 86
61 85
62 85
63 85
64 85
65 85
66 85
66 84
66 83
67 83
68 83
69 83
70 83
71 83
72 83
73 83
74 83
75 83
76 83
77 83
78 83
79 83
80 83
81 83
82 83
83 83
84 83
85 83
86 83
86 84
86 85
86 86
87 86
88 86
89 86
90 86
91 86
92 86
92 87
92 88
91 88
