11 1
12 1
13 1
14 1
14 2
14 3
15 3
15 4
15 5
15 6
16 6
17 6
18 6
19 6
19 5
20 5
21 5
21 6
22 6
22 7
22 8
23 8
23 9
23 10
24 10
25 10
26 10
27 10
28 10
28 11
29 11
29 12
29 13
29 14
29 15
29 16
29 17
30 17
30 18
31 18
31 19
31 20
31 21
31 22
32 22
32 23
32 24
32 25
33 25
34 25
34 26
35 26
35 27
35 28
36 28
36 29
36 30
37 30
38 30
38 31
38 32
39 32
39 33
39 34
40 34
41 34
42 34
43 34
43 35
43 36
44 36
44 37
45 37
45 38
45 39
45 40
46 40
47 40
48 40
49 40
50 40
50 41
50 42
50 43
51 43
52 43
53 43
53 42
53 41
