22 24
22 25
22 26
22 27
22 28
22 29
22 30
22 31
22 32
22 33
22 34
22 35
22 36
22 37
22 38
22 39
22 40
23 40
24 40
24 41
25 41
26 41
27 41
27 42
27 43
28 43
28 44
28 45
28 46
28 47
28 48
29 48
29 49
29 50
29 51
29 52
29 53
29 54
29 55
29 56
29 57
29 58
29 59
29 60
29 61
29 62
29 63
30 63
31 63
31 64
31 65
31 66
31 67
31 68
31 69
31 70
31 71
30 71
29 71
28 71
28 72
28 73
28 74
28 75
28 76
27 76
26 76
26 77
26 78
26 79
26 80
25 80
25 81
25 82
25 83
24 83
24 84
24 85
25 85
26 85
27 85
28 85
29 85
29 84
30 84
31 84
32 84
32 83
32 82
33 82
34 82
35 82
36 82
36 83
36 84
36 85
36 86
37 86
38 86
38 87
38 88
37 88
