3 24
2 24
2 25
2 26
2 27
2 28
3 28
3 29
3 30
3 31
3 32
3 33
3 34
3 35
3 36
3 37
3 38
3 39
4 39
4 40
4 41
4 42
4 43
4 44
5 44
5 45
5 46
6 46
7 46
7 45
8 45
9 45
9 46
9 47
9 48
10 48
10 49
11 49
11 50
12 50
12 51
12 52
13 52
14 52
14 53
15 53
16 53
16 54
17 54
18 54
19 54
19 55
20 55
21 55
22 55
23 55
23 56
23 57
23 58
23 59
24 59
25 59
26 59
27 59
28 59
29 59
30 59
31 59
31 60
32 60
33 60
34 60
35 60
36 60
36 61
37 61
37 62
37 63
38 63
39 63
40 63
40 64
40 65
41 65
42 65
42 66
43 66
43 67
43 68
44 68
45 68
46 68
47 68
48 68
48 69
48 70
49 70
50 70
51 70
52 70
53 70
54 70
54 71
55 71
56 71
57 71
57 70
58 70
59 70
59 71
60 71
61 71
62 71
63 71
64 71
65 71
66 71
67 71
68 71
69 71
