76 94
75 94
74 94
73 94
73 93
73 92
72 92
72 91
71 91
70 91
69 91
68 91
67 91
66 91
66 90
66 89
66 88
65 88
65 87
65 86
65 85
65 84
65 83
65 82
65 81
64 81
64 80
64 79
64 78
64 77
63 77
63 76
63 75
63 74
62 74
62 73
62 72
62 71
62 70
62 69
63 69
63 68
64 68
64 67
65 67
65 66
65 65
65 64
64 64
64 63
64 62
64 61
64 60
64 59
64 58
64 57
64 56
64 55
64 54
64 53
65 53
65 52
65 51
65 50
65 49
65 48
65 47
65 46
65 45
64 45
64 44
64 43
64 42
64 41
64 40
65 40
65 39
65 38
65 37
65 36
66 36
67 36
68 36
68 35
68 34
68 33
68 32
67 32
67 31
67 30
67 29
67 28
67 27
67 26
67 25
67 24
68 24
68 23
68 22
67 22
66 22
65 22
65 21
65 20
65 19
65 18
64 18
64 17
64 16
64 15
64 14
64 13
64 12
64 11
