95 20
94 20
93 20
93 21
92 21
91 21
90 21
89 21
88 21
87 21
86 21
85 21
84 21
84 22
84 23
83 23
82 23
82 24
82 25
82 26
82 27
81 27
81 28
81 29
80 29
80 30
79 30
78 30
78 31
77 31
76 31
76 32
75 32
75 33
75 34
75 35
75 36
75 37
75 38
74 38
74 39
73 39
73 40
73 41
72 41
72 42
72 43
71 43
70 43
69 43
69 44
68 44
68 45
67 45
67 46
67 47
66 47
65 47
64 47
64 48
63 48
62 48
62 49
61 49
60 49
60 50
59 50
58 50
57 50
56 50
55 50
54 50
54 51
54 52
53 52
52 52
52 53
51 53
50 53
50 54
50 55
50 56
49 56
48 56
47 56
46 56
45 56
44 56
43 56
43 57
43 58
43 59
43 60
43 61
42 61
41 61
41 62
41 63
40 63
39 63
38 63
38 64
37 64
36 64
36 65
35 65
34 65
34 66
33 66
33 67
32 67
31 67
31 68
31 69
31 70
30 70
29 70
29 71
28 71
27 71
26 71
25 71
25 72
24 72
24 73
24 74
24 75
24 76
24 77
24 78
23 78
23 79
23 80
23 81
22 81
21 81
20 81
19 81
18 81
17 81
16 81
16 82
16 83
16 84
15 84
15 85
15 86
14 86
13 86
12 86
11 86
10 86
9 86
9 87
9 88
