61 36
60 36
59 36
58 36
57 36
57 37
57 38
57 39
57 40
56 40
56 41
55 41
55 42
55 43
54 43
53 43
53 44
52 44
51 44
50 44
50 45
50 46
50 47
50 48
50 49
50 50
51 50
52 50
53 50
54 50
55 50
56 50
57 50
57 51
57 52
57 53
57 54
57 55
57 56
57 57
57 58
56 58
56 59
56 60
56 61
56 62
56 63
56 64
56 65
56 66
57 66
57 67
57 68
57 69
57 70
57 71
57 72
57 73
58 73
58 74
58 75
57 75
57 76
57 77
57 78
56 78
55 78
55 79
55 80
54 80
53 80
53 81
53 82
53 83
53 84
52 84
52 85
51 85
51 86
51 87
51 88
50 88
50 89
49 89
49 90
