6 27
6 28
6 29
7 29
8 29
9 29
9 30
9 31
9 32
9 33
9 34
8 34
8 35
8 36
8 37
9 37
10 37
11 37
12 37
13 37
14 37
15 37
16 37
16 38
16 39
17 39
18 39
19 39
20 39
20 40
21 40
21 41
22 41
23 41
23 42
24 42
24 43
25 43
25 44
26 44
26 45
26 46
27 46
27 47
28 47
29 47
29 48
29 49
30 49
31 49
32 49
33 49
33 50
34 50
34 51
34 52
34 53
34 54
34 55
35 55
35 56
35 57
36 57
36 58
37 58
37 59
37 60
37 61
37 62
38 62
38 63
39 63
40 63
41 63
42 63
43 63
43 64
43 65
43 66
44 66
45 66
46 66
46 67
47 67
47 68
47 69
48 69
49 69
50 69
50 70
50 71
50 72
51 72
51 73
52 73
53 73
54 73
55 73
56 73
57 73
58 73
59 73
60 73
60 74
61 74
62 74
62 75
63 75
64 75
64 76
65 76
65 77
66 77
67 77
67 78
67 79
67 80
68 80
69 80
69 81
70 81
71 81
71 82
72 82
73 82
73 83
74 83
74 84
75 84
75 85
76 85
76 86
76 87
76 88
76 89
77 89
78 89
78 90
79 90
79 91
79 92
79 93
80 93
80 94
80 95
81 95
82 95
83 95
84 95
85 95
86 95
86 96
