29 6
30 6
30 7
31 7
32 7
33 7
33 8
34 8
35 8
36 8
37 8
37 9
37 10
37 11
38 11
39 11
39 12
40 12
41 12
42 12
43 12
44 12
45 12
45 13
46 13
47 13
47 14
48 14
49 14
49 15
49 16
50 16
50 17
50 18
50 19
50 20
50 21
51 21
51 22
51 23
52 23
52 24
52 25
52 26
52 27
52 28
52 29
52 30
52 31
53 31
53 32
54 32
54 33
55 33
56 33
57 33
57 34
58 34
59 34
60 34
60 35
61 35
62 35
63 35
63 36
64 36
64 37
65 37
66 37
67 37
68 37
69 37
70 37
71 37
72 37
73 37
73 38
74 38
75 38
76 38
77 38
78 38
79 38
79 39
80 39
81 39
82 39
83 39
84 39
85 39
85 38
86 38
87 38
87 39
87 40
86 40
86 41
86 42
86 43
86 44
86 45
85 45
