77 86
77 85
78 85
79 85
80 85
80 84
80 83
80 82
80 81
80 80
80 79
80 78
80 77
80 76
80 75
81 75
81 74
82 74
82 73
82 72
82 71
82 70
82 69
82 68
82 67
82 66
83 66
83 65
83 64
82 64
82 63
82 62
82 61
82 60
81 60
81 59
81 58
81 57
81 56
81 55
81 54
81 53
81 52
82 52
82 51
82 50
83 50
83 49
83 48
84 48
85 48
86 48
86 47
86 46
86 45
86 44
86 43
86 42
85 42
84 42
84 41
84 40
84 39
84 38
84 37
84 36
85 36
85 35
86 35
86 34
87 34
87 33
88 33
88 32
88 31
88 30
88 29
88 28
88 27
88 26
89 26
89 25
89 24
88 24
87 24
87 23
86 23
86 22
85 22
85 21
85 20
85 19
85 18
85 17
86 17
86 16
86 15
86 14
86 13
87 13
