18 71
17 71
17 70
17 69
18 69
18 68
19 68
20 68
21 68
22 68
22 67
22 66
22 65
23 65
24 65
25 65
26 65
27 65
28 65
28 64
28 63
28 62
28 61
29 61
29 60
29 59
29 58
29 57
29 56
30 56
31 56
32 56
33 56
34 56
35 56
36 56
36 55
36 54
36 53
36 52
37 52
37 51
37 50
37 49
37 48
37 47
38 47
39 47
40 47
41 47
42 47
43 47
44 47
44 46
44 45
45 45
46 45
47 45
47 44
48 44
49 44
50 44
51 44
52 44
52 43
53 43
54 43
55 43
56 43
57 43
58 43
59 43
60 43
61 43
61 42
62 42
62 41
63 41
64 41
64 40
64 39
65 39
65 38
65 37
65 36
65 35
65 34
65 33
65 32
65 31
65 30
65 29
65 28
66 28
67 28
67 29
68 29
68 30
69 30
69 31
70 31
70 32
71 32
72 32
72 33
73 33
74 33
75 33
76 33
