64 72
63 72
62 72
61 72
60 72
59 72
59 71
58 71
57 71
56 71
55 71
55 70
54 70
53 70
53 69
53 68
52 68
51 68
51 67
50 67
49 67
49 68
48 68
47 68
46 68
46 69
45 69
44 69
44 70
43 70
42 70
42 71
41 71
40 71
39 71
38 71
37 71
37 72
36 72
35 72
34 72
33 72
32 72
31 72
31 73
30 73
29 73
28 73
27 73
27 74
27 75
26 75
25 75
24 75
24 76
24 77
23 77
22 77
22 78
21 78
21 79
21 80
21 81
20 81
19 81
18 81
17 81
16 81
15 81
14 81
13 81
12 81
11 81
11 80
10 80
10 79
9 79
9 78
8 78
7 78
6 78
5 78
5 79
4 79
3 79
3 80
3 81
