28 51
28 52
28 53
28 54
29 54
29 55
29 56
29 57
30 57
30 58
30 59
30 60
30 61
31 61
32 61
33 61
34 61
34 62
34 63
34 64
34 65
35 65
35 66
36 66
37 66
37 67
38 67
38 68
38 69
38 70
38 71
38 72
38 73
38 74
39 74
39 75
39 76
40 76
41 76
42 76
42 77
43 77
44 77
45 77
46 77
47 77
47 78
48 78
49 78
50 78
51 78
51 79
51 80
52 80
53 80
54 80
55 80
55 81
55 82
56 82
57 82
58 82
59 82
59 83
60 83
61 83
62 83
63 83
64 83
64 82
65 82
66 82
67 82
67 81
68 81
69 81
70 81
71 81
72 81
73 81
74 81
74 82
74 83
75 83
76 83
77 83
77 84
78 84
79 84
80 84
81 84
82 84
83 84
83 83
