96 91
96 92
97 92
98 92
99 92
99 93
99 94
98 94
97 94
96 94
95 94
95 95
94 95
93 95
92 95
92 94
92 93
92 92
92 91
92 90
91 90
90 90
90 89
90 88
90 87
90 86
90 85
89 85
88 85
88 84
87 84
86 84
86 83
85 83
84 83
83 83
82 83
82 82
82 81
82 80
82 79
81 79
81 78
81 77
80 77
80 76
80 75
80 74
80 73
80 72
80 71
80 70
79 70
79 69
79 68
79 67
78 67
78 66
77 66
76 66
75 66
74 66
74 65
74 64
73 64
72 64
72 63
71 63
70 63
70 62
70 61
70 60
70 59
70 58
70 57
69 57
69 56
69 55
69 54
68 54
68 53
68 52
68 51
68 50
68 49
67 49
66 49
65 49
64 49
63 49
63 48
62 48
62 47
62 46
61 46
60 46
59 46
58 46
57 46
56 46
55 46
55 45
55 44
55 43
55 42
55 41
55 40
56 40
57 40
58 40
58 39
