63 10
62 10
62 11
62 12
61 12
61 13
60 13
60 14
59 14
58 14
57 14
56 14
56 15
56 16
56 17
56 18
56 19
55 19
54 19
54 20
54 21
54 22
54 23
54 24
54 25
54 26
54 27
53 27
53 28
53 29
53 30
53 31
52 31
51 31
51 32
51 33
51 34
51 35
51 36
51 37
51 38
52 38
52 39
52 40
52 41
51 41
50 41
50 42
50 43
50 44
50 45
49 45
49 46
48 46
48 47
48 48
48 49
48 50
49 50
49 51
49 52
49 53
49 54
49 55
49 56
49 57
48 57
48 58
48 59
49 59
49 60
50 60
50 61
50 62
50 63
50 64
50 65
50 66
50 67
50 68
50 69
51 69
52 69
53 69
54 69
54 70
54 71
54 72
55 72
55 73
55 74
54 74
53 74
53 75
53 76
53 77
53 78
53 79
53 80
53 81
52 81
52 82
52 83
52 84
52 85
52 86
