7 85
8 85
8 86
9 86
10 86
10 87
11 87
12 87
12 86
13 86
13 85
13 84
13 83
14 83
15 83
15 82
16 82
16 81
16 80
16 79
16 78
16 77
17 77
17 76
18 76
19 76
20 76
21 76
22 76
22 77
23 77
23 78
24 78
25 78
25 77
25 76
25 75
25 74
25 73
25 72
25 71
26 71
26 70
26 69
26 68
26 67
27 67
28 67
28 66
28 65
28 64
29 64
29 63
29 62
29 61
30 61
30 60
31 60
32 60
33 60
33 59
33 58
33 57
33 56
33 55
33 54
34 54
34 53
34 52
35 52
35 51
35 50
36 50
36 49
36 48
36 47
36 46
37 46
38 46
39 46
40 46
41 46
41 45
41 44
42 44
43 44
44 44
45 44
46 44
46 43
46 42
47 42
47 41
48 41
49 41
50 41
