62 3
63 3
63 4
63 5
64 5
64 6
64 7
64 8
65 8
65 9
65 10
65 11
66 11
66 12
66 13
66 14
66 15
67 15
68 15
68 16
68 17
68 18
68 19
68 20
68 21
68 22
68 23
69 23
69 24
69 25
69 26
69 27
70 27
70 28
70 29
70 30
70 31
70 32
70 33
70 34
70 35
70 36
70 37
70 38
70 39
70 40
71 40
72 40
73 40
74 40
75 40
75 41
75 42
76 42
76 43
76 44
76 45
76 46
76 47
76 48
76 49
76 50
75 50
75 51
74 51
74 52
74 53
74 54
73 54
73 55
73 56
73 57
72 57
72 58
72 59
72 60
72 61
72 62
72 63
71 63
70 63
70 64
69 64
69 65
69 66
69 67
69 68
68 68
67 68
66 68
66 69
65 69
64 69
63 69
63 70
62 70
62 71
61 71
61 72
60 72
59 72
58 72
58 73
58 74
58 75
57 75
56 75
56 76
