0 58
0 57
0 56
1 56
2 56
3 56
3 55
4 55
5 55
6 55
6 54
7 54
7 53
7 52
7 51
7 50
7 49
7 48
8 48
8 47
9 47
10 47
11 47
12 47
13 47
13 48
14 48
15 48
16 48
17 48
18 48
19 48
19 47
19 46
19 45
19 44
19 43
19 42
19 41
19 40
19 39
20 39
21 39
21 38
21 37
22 37
22 36
22 35
22 34
22 33
22 32
22 31
22 30
23 30
23 29
23 28
24 28
25 28
25 27
25 26
26 26
26 25
27 25
27 24
27 23
28 23
28 22
28 21
28 20
29 20
29 19
29 18
29 17
29 16
30 16
30 15
31 15
31 14
32 14
33 14
34 14
35 14
36 14
37 14
38 14
39 14
39 13
40 13
41 13
42 13
43 13
44 13
44 12
44 11
45 11
45 10
46 10
47 10
48 10
49 10
49 9
50 9
50 8
51 8
52 8
53 8
54 8
55 8
56 8
57 8
57 7
57 6
58 6
59 6
59 7
60 7
61 7
62 7
63 7
63 8
63 9
64 9
65 9
65 8
66 8
67 8
67 9
68 9
69 9
70 9
