3 77
4 77
5 77
5 78
6 78
7 78
8 78
9 78
9 79
9 80
10 80
11 80
11 81
11 82
12 82
13 82
14 82
15 82
15 81
16 81
17 81
18 81
19 81
19 80
19 79
20 79
21 79
22 79
23 79
23 78
23 77
24 77
24 76
25 76
25 75
26 75
27 75
27 76
28 76
29 76
30 76
31 76
32 76
33 76
34 76
35 76
36 76
36 77
37 77
38 77
38 76
39 76
39 75
40 75
41 75
42 75
43 75
43 76
44 76
45 76
46 76
47 76
48 76
49 76
50 76
50 75
51 75
52 75
53 75
54 75
54 76
55 76
56 76
57 76
58 76
59 76
60 76
60 77
61 77
62 77
62 76
63 76
64 76
65 76
66 76
67 76
67 77
67 78
67 79
68 79
69 79
69 80
69 81
68 81
68 82
68 83
68 84
69 84
70 84
71 84
72 84
73 84
74 84
75 84
75 85
76 85
76 86
77 86
78 86
78 85
78 84
79 84
80 84
80 83
81 83
82 83
83 83
83 82
83 81
83 80
84 80
84 79
85 79
86 79
87 79
87 78
87 77
87 76
87 75
88 75
88 74
89 74
90 74
91 74
91 75
91 76
90 76
