91 30
90 30
89 30
89 29
89 28
89 27
89 26
88 26
87 26
87 25
87 24
86 24
86 23
85 23
84 23
83 23
82 23
81 23
80 23
80 22
80 21
80 20
79 20
78 20
77 20
76 20
75 20
74 20
73 20
72 20
72 19
71 19
70 19
70 18
70 17
70 16
70 15
69 15
69 14
69 13
68 13
67 13
66 13
65 13
64 13
63 13
62 13
62 14
61 14
60 14
59 14
58 14
57 14
56 14
56 15
55 15
54 15
53 15
52 15
52 16
51 16
50 16
49 16
48 16
47 16
46 16
46 15
45 15
44 15
43 15
42 15
41 15
40 15
40 14
40 13
39 13
38 13
37 13
36 13
35 13
34 13
33 13
33 12
33 11
33 10
33 9
32 9
31 9
30 9
30 10
29 10
28 10
28 11
27 11
