67 32
67 33
66 33
65 33
64 33
63 33
62 33
61 33
61 34
61 35
61 36
61 37
60 37
59 37
59 38
58 38
57 38
56 38
56 39
56 40
56 41
56 42
56 43
55 43
54 43
54 44
53 44
53 45
52 45
51 45
51 46
51 47
51 48
50 48
49 48
49 49
48 49
48 50
47 50
46 50
45 50
44 50
43 50
42 50
42 51
41 51
40 51
40 52
40 53
40 54
40 55
40 56
40 57
40 58
40 59
41 59
41 60
41 61
41 62
40 62
40 63
40 64
40 65
40 66
39 66
39 67
39 68
39 69
39 70
39 71
39 72
39 73
39 74
38 74
38 75
38 76
38 77
38 78
38 79
39 79
39 80
39 81
38 81
37 81
36 81
35 81
34 81
33 81
32 81
31 81
30 81
30 82
30 83
30 84
29 84
28 84
27 84
27 85
