19 80
19 79
19 78
19 77
20 77
21 77
22 77
23 77
24 77
25 77
25 78
26 78
27 78
28 78
29 78
29 79
30 79
30 80
31 80
31 81
32 81
33 81
33 80
34 80
34 79
35 79
36 79
36 80
36 81
37 81
38 81
39 81
40 81
41 81
42 81
43 81
44 81
45 81
45 80
45 79
45 78
46 78
47 78
48 78
49 78
50 78
51 78
51 79
52 79
53 79
54 79
55 79
56 79
56 80
57 80
57 81
57 82
58 82
58 83
59 83
60 83
61 83
62 83
63 83
63 82
63 81
64 81
65 81
66 81
67 81
67 82
68 82
69 82
69 83
69 84
69 85
70 85
70 86
70 87
71 87
72 87
73 87
73 88
73 89
73 90
73 91
73 92
73 93
74 93
75 93
75 94
76 94
