30 10
30 11
30 12
31 12
31 13
31 14
31 15
32 15
32 16
32 17
33 17
34 17
35 17
35 18
35 19
36 19
36 20
37 20
37 21
37 22
37 23
37 24
37 25
38 25
38 26
38 27
38 28
38 29
38 30
39 30
39 31
39 32
39 33
39 34
39 35
39 36
39 37
39 38
40 38
41 38
42 38
43 38
44 38
44 39
44 40
44 41
45 41
45 42
45 43
45 44
46 44
47 44
48 44
49 44
50 44
51 44
52 44
53 44
54 44
55 44
56 44
56 45
57 45
58 45
59 45
60 45
61 45
62 45
63 45
63 44
64 44
65 44
65 45
66 45
67 45
68 45
68 46
69 46
69 47
70 47
71 47
71 48
71 49
71 50
70 50
70 51
70 52
71 52
72 52
72 53
73 53
74 53
75 53
76 53
76 54
77 54
77 55
77 56
77 57
77 58
78 58
79 58
80 58
81 58
81 59
81 60
82 60
83 60
83 61
83 62
83 63
83 64
84 64
84 65
85 65
85 66
85 67
86 67
86 68
87 68
88 68
89 68
90 68
90 69
91 69
92 69
93 69
94 69
95 69
95 70
95 71
94 71
94 72
94 73
94 74
94 75
94 76
93 76
92 76
92 75
92 74
92 73
