94 26
93 26
93 25
92 25
91 25
90 25
89 25
88 25
87 25
87 24
86 24
85 24
84 24
83 24
83 23
82 23
81 23
81 22
80 22
79 22
79 21
78 21
78 20
78 19
77 19
76 19
75 19
74 19
73 19
72 19
71 19
71 18
71 17
71 16
70 16
69 16
69 17
68 17
67 17
66 17
65 17
64 17
64 18
64 19
63 19
62 19
61 19
60 19
59 19
58 19
58 18
57 18
56 18
55 18
54 18
53 18
53 17
52 17
51 17
50 17
49 17
48 17
47 17
46 17
45 17
44 17
43 17
42 17
41 17
40 17
40 16
39 16
38 16
38 15
38 14
37 14
37 13
37 12
36 12
35 12
34 12
33 12
32 12
31 12
30 12
30 11
29 11
29 10
28 10
27 10
26 10
25 10
25 9
25 8
25 7
24 7
23 7
22 7
21 7
20 7
19 7
18 7
18 6
18 5
18 4
18 3
17 3
17 2
16 2
