90 2
90 3
89 3
88 3
87 3
86 3
85 3
84 3
83 3
82 3
81 3
80 3
80 4
80 5
80 6
80 7
80 8
80 9
80 10
80 11
80 12
79 12
79 13
79 14
78 14
77 14
76 14
75 14
74 14
74 15
74 16
74 17
73 17
72 17
72 18
71 18
70 18
69 18
69 19
68 19
67 19
66 19
65 19
65 20
64 20
63 20
62 20
62 21
62 22
62 23
62 24
62 25
62 26
62 27
62 28
62 29
62 30
62 31
62 32
62 33
62 34
62 35
61 35
61 36
61 37
61 38
61 39
61 40
61 41
61 42
61 43
61 44
61 45
60 45
60 46
60 47
60 48
60 49
59 49
58 49
57 49
56 49
56 50
55 50
54 50
53 50
52 50
51 50
50 50
50 51
50 52
49 52
49 53
48 53
48 54
47 54
47 55
47 56
47 57
46 57
46 58
46 59
46 60
46 61
46 62
46 63
46 64
46 65
46 66
47 66
48 66
48 67
48 68
48 69
47 69
46 69
46 70
45 70
45 71
44 71
44 72
44 73
43 73
43 74
43 75
43 76
43 77
42 77
41 77
40 77
39 77
39 78
39 79
38 79
37 79
36 79
