63 79
63 78
64 78
65 78
65 77
66 77
67 77
68 77
68 76
68 75
68 74
69 74
70 74
71 74
72 74
72 73
72 72
72 71
73 71
73 70
73 69
73 68
73 67
74 67
74 66
74 65
74 64
74 63
73 63
73 62
73 61
73 60
73 59
73 58
73 57
73 56
74 56
74 55
74 54
74 53
74 52
74 51
74 50
74 49
73 49
73 48
73 47
73 46
73 45
73 44
73 43
74 43
74 42
74 41
74 40
74 39
74 38
75 38
75 37
76 37
76 36
76 35
76 34
77 34
78 34
78 33
78 32
78 31
79 31
79 30
79 29
79 28
79 27
80 27
81 27
82 27
83 27
83 26
83 25
83 24
84 24
84 23
84 22
84 21
84 20
85 20
85 19
85 18
85 17
85 16
85 15
85 14
86 14
86 13
86 12
86 11
86 10
86 9
87 9
88 9
89 9
