72 31
73 31
73 30
73 29
72 29
71 29
70 29
69 29
68 29
68 30
67 30
66 30
65 30
64 30
63 30
63 31
62 31
62 32
62 33
61 33
60 33
59 33
58 33
58 34
57 34
56 34
55 34
54 34
54 35
54 36
54 37
53 37
53 38
53 39
53 40
52 40
51 40
50 40
50 41
50 42
49 42
48 42
47 42
46 42
46 43
46 44
45 44
44 44
43 44
43 45
43 46
43 47
43 48
43 49
43 50
43 51
43 52
43 53
43 54
42 54
42 55
42 56
41 56
40 56
39 56
39 57
39 58
38 58
37 58
36 58
36 57
35 57
34 57
34 56
33 56
33 55
33 54
33 53
33 52
32 52
32 51
31 51
31 50
30 50
29 50
29 51
28 51
27 51
27 52
