52 92
52 93
53 93
54 93
55 93
55 92
56 92
56 91
56 90
56 89
56 88
56 87
56 86
57 86
58 86
59 86
60 86
61 86
61 85
61 84
61 83
61 82
61 81
61 80
61 79
62 79
63 79
63 78
63 77
63 76
63 75
64 75
65 75
66 75
66 74
67 74
68 74
68 73
68 72
68 71
69 71
70 71
71 71
71 70
71 69
71 68
71 67
72 67
72 66
72 65
71 65
71 64
71 63
71 62
71 61
72 61
73 61
74 61
75 61
76 61
76 60
76 59
76 58
76 57
76 56
76 55
76 54
76 53
77 53
77 52
77 51
77 50
78 50
78 49
78 48
79 48
80 48
81 48
82 48
83 48
83 47
84 47
85 47
86 47
87 47
88 47
89 47
89 46
90 46
91 46
92 46
93 46
93 45
93 44
94 44
94 43
94 42
94 41
95 41
95 40
95 39
96 39
97 39
98 39
99 39
99 38
99 37
98 37
98 36
97 36
97 35
97 34
96 34
95 34
95 33
94 33
93 33
93 32
93 31
93 30
92 30
91 30
