94 77
93 77
92 77
91 77
90 77
90 76
89 76
89 75
89 74
88 74
87 74
86 74
85 74
85 75
85 76
85 77
84 77
83 77
83 78
82 78
81 78
80 78
80 77
80 76
79 76
78 76
77 76
76 76
75 76
74 76
74 77
74 78
74 79
74 80
73 80
72 80
71 80
70 80
70 81
69 81
68 81
67 81
66 81
66 82
65 82
64 82
63 82
62 82
62 81
61 81
60 81
60 80
59 80
58 80
58 79
57 79
56 79
55 79
54 79
53 79
52 79
51 79
50 79
50 80
49 80
48 80
47 80
47 79
46 79
45 79
44 79
43 79
43 78
43 77
42 77
41 77
40 77
39 77
38 77
37 77
37 76
37 75
36 75
35 75
34 75
33 75
33 74
32 74
31 74
30 74
30 75
29 75
29 76
28 76
27 76
27 77
27 78
27 79
27 80
28 80
29 80
30 80
