13 6
13 7
14 7
15 7
15 8
16 8
17 8
18 8
19 8
19 9
19 10
20 10
20 11
20 12
21 12
22 12
22 13
22 14
22 15
22 16
22 17
22 18
23 18
24 18
25 18
25 19
25 20
26 20
26 21
27 21
28 21
29 21
29 22
29 23
30 23
30 24
30 25
31 25
31 26
31 27
32 27
33 27
34 27
35 27
36 27
36 28
36 29
36 30
36 31
37 31
38 31
38 32
38 33
38 34
38 35
38 36
39 36
40 36
40 37
41 37
42 37
42 38
42 39
43 39
43 40
44 40
44 41
44 42
44 43
44 44
44 45
45 45
45 46
45 47
46 47
47 47
48 47
49 47
50 47
51 47
52 47
53 47
54 47
55 47
56 47
56 48
57 48
58 48
59 48
59 49
60 49
61 49
61 50
61 51
61 52
61 53
61 54
61 55
62 55
62 56
62 57
62 58
62 59
62 60
62 61
62 62
62 63
62 64
62 65
62 66
63 66
64 66
65 66
66 66
