59 71
60 71
61 71
62 71
63 71
63 72
64 72
65 72
65 71
65 70
65 69
66 69
67 69
68 69
69 69
69 68
69 67
69 66
69 65
70 65
71 65
71 64
71 63
72 63
72 62
72 61
72 60
73 60
74 60
74 59
75 59
76 59
77 59
77 58
77 57
76 57
76 56
76 55
76 54
77 54
77 53
77 52
77 51
77 50
78 50
79 50
79 49
80 49
81 49
82 49
83 49
84 49
85 49
85 48
85 47
85 46
85 45
85 44
85 43
85 42
85 41
85 40
85 39
85 38
84 38
84 37
84 36
84 35
84 34
84 33
84 32
84 31
84 30
84 29
85 29
85 28
86 28
86 27
86 26
87 26
88 26
89 26
90 26
91 26
