67 72
67 71
66 71
65 71
65 70
64 70
63 70
63 69
62 69
62 68
62 67
61 67
60 67
59 67
58 67
58 66
57 66
57 65
56 65
55 65
54 65
54 64
54 63
53 63
52 63
52 62
51 62
50 62
49 62
48 62
47 62
46 62
45 62
45 61
45 60
44 60
43 60
43 59
43 58
43 57
42 57
42 56
41 56
40 56
39 56
39 55
38 55
37 55
36 55
35 55
34 55
34 54
34 53
33 53
33 52
33 51
33 50
32 50
32 49
32 48
31 48
30 48
30 47
30 46
30 45
30 44
30 43
30 42
30 41
30 40
30 39
29 39
29 38
29 37
29 36
28 36
28 35
27 35
26 35
26 34
25 34
24 34
23 34
22 34
22 33
22 32
21 32
20 32
20 31
20 30
20 29
20 28
20 27
19 27
19 26
19 25
19 24
18 24
18 23
18 22
18 21
18 20
17 20
16 20
16 19
16 18
16 17
16 16
16 15
15 15
14 15
13 15
13 14
12 14
12 13
12 12
12 11
12 10
12 9
12 8
12 7
12 6
11 6
11 5
10 5
10 4
9 4
8 4
8 3
7 3
