33 9
34 9
35 9
35 10
35 11
36 11
36 12
36 13
36 14
36 15
37 15
37 16
37 17
36 17
36 18
36 19
36 20
37 20
37 21
37 22
37 23
37 24
37 25
37 26
37 27
37 28
38 28
39 28
39 29
39 30
39 31
38 31
37 31
37 32
37 33
37 34
37 35
38 35
38 36
38 37
38 38
39 38
40 38
41 38
42 38
43 38
43 39
44 39
45 39
45 40
45 41
45 42
45 43
45 44
45 45
45 46
45 47
45 48
46 48
47 48
47 49
47 50
47 51
47 52
47 53
47 54
47 55
47 56
47 57
48 57
49 57
50 57
50 58
50 59
50 60
50 61
49 61
49 62
49 63
49 64
49 65
49 66
50 66
51 66
51 67
52 67
53 67
53 68
54 68
54 69
54 70
55 70
56 70
57 70
57 71
57 72
57 73
58 73
58 74
58 75
58 76
58 77
58 78
58 79
58 80
58 81
58 82
57 82
56 82
56 83
56 84
56 85
56 86
56 87
56 88
57 88
58 88
59 88
59 89
59 90
