76 79
75 79
75 78
74 78
73 78
72 78
71 78
70 78
70 79
69 79
68 79
67 79
67 78
67 77
67 76
67 75
67 74
66 74
65 74
64 74
64 73
63 73
62 73
61 73
60 73
59 73
58 73
58 74
58 75
57 75
56 75
56 76
55 76
54 76
53 76
52 76
51 76
51 75
50 75
49 75
48 75
48 74
47 74
46 74
45 74
44 74
43 74
42 74
41 74
40 74
39 74
38 74
38 73
37 73
36 73
35 73
34 73
33 73
32 73
31 73
30 73
29 73
29 74
28 74
27 74
26 74
26 73
25 73
24 73
23 73
22 73
21 73
20 73
19 73
18 73
17 73
16 73
15 73
14 73
14 74
13 74
12 74
11 74
10 74
9 74
8 74
7 74
7 75
7 76
7 77
6 77
5 77
4 77
4 78
3 78
2 78
1 78
0 78
0 77
