44 4
44 5
44 6
44 7
44 8
44 9
44 10
44 11
44 12
44 13
44 14
45 14
46 14
47 14
48 14
49 14
50 14
51 14
52 14
53 14
53 15
53 16
53 17
53 18
53 19
53 20
53 21
53 22
53 23
54 23
55 23
56 23
57 23
58 23
59 23
60 23
61 23
62 23
62 22
63 22
64 22
65 22
66 22
66 23
67 23
68 23
68 24
68 25
69 25
69 26
70 26
71 26
72 26
73 26
73 27
73 28
73 29
73 30
74 30
75 30
76 30
77 30
78 30
79 30
79 31
80 31
80 32
80 33
80 34
79 34
79 35
78 35
78 36
78 37
78 38
79 38
79 39
80 39
80 40
80 41
80 42
81 42
82 42
83 42
83 43
83 44
84 44
85 44
85 45
85 46
86 46
