92 83
91 83
90 83
89 83
88 83
87 83
86 83
85 83
84 83
83 83
82 83
81 83
81 82
80 82
80 81
79 81
78 81
77 81
76 81
75 81
74 81
74 80
73 80
72 80
71 80
71 79
70 79
69 79
68 79
67 79
66 79
65 79
65 78
64 78
63 78
62 78
61 78
60 78
59 78
58 78
57 78
56 78
55 78
54 78
53 78
52 78
51 78
50 78
49 78
49 77
48 77
47 77
46 77
46 78
45 78
44 78
43 78
42 78
41 78
40 78
39 78
38 78
37 78
37 77
36 77
35 77
35 76
34 76
34 75
33 75
32 75
31 75
30 75
29 75
28 75
27 75
26 75
25 75
25 74
25 73
25 72
24 72
23 72
23 71
22 71
22 70
21 70
20 70
19 70
19 69
19 68
19 67
19 66
18 66
17 66
16 66
