98 20
98 19
97 19
97 18
97 17
96 17
95 17
94 17
93 17
92 17
91 17
91 18
90 18
90 19
89 19
88 19
88 20
88 21
87 21
87 22
87 23
87 24
86 24
85 24
85 25
85 26
84 26
83 26
83 27
83 28
82 28
81 28
80 28
80 29
79 29
78 29
78 30
78 31
78 32
78 33
77 33
76 33
76 34
75 34
74 34
73 34
72 34
71 34
71 35
71 36
70 36
69 36
69 37
69 38
69 39
69 40
68 40
67 40
66 40
65 40
65 39
64 39
63 39
62 39
62 40
62 41
62 42
61 42
60 42
59 42
59 43
59 44
58 44
58 45
57 45
57 46
56 46
56 47
55 47
54 47
54 48
54 49
53 49
53 50
52 50
52 51
51 51
50 51
49 51
49 52
49 53
48 53
48 54
48 55
48 56
48 57
