94 81
93 81
92 81
92 80
91 80
90 80
89 80
89 79
89 78
88 78
87 78
86 78
85 78
85 77
84 77
83 77
83 76
83 75
82 75
82 74
82 73
82 72
82 71
82 70
81 70
81 69
81 68
81 67
80 67
79 67
79 66
79 65
79 64
79 63
79 62
79 61
79 60
78 60
78 59
78 58
77 58
77 57
76 57
75 57
74 57
73 57
72 57
71 57
70 57
69 57
68 57
67 57
67 56
66 56
65 56
64 56
63 56
62 56
61 56
60 56
59 56
58 56
57 56
56 56
56 55
55 55
54 55
54 54
53 54
52 54
51 54
50 54
49 54
49 53
48 53
47 53
46 53
45 53
44 53
44 54
43 54
42 54
42 55
42 56
42 57
41 57
41 58
40 58
39 58
38 58
38 57
38 56
37 56
37 55
37 54
37 53
38 53
38 52
38 51
39 51
39 50
39 49
38 49
37 49
37 48
37 47
