77 24
77 25
77 26
77 27
78 27
78 28
79 28
79 29
79 30
78 30
78 31
78 32
78 33
78 34
78 35
78 36
78 37
78 38
78 39
78 40
78 41
78 42
79 42
80 42
80 43
80 44
80 45
81 45
82 45
83 45
83 46
83 47
83 48
83 49
84 49
84 50
84 51
83 51
82 51
82 52
82 53
82 54
82 55
82 56
82 57
81 57
81 58
81 59
82 59
83 59
83 60
84 60
85 60
85 61
86 61
86 62
86 63
86 64
87 64
87 65
87 66
87 67
87 68
87 69
87 70
87 71
87 72
88 72
88 73
88 74
88 75
89 75
90 75
91 75
91 76
91 77
92 77
93 77
93 78
93 79
92 79
92 80
92 81
92 82
91 82
90 82
90 83
89 83
88 83
87 83
87 84
86 84
85 84
84 84
83 84
82 84
