23 0
23 1
24 1
24 2
24 3
24 4
24 5
24 6
25 6
26 6
26 7
27 7
27 8
27 9
27 10
28 10
29 10
30 10
31 10
32 10
33 10
34 10
35 10
36 10
37 10
38 10
39 10
39 11
40 11
41 11
42 11
43 11
44 11
44 12
45 12
46 12
47 12
47 13
48 13
49 13
49 12
50 12
51 12
51 13
51 14
51 15
52 15
53 15
54 15
54 16
55 16
56 16
57 16
57 17
57 18
58 18
59 18
60 18
60 17
60 16
61 16
62 16
62 17
62 18
62 19
63 19
64 19
65 19
66 19
67 19
68 19
69 19
70 19
71 19
71 20
71 21
72 21
72 22
73 22
74 22
75 22
76 22
77 22
77 23
77 24
78 24
78 25
79 25
79 26
79 27
80 27
81 27
82 27
83 27
