25 71
25 70
26 70
26 69
26 68
26 67
27 67
28 67
28 66
29 66
29 65
29 64
30 64
31 64
32 64
33 64
34 64
35 64
35 63
35 62
36 62
37 62
38 62
38 61
38 60
38 59
38 58
38 57
38 56
38 55
38 54
38 53
38 52
38 51
38 50
38 49
38 48
39 48
40 48
41 48
41 47
42 47
42 46
43 46
44 46
45 46
46 46
47 46
48 46
49 46
50 46
51 46
52 46
53 46
54 46
54 45
54 44
54 43
54 42
55 42
55 41
55 40
55 39
55 38
55 37
55 36
55 35
55 34
55 33
55 32
56 32
57 32
58 32
59 32
59 31
59 30
59 29
59 28
59 27
59 26
60 26
61 26
62 26
63 26
64 26
65 26
66 26
67 26
67 25
67 24
67 23
67 22
68 22
68 21
68 20
68 19
69 19
69 18
69 17
69 16
69 15
69 14
69 13
70 13
71 13
71 12
72 12
72 11
72 10
72 9
72 8
72 7
72 6
73 6
74 6
74 5
75 5
76 5
77 5
78 5
79 5
79 4
80 4
81 4
81 3
81 2
81 1
82 1
83 1
83 2
83 3
83 4
83 5
84 5
