28 0
28 1
27 1
27 2
27 3
27 4
27 5
27 6
27 7
28 7
28 8
28 9
28 10
28 11
28 12
28 13
29 13
30 13
31 13
31 14
32 14
32 15
32 16
32 17
32 18
32 19
31 19
30 19
30 20
30 21
30 22
30 23
30 24
29 24
29 25
29 26
29 27
28 27
27 27
26 27
26 28
26 29
26 30
26 31
26 32
26 33
26 34
26 35
26 36
27 36
27 37
27 38
27 39
27 40
28 40
29 40
29 41
29 42
30 42
30 43
30 44
30 45
30 46
30 47
30 48
31 48
31 49
31 50
31 51
32 51
32 52
32 53
32 54
32 55
32 56
32 57
32 58
32 59
32 60
32 61
32 62
32 63
32 64
32 65
32 66
33 66
34 66
35 66
35 67
35 68
36 68
37 68
38 68
38 69
39 69
40 69
41 69
