56 74
57 74
57 73
57 72
57 71
57 70
58 70
58 69
58 68
59 68
59 67
59 66
59 65
59 64
59 63
59 62
60 62
60 61
60 60
60 59
60 58
59 58
59 57
58 57
58 56
58 55
58 54
58 53
59 53
59 52
59 51
59 50
59 49
59 48
59 47
60 47
61 47
61 46
62 46
62 45
62 44
62 43
63 43
64 43
65 43
66 43
66 42
66 41
66 40
66 39
67 39
68 39
69 39
70 39
70 38
71 38
72 38
72 37
73 37
73 36
73 35
73 34
73 33
74 33
74 32
74 31
75 31
75 30
75 29
76 29
77 29
78 29
79 29
80 29
80 28
81 28
81 27
81 26
81 25
82 25
82 24
82 23
83 23
83 22
83 21
83 20
83 19
84 19
85 19
85 18
85 17
85 16
86 16
86 15
87 15
87 14
88 14
88 13
88 12
88 11
87 11
87 10
87 9
88 9
89 9
90 9
91 9
91 8
92 8
92 7
92 6
92 5
92 4
93 4
93 3
