40 33
41 33
41 32
42 32
43 32
44 32
45 32
46 32
46 33
46 34
46 35
47 35
47 36
48 36
48 37
48 38
49 38
50 38
51 38
52 38
52 39
52 40
53 40
54 40
54 41
54 42
54 43
55 43
56 43
57 43
57 44
58 44
59 44
60 44
61 44
62 44
62 45
63 45
64 45
65 45
66 45
67 45
68 45
69 45
70 45
71 45
71 46
71 47
71 48
71 49
72 49
73 49
74 49
74 50
74 51
74 52
74 53
74 54
75 54
76 54
77 54
78 54
78 55
79 55
80 55
81 55
82 55
82 56
83 56
84 56
84 57
84 58
84 59
84 60
85 60
85 61
86 61
86 62
86 63
87 63
88 63
89 63
90 63
91 63
