65 70
65 69
65 68
64 68
63 68
62 68
61 68
61 67
60 67
60 66
60 65
60 64
60 63
60 62
60 61
59 61
59 60
58 60
58 59
58 58
57 58
56 58
55 58
55 57
55 56
55 55
54 55
53 55
53 54
52 54
52 53
52 52
51 52
51 51
51 50
50 50
50 49
50 48
50 47
50 46
50 45
49 45
49 44
49 43
49 42
48 42
48 41
48 40
48 39
47 39
47 38
47 37
47 36
47 35
47 34
47 33
47 32
47 31
46 31
45 31
44 31
43 31
43 30
43 29
43 28
44 28
44 27
44 26
44 25
44 24
44 23
44 22
44 21
43 21
43 20
43 19
43 18
43 17
43 16
43 15
42 15
41 15
41 14
41 13
41 12
40 12
40 11
40 10
40 9
40 8
41 8
41 7
42 7
42 6
43 6
44 6
45 6
46 6
47 6
48 6
