0 53
1 53
2 53
3 53
4 53
4 54
4 55
3 55
3 56
3 57
3 58
4 58
4 59
4 60
4 61
4 62
5 62
6 62
7 62
8 62
9 62
9 63
10 63
11 63
11 64
12 64
12 65
13 65
14 65
14 64
15 64
15 63
15 62
15 61
15 60
15 59
16 59
16 58
16 57
17 57
18 57
19 57
19 56
19 55
20 55
20 54
20 53
20 52
20 51
20 50
20 49
20 48
21 48
21 47
21 46
21 45
21 44
21 43
21 42
21 41
21 40
22 40
23 40
23 39
23 38
24 38
24 37
24 36
24 35
24 34
25 34
26 34
27 34
28 34
29 34
29 33
29 32
30 32
31 32
31 31
32 31
33 31
33 30
33 29
33 28
33 27
33 26
33 25
33 24
33 23
33 22
33 21
33 20
34 20
35 20
35 19
35 18
36 18
37 18
37 17
37 16
38 16
39 16
40 16
41 16
41 15
41 14
42 14
43 14
43 13
43 12
43 11
43 10
44 10
45 10
46 10
47 10
48 10
48 9
