63 85
63 84
62 84
61 84
60 84
59 84
58 84
58 83
58 82
58 81
58 80
58 79
58 78
58 77
58 76
58 75
58 74
58 73
59 73
59 72
59 71
59 70
60 70
61 70
61 69
61 68
62 68
62 67
62 66
62 65
62 64
62 63
63 63
64 63
65 63
66 63
66 62
67 62
68 62
68 61
69 61
70 61
71 61
72 61
73 61
73 60
74 60
75 60
75 59
75 58
76 58
76 57
76 56
76 55
76 54
76 53
76 52
77 52
78 52
78 51
78 50
78 49
78 48
78 47
78 46
78 45
79 45
79 44
80 44
80 43
80 42
81 42
81 41
82 41
83 41
84 41
84 40
85 40
86 40
86 39
86 38
86 37
87 37
87 36
87 35
88 35
89 35
90 35
91 35
91 34
92 34
92 33
93 33
93 32
93 31
94 31
94 30
94 29
94 28
95 28
95 27
95 26
95 25
94 25
94 24
94 23
94 22
