97 34
97 33
96 33
95 33
94 33
93 33
92 33
91 33
90 33
89 33
88 33
88 32
88 31
87 31
86 31
86 30
85 30
84 30
84 31
83 31
82 31
82 30
82 29
82 28
81 28
80 28
79 28
78 28
77 28
76 28
75 28
74 28
73 28
73 29
72 29
72 30
71 30
70 30
69 30
68 30
67 30
66 30
65 30
64 30
63 30
62 30
61 30
60 30
60 29
60 28
60 27
60 26
59 26
58 26
57 26
56 26
55 26
54 26
53 26
53 25
52 25
51 25
50 25
49 25
48 25
47 25
47 24
47 23
46 23
45 23
44 23
43 23
42 23
41 23
40 23
39 23
38 23
37 23
36 23
36 22
36 21
35 21
34 21
33 21
32 21
32 20
31 20
30 20
29 20
28 20
27 20
27 21
27 22
26 22
25 22
24 22
23 22
22 22
22 23
22 24
21 24
21 25
20 25
19 25
18 25
18 24
18 23
18 22
17 22
16 22
15 22
14 22
13 22
13 21
12 21
11 21
10 21
10 20
10 19
10 18
