17 21
16 21
16 20
16 19
16 18
16 17
17 17
18 17
18 16
18 15
18 14
19 14
20 14
21 14
21 13
22 13
22 12
23 12
24 12
24 11
25 11
26 11
27 11
28 11
29 11
30 11
30 10
30 9
31 9
32 9
33 9
33 10
34 10
34 11
35 11
36 11
37 11
37 12
38 12
39 12
40 12
41 12
41 13
42 13
43 13
44 13
45 13
46 13
46 14
47 14
48 14
49 14
49 13
49 12
50 12
51 12
51 11
52 11
53 11
54 11
54 10
54 9
55 9
56 9
57 9
58 9
59 9
60 9
61 9
62 9
62 8
63 8
64 8
65 8
66 8
66 7
66 6
66 5
67 5
68 5
68 6
69 6
70 6
71 6
72 6
72 5
73 5
74 5
74 4
75 4
76 4
76 5
77 5
78 5
78 6
78 7
79 7
80 7
80 8
80 9
80 10
81 10
82 10
83 10
84 10
85 10
86 10
87 10
88 10
89 10
90 10
90 11
91 11
