74 6
74 5
73 5
72 5
71 5
71 6
71 7
70 7
69 7
69 8
69 9
68 9
68 10
68 11
67 11
67 12
67 13
67 14
66 14
66 15
65 15
64 15
63 15
63 16
62 16
62 17
62 18
61 18
60 18
59 18
58 18
58 19
58 20
58 21
58 22
57 22
57 23
56 23
56 24
56 25
55 25
54 25
54 26
54 27
53 27
53 28
53 29
53 30
52 30
52 31
52 32
52 33
52 34
53 34
54 34
54 35
54 36
54 37
53 37
53 38
53 39
53 40
52 40
51 40
50 40
50 41
50 42
50 43
50 44
50 45
49 45
49 46
49 47
49 48
49 49
49 50
49 51
48 51
48 52
48 53
49 53
49 54
49 55
49 56
49 57
49 58
49 59
49 60
49 61
49 62
49 63
50 63
50 64
50 65
49 65
49 66
