35 37
34 37
33 37
32 37
31 37
31 38
30 38
29 38
28 38
27 38
27 39
26 39
25 39
24 39
24 40
24 41
24 42
24 43
24 44
24 45
24 46
24 47
23 47
23 48
23 49
22 49
22 50
22 51
22 52
22 53
22 54
22 55
22 56
22 57
21 57
21 58
20 58
20 59
20 60
20 61
20 62
20 63
20 64
20 65
19 65
19 66
19 67
19 68
19 69
19 70
18 70
18 71
17 71
17 72
17 73
17 74
17 75
17 76
17 77
17 78
18 78
19 78
20 78
20 79
21 79
21 80
22 80
22 81
22 82
22 83
22 84
21 84
21 85
21 86
22 86
22 87
22 88
22 89
21 89
21 90
21 91
21 92
21 93
21 94
22 94
22 95
23 95
