77 34
77 35
76 35
75 35
75 36
74 36
73 36
72 36
72 35
72 34
72 33
71 33
70 33
69 33
69 32
68 32
67 32
67 33
66 33
66 34
66 35
65 35
65 36
65 37
65 38
64 38
63 38
63 39
63 40
64 40
64 41
65 41
65 42
65 43
66 43
67 43
68 43
69 43
69 44
70 44
70 45
70 46
70 47
70 48
70 49
69 49
69 50
69 51
69 52
70 52
70 53
71 53
72 53
72 54
72 55
72 56
72 57
72 58
73 58
74 58
74 59
74 60
74 61
74 62
74 63
74 64
74 65
74 66
74 67
74 68
74 69
74 70
75 70
75 71
75 72
75 73
76 73
76 74
76 75
77 75
78 75
79 75
80 75
81 75
82 75
83 75
83 76
83 77
84 77
84 78
85 78
86 78
87 78
88 78
89 78
90 78
90 79
90 80
90 81
90 82
91 82
91 83
92 83
93 83
93 84
93 85
94 85
