10 3
11 3
12 3
13 3
14 3
15 3
16 3
16 4
16 5
16 6
17 6
18 6
19 6
20 6
20 7
20 8
21 8
22 8
23 8
23 9
23 10
23 11
23 12
23 13
23 14
23 15
24 15
24 16
24 17
24 18
24 19
25 19
25 20
26 20
27 20
28 20
29 20
29 21
30 21
31 21
32 21
33 21
34 21
35 21
35 22
36 22
37 22
37 23
37 24
37 25
37 26
37 27
37 28
38 28
38 29
39 29
39 30
39 31
40 31
41 31
42 31
42 32
43 32
43 33
43 34
43 35
43 36
44 36
45 36
45 37
46 37
47 37
48 37
49 37
50 37
50 38
51 38
51 39
52 39
52 40
52 41
52 42
52 43
51 43
51 44
51 45
51 46
51 47
52 47
52 48
52 49
52 50
52 51
53 51
53 52
53 53
53 54
54 54
55 54
55 55
55 56
55 57
55 58
55 59
55 60
56 60
57 60
57 61
58 61
58 62
58 63
59 63
60 63
60 64
60 65
60 66
60 67
61 67
62 67
62 68
62 69
61 69
61 70
61 71
61 72
62 72
63 72
