25 94
25 93
25 92
26 92
26 91
26 90
26 89
26 88
26 87
25 87
25 86
25 85
26 85
26 84
26 83
26 82
26 81
26 80
26 79
26 78
26 77
27 77
27 76
27 75
27 74
27 73
27 72
27 71
28 71
28 70
28 69
28 68
28 67
29 67
30 67
31 67
32 67
32 66
33 66
33 65
34 65
34 64
34 63
34 62
35 62
36 62
37 62
38 62
39 62
40 62
41 62
42 62
42 61
42 60
42 59
42 58
42 57
42 56
42 55
43 55
44 55
44 54
45 54
46 54
46 53
47 53
47 52
47 51
47 50
47 49
48 49
49 49
50 49
51 49
52 49
53 49
53 48
54 48
55 48
56 48
57 48
57 47
58 47
59 47
60 47
60 46
60 45
60 44
60 43
61 43
