25 8
26 8
27 8
28 8
28 9
28 10
29 10
29 11
29 12
30 12
30 13
30 14
30 15
30 16
31 16
31 17
32 17
32 18
32 19
32 20
32 21
33 21
33 22
33 23
33 24
33 25
33 26
33 27
34 27
34 28
35 28
36 28
36 29
37 29
38 29
39 29
39 30
40 30
40 31
40 32
41 32
41 33
41 34
41 35
41 36
41 37
41 38
41 39
41 40
41 41
41 42
40 42
40 43
40 44
40 45
40 46
40 47
41 47
41 48
41 49
41 50
41 51
41 52
41 53
41 54
42 54
43 54
44 54
45 54
46 54
46 55
47 55
47 56
48 56
48 57
48 58
49 58
50 58
51 58
51 59
51 60
50 60
50 61
49 61
48 61
48 60
