96 11
96 12
96 13
95 13
94 13
94 14
94 15
94 16
94 17
93 17
93 18
92 18
91 18
90 18
89 18
88 18
87 18
87 19
86 19
86 20
85 20
84 20
83 20
83 21
82 21
81 21
80 21
79 21
78 21
78 20
77 20
76 20
75 20
74 20
73 20
73 21
73 22
72 22
72 23
71 23
71 24
71 25
70 25
70 26
69 26
68 26
67 26
67 27
66 27
65 27
65 28
65 29
64 29
64 30
64 31
63 31
63 32
63 33
63 34
63 35
62 35
61 35
61 36
61 37
61 38
61 39
60 39
60 40
60 41
60 42
60 43
60 44
60 45
59 45
58 45
58 46
58 47
57 47
57 48
57 49
57 50
57 51
57 52
57 53
57 54
57 55
57 56
57 57
58 57
58 58
58 59
58 60
