10 23
10 24
10 25
10 26
10 27
9 27
8 27
8 28
7 28
7 29
7 30
7 31
6 31
6 32
6 33
7 33
7 34
7 35
8 35
9 35
10 35
11 35
11 36
12 36
13 36
14 36
15 36
16 36
17 36
18 36
19 36
20 36
21 36
22 36
23 36
24 36
24 37
24 38
25 38
26 38
26 39
27 39
28 39
29 39
30 39
31 39
31 40
32 40
33 40
33 41
33 42
34 42
34 43
34 44
35 44
36 44
37 44
38 44
39 44
40 44
41 44
42 44
42 45
42 46
42 47
42 48
42 49
42 50
42 51
42 52
42 53
43 53
43 54
44 54
44 55
44 56
44 57
45 57
45 58
45 59
45 60
45 61
45 62
45 63
46 63
47 63
48 63
48 64
49 64
50 64
51 64
52 64
53 64
54 64
54 65
54 66
55 66
56 66
57 66
58 66
58 67
59 67
60 67
61 67
62 67
63 67
64 67
65 67
66 67
67 67
67 66
68 66
69 66
70 66
71 66
72 66
72 67
72 68
73 68
74 68
74 67
75 67
76 67
77 67
77 68
77 69
77 70
77 71
76 71
76 72
75 72
75 73
75 74
74 74
