76 24
75 24
75 25
74 25
73 25
72 25
72 26
72 27
72 28
71 28
70 28
69 28
69 27
68 27
68 26
67 26
66 26
65 26
64 26
63 26
62 26
61 26
60 26
59 26
58 26
58 27
57 27
56 27
55 27
54 27
53 27
52 27
51 27
51 28
50 28
49 28
49 29
48 29
47 29
47 28
46 28
45 28
44 28
43 28
42 28
41 28
41 27
40 27
39 27
38 27
38 28
38 29
37 29
36 29
35 29
35 30
35 31
35 32
34 32
34 33
34 34
34 35
34 36
34 37
34 38
34 39
33 39
33 40
33 41
32 41
31 41
31 42
30 42
30 43
30 44
29 44
28 44
27 44
26 44
25 44
24 44
24 45
24 46
25 46
25 47
25 48
24 48
23 48
22 48
22 49
21 49
20 49
19 49
18 49
18 50
17 50
16 50
15 50
15 49
14 49
13 49
12 49
12 48
11 48
11 47
