35 1
35 0
34 0
33 0
32 0
31 0
31 1
30 1
29 1
29 2
29 3
29 4
29 5
29 6
29 7
29 8
29 9
29 10
29 11
29 12
28 12
28 13
28 14
28 15
28 16
28 17
28 18
28 19
27 19
27 20
27 21
27 22
27 23
28 23
28 24
28 25
28 26
28 27
28 28
27 28
26 28
26 29
26 30
26 31
27 31
27 32
27 33
26 33
26 34
26 35
26 36
26 37
26 38
26 39
26 40
26 41
26 42
26 43
27 43
27 44
27 45
27 46
28 46
29 46
30 46
31 46
32 46
32 47
32 48
31 48
30 48
29 48
29 49
29 50
29 51
29 52
30 52
30 53
30 54
30 55
29 55
28 55
28 56
28 57
28 58
28 59
28 60
27 60
26 60
26 61
26 62
26 63
