28 87
28 86
29 86
30 86
31 86
31 85
32 85
33 85
33 84
33 83
33 82
33 81
33 80
33 79
33 78
33 77
33 76
34 76
35 76
35 75
35 74
36 74
37 74
37 73
37 72
38 72
39 72
40 72
40 71
40 70
41 70
41 69
41 68
41 67
42 67
43 67
44 67
44 66
44 65
45 65
46 65
46 64
47 64
48 64
49 64
50 64
50 63
50 62
51 62
51 61
52 61
53 61
54 61
55 61
56 61
56 60
56 59
56 58
57 58
58 58
59 58
59 57
59 56
59 55
60 55
61 55
62 55
63 55
64 55
65 55
66 55
67 55
68 55
68 54
68 53
68 52
68 51
68 50
69 50
70 50
71 50
71 49
71 48
71 47
71 46
71 45
71 44
72 44
73 44
74 44
75 44
75 43
76 43
76 42
76 41
76 40
76 39
76 38
76 37
77 37
78 37
79 37
80 37
80 36
81 36
82 36
82 35
83 35
84 35
85 35
86 35
86 34
86 33
87 33
88 33
89 33
90 33
91 33
92 33
93 33
94 33
95 33
96 33
97 33
98 33
