20 99
19 99
19 98
19 97
19 96
19 95
19 94
19 93
19 92
19 91
18 91
18 90
18 89
18 88
18 87
18 86
17 86
17 85
16 85
15 85
14 85
14 84
14 83
13 83
13 82
12 82
11 82
11 81
11 80
11 79
11 78
10 78
10 77
10 76
9 76
9 75
9 74
9 73
9 72
9 71
8 71
7 71
6 71
5 71
5 70
5 69
5 68
4 68
3 68
2 68
2 67
2 66
2 65
2 64
2 63
1 63
1 62
1 61
1 60
2 60
2 59
2 58
2 57
2 56
2 55
1 55
0 55
0 54
0 53
0 52
1 52
1 51
1 50
1 49
2 49
2 48
2 47
2 46
2 45
2 44
2 43
2 42
2 41
2 40
2 39
2 38
2 37
2 36
2 35
2 34
2 33
2 32
2 31
2 30
2 29
1 29
1 28
1 27
1 26
0 26
0 25
0 24
0 23
0 22
0 21
0 20
0 19
1 19
