60 7
61 7
61 8
61 9
62 9
62 10
62 11
62 12
62 13
62 14
61 14
61 15
61 16
61 17
61 18
60 18
60 19
60 20
60 21
60 22
60 23
61 23
61 24
61 25
61 26
61 27
62 27
63 27
64 27
64 28
64 29
64 30
64 31
64 32
64 33
64 34
64 35
64 36
64 37
64 38
65 38
66 38
66 39
66 40
66 41
66 42
66 43
65 43
64 43
63 43
62 43
62 44
62 45
62 46
61 46
61 47
60 47
59 47
59 48
59 49
59 50
59 51
59 52
59 53
58 53
58 54
58 55
58 56
58 57
58 58
58 59
59 59
59 60
60 60
60 61
60 62
59 62
59 63
59 64
59 65
59 66
59 67
59 68
58 68
58 69
58 70
57 70
57 71
57 72
57 73
57 74
58 74
58 75
58 76
58 77
