56 20
56 21
55 21
54 21
54 20
54 19
55 19
55 18
56 18
57 18
57 17
57 16
56 16
55 16
54 16
54 17
53 17
52 17
52 18
51 18
50 18
49 18
48 18
47 18
46 18
45 18
44 18
43 18
43 19
42 19
41 19
41 20
41 21
41 22
41 23
40 23
39 23
38 23
37 23
36 23
36 24
36 25
35 25
34 25
33 25
33 26
33 27
32 27
31 27
30 27
29 27
29 28
29 29
28 29
28 30
28 31
28 32
27 32
27 33
26 33
26 34
26 35
26 36
26 37
26 38
26 39
25 39
24 39
24 40
24 41
24 42
24 43
24 44
24 45
23 45
22 45
22 46
22 47
22 48
22 49
22 50
22 51
22 52
22 53
22 54
22 55
22 56
23 56
23 57
23 58
23 59
23 60
23 61
23 62
23 63
23 64
23 65
23 66
23 67
23 68
23 69
22 69
22 70
22 71
22 72
22 73
22 74
22 75
22 76
22 77
22 78
23 78
24 78
24 79
24 80
23 80
22 80
22 81
22 82
22 83
22 84
21 84
21 85
21 86
20 86
20 87
20 88
20 89
20 90
21 90
22 90
