55 5
55 6
54 6
54 7
53 7
52 7
52 8
51 8
50 8
50 9
49 9
48 9
48 10
48 11
47 11
47 12
47 13
46 13
46 14
46 15
46 16
45 16
45 17
45 18
45 19
45 20
45 21
45 22
45 23
44 23
44 24
43 24
42 24
41 24
40 24
39 24
38 24
37 24
36 24
36 25
36 26
36 27
35 27
35 28
35 29
35 30
35 31
35 32
35 33
35 34
35 35
35 36
35 37
35 38
34 38
33 38
32 38
31 38
30 38
30 39
29 39
28 39
28 40
28 41
28 42
28 43
27 43
27 44
27 45
26 45
26 46
26 47
26 48
26 49
26 50
25 50
25 51
25 52
25 53
25 54
25 55
25 56
25 57
24 57
24 58
24 59
23 59
22 59
21 59
20 59
19 59
19 60
19 61
19 62
18 62
18 63
18 64
18 65
18 66
18 67
17 67
17 68
17 69
16 69
15 69
15 70
14 70
14 71
14 72
14 73
14 74
14 75
14 76
14 77
14 78
13 78
13 79
12 79
11 79
11 80
