44 15
44 16
45 16
45 17
45 18
45 19
45 20
46 20
47 20
48 20
48 21
49 21
50 21
51 21
51 22
51 23
52 23
52 24
52 25
52 26
52 27
52 28
52 29
52 30
52 31
53 31
53 32
54 32
54 33
54 34
54 35
54 36
54 37
55 37
56 37
57 37
57 38
57 39
58 39
59 39
59 40
59 41
59 42
60 42
61 42
62 42
63 42
64 42
65 42
65 43
66 43
66 44
67 44
68 44
69 44
70 44
70 45
71 45
72 45
73 45
73 46
73 47
73 48
73 49
73 50
73 51
73 52
74 52
74 53
74 54
75 54
75 55
76 55
77 55
78 55
79 55
80 55
81 55
81 56
81 57
81 58
81 59
80 59
79 59
79 60
79 61
78 61
78 62
78 63
