78 95
78 96
77 96
76 96
76 95
75 95
75 94
75 93
75 92
74 92
73 92
72 92
71 92
71 91
70 91
69 91
68 91
67 91
66 91
66 90
65 90
64 90
63 90
62 90
61 90
61 89
61 88
61 87
61 86
60 86
60 85
59 85
58 85
57 85
56 85
55 85
54 85
53 85
52 85
51 85
51 86
50 86
49 86
48 86
48 85
47 85
46 85
45 85
44 85
43 85
42 85
42 86
41 86
40 86
39 86
38 86
38 87
37 87
36 87
36 88
35 88
34 88
33 88
32 88
31 88
31 89
30 89
29 89
28 89
27 89
26 89
25 89
24 89
23 89
22 89
21 89
20 89
19 89
19 88
18 88
17 88
17 87
16 87
15 87
15 88
14 88
13 88
13 87
13 86
13 85
13 84
13 83
13 82
12 82
12 81
