41 90
40 90
39 90
39 89
39 88
39 87
39 86
40 86
40 85
40 84
40 83
40 82
39 82
38 82
38 81
38 80
37 80
36 80
35 80
35 79
35 78
34 78
33 78
32 78
31 78
31 77
31 76
31 75
30 75
30 74
30 73
29 73
29 72
29 71
29 70
29 69
28 69
28 68
28 67
28 66
28 65
27 65
26 65
26 64
26 63
26 62
25 62
24 62
24 61
23 61
22 61
21 61
20 61
20 60
19 60
19 59
19 58
19 57
19 56
19 55
18 55
17 55
17 54
17 53
17 52
17 51
17 50
17 49
17 48
17 47
16 47
15 47
14 47
14 46
14 45
14 44
14 43
14 42
14 41
13 41
12 41
12 40
12 39
11 39
10 39
