27 63
28 63
28 64
29 64
29 65
30 65
30 66
31 66
32 66
33 66
33 67
34 67
35 67
35 68
36 68
37 68
38 68
39 68
40 68
41 68
42 68
43 68
44 68
45 68
45 69
45 70
46 70
46 71
46 72
47 72
48 72
49 72
49 71
49 70
50 70
50 69
50 68
51 68
52 68
52 69
52 70
53 70
54 70
55 70
56 70
57 70
58 70
59 70
60 70
61 70
62 70
63 70
64 70
64 71
64 72
64 73
65 73
65 74
65 75
66 75
67 75
68 75
69 75
70 75
71 75
71 76
72 76
73 76
74 76
75 76
76 76
77 76
78 76
79 76
79 75
79 74
80 74
81 74
82 74
83 74
83 73
84 73
85 73
85 74
86 74
87 74
87 75
88 75
89 75
90 75
90 76
