4 31
4 32
3 32
3 33
2 33
1 33
0 33
0 34
0 35
0 36
0 37
0 38
0 39
0 40
0 41
0 42
1 42
1 43
1 44
2 44
3 44
3 45
4 45
5 45
5 46
5 47
6 47
6 48
7 48
8 48
8 49
8 50
8 51
9 51
10 51
11 51
12 51
12 52
12 53
13 53
14 53
15 53
16 53
16 54
16 55
17 55
18 55
18 56
19 56
19 57
20 57
21 57
22 57
23 57
24 57
24 58
25 58
26 58
27 58
28 58
28 59
29 59
30 59
31 59
32 59
33 59
33 60
34 60
34 61
34 62
34 63
35 63
36 63
37 63
38 63
38 64
39 64
39 65
40 65
40 66
41 66
41 67
42 67
42 68
42 69
43 69
43 70
44 70
45 70
46 70
47 70
48 70
48 71
49 71
50 71
50 72
50 73
50 74
50 75
51 75
52 75
53 75
54 75
55 75
56 75
56 76
56 77
56 78
57 78
58 78
59 78
60 78
61 78
62 78
63 78
64 78
65 78
65 79
65 80
65 81
66 81
67 81
67 82
68 82
69 82
69 83
70 83
71 83
71 84
71 85
70 85
