25 10
26 10
26 11
26 12
26 13
26 14
25 14
24 14
24 15
24 16
24 17
23 17
22 17
21 17
21 18
20 18
19 18
19 19
19 20
19 21
19 22
18 22
18 23
18 24
18 25
18 26
18 27
19 27
19 28
19 29
18 29
17 29
17 30
17 31
17 32
17 33
18 33
18 34
18 35
19 35
19 36
20 36
21 36
21 37
21 38
21 39
22 39
22 40
23 40
24 40
24 41
24 42
24 43
24 44
24 45
25 45
26 45
26 46
26 47
27 47
27 48
27 49
27 50
27 51
27 52
27 53
27 54
27 55
27 56
27 57
27 58
28 58
29 58
29 59
29 60
29 61
29 62
29 63
30 63
31 63
32 63
32 64
32 65
32 66
32 67
32 68
33 68
34 68
35 68
36 68
37 68
38 68
38 69
39 69
40 69
40 70
41 70
41 71
42 71
43 71
44 71
45 71
45 72
45 73
45 74
45 75
45 76
45 77
45 78
46 78
46 79
46 80
45 80
45 81
45 82
45 83
