46 5
45 5
44 5
43 5
43 6
43 7
43 8
43 9
42 9
41 9
41 10
41 11
41 12
40 12
39 12
39 13
38 13
38 14
37 14
37 15
37 16
37 17
36 17
36 18
35 18
35 19
35 20
35 21
34 21
33 21
33 22
32 22
32 23
31 23
31 24
30 24
29 24
29 25
28 25
28 26
27 26
26 26
25 26
24 26
23 26
22 26
22 27
21 27
21 28
21 29
22 29
23 29
24 29
24 30
25 30
25 31
26 31
27 31
28 31
28 30
28 29
28 28
29 28
30 28
30 27
31 27
32 27
32 28
32 29
32 30
32 31
33 31
34 31
34 32
34 33
35 33
36 33
37 33
38 33
38 34
39 34
39 35
39 36
39 37
39 38
39 39
40 39
41 39
42 39
42 40
43 40
43 41
43 42
43 43
42 43
42 44
42 45
