1 33
1 32
2 32
3 32
4 32
5 32
6 32
7 32
7 33
8 33
8 34
9 34
10 34
10 33
10 32
10 31
11 31
11 30
12 30
13 30
14 30
15 30
15 29
15 28
16 28
17 28
18 28
19 28
20 28
21 28
21 27
22 27
23 27
23 28
24 28
25 28
25 27
26 27
26 26
27 26
28 26
29 26
30 26
30 25
31 25
32 25
32 24
32 23
32 22
33 22
34 22
34 21
34 20
34 19
35 19
36 19
37 19
37 18
37 17
37 16
37 15
36 15
35 15
35 14
35 13
35 12
35 11
35 10
36 10
37 10
37 9
38 9
39 9
39 10
40 10
41 10
42 10
43 10
44 10
45 10
46 10
46 11
46 12
46 13
46 14
46 15
46 16
45 16
