11 44
11 45
12 45
13 45
13 44
13 43
13 42
13 41
13 40
14 40
14 39
14 38
14 37
15 37
15 36
15 35
15 34
15 33
15 32
16 32
16 31
17 31
18 31
19 31
19 30
20 30
20 29
21 29
21 28
21 27
21 26
21 25
21 24
21 23
21 22
21 21
21 20
21 19
21 18
21 17
21 16
21 15
22 15
23 15
23 14
23 13
23 12
22 12
22 11
22 10
22 9
22 8
22 7
22 6
23 6
23 5
24 5
25 5
26 5
27 5
28 5
29 5
30 5
31 5
31 4
31 3
32 3
33 3
33 4
34 4
34 5
35 5
35 6
35 7
36 7
37 7
37 8
37 9
37 10
37 11
38 11
39 11
39 12
39 13
38 13
38 14
38 15
38 16
39 16
39 17
39 18
39 19
39 20
39 21
39 22
38 22
37 22
36 22
35 22
34 22
