16 49
15 49
15 48
14 48
13 48
12 48
12 47
11 47
10 47
10 46
10 45
10 44
10 43
10 42
10 41
10 40
10 39
11 39
12 39
12 38
13 38
14 38
14 37
15 37
16 37
17 37
18 37
18 36
19 36
19 35
19 34
19 33
19 32
19 31
19 30
19 29
19 28
19 27
20 27
21 27
21 26
21 25
21 24
21 23
22 23
23 23
23 22
23 21
23 20
23 19
24 19
24 18
25 18
26 18
27 18
28 18
28 17
29 17
29 16
29 15
29 14
30 14
31 14
32 14
33 14
34 14
35 14
36 14
37 14
38 14
39 14
39 15
40 15
41 15
41 14
41 13
42 13
42 12
42 11
43 11
43 10
44 10
44 9
45 9
46 9
47 9
48 9
