49 11
48 11
48 10
47 10
46 10
46 11
46 12
45 12
44 12
44 13
44 14
44 15
44 16
45 16
45 17
45 18
45 19
45 20
45 21
45 22
44 22
43 22
43 23
42 23
41 23
41 24
41 25
40 25
40 26
39 26
39 27
38 27
37 27
37 28
37 29
36 29
35 29
35 30
34 30
33 30
33 31
33 32
33 33
33 34
33 35
33 36
33 37
33 38
32 38
31 38
30 38
30 39
30 40
30 41
29 41
28 41
28 42
27 42
27 43
26 43
25 43
24 43
23 43
22 43
21 43
21 44
20 44
19 44
18 44
17 44
17 43
16 43
15 43
14 43
14 44
13 44
12 44
11 44
10 44
9 44
8 44
8 45
8 46
7 46
6 46
5 46
5 47
