45 46
44 46
43 46
43 45
42 45
41 45
40 45
40 44
40 43
40 42
39 42
38 42
37 42
36 42
35 42
35 41
35 40
34 40
33 40
32 40
32 39
32 38
32 37
31 37
30 37
29 37
28 37
27 37
26 37
25 37
25 36
24 36
23 36
23 35
23 34
23 33
23 32
23 31
23 30
23 29
22 29
22 28
21 28
20 28
20 27
20 26
19 26
19 25
19 24
18 24
18 23
18 22
18 21
18 20
18 19
19 19
19 18
19 17
18 17
17 17
16 17
15 17
15 16
14 16
13 16
13 17
12 17
11 17
10 17
9 17
9 18
8 18
8 19
7 19
7 20
6 20
5 20
4 20
3 20
2 20
2 21
2 22
2 23
2 24
2 25
2 26
1 26
1 27
