48 2
47 2
46 2
46 3
46 4
46 5
45 5
44 5
44 6
43 6
43 7
42 7
41 7
40 7
39 7
38 7
37 7
37 8
36 8
36 9
36 10
36 11
36 12
35 12
35 13
35 14
34 14
33 14
32 14
32 15
31 15
31 16
30 16
29 16
28 16
27 16
26 16
26 17
26 18
26 19
26 20
25 20
25 21
25 22
24 22
24 23
24 24
24 25
23 25
22 25
22 26
22 27
22 28
22 29
22 30
21 30
20 30
19 30
18 30
17 30
16 30
15 30
14 30
13 30
13 31
13 32
12 32
12 33
12 34
12 35
12 36
12 37
11 37
11 38
11 39
11 40
11 41
10 41
10 42
9 42
8 42
8 43
7 43
6 43
5 43
5 44
5 45
5 46
5 47
4 47
