1 6
2 6
3 6
3 5
4 5
5 5
5 6
6 6
7 6
7 7
8 7
9 7
9 8
9 9
9 10
9 11
9 12
9 13
9 14
10 14
11 14
12 14
13 14
13 15
14 15
14 16
14 17
14 18
14 19
15 19
16 19
17 19
18 19
19 19
20 19
21 19
21 20
22 20
23 20
24 20
24 21
24 22
25 22
25 23
25 24
25 25
25 26
25 27
26 27
27 27
27 28
27 29
27 30
27 31
28 31
29 31
30 31
31 31
32 31
33 31
33 30
34 30
35 30
36 30
37 30
38 30
39 30
40 30
41 30
42 30
43 30
44 30
45 30
45 31
45 32
45 33
44 33
44 34
43 34
43 35
43 36
44 36
44 37
44 38
44 39
44 40
44 41
44 42
45 42
45 43
45 44
44 44
43 44
43 45
43 46
