1 2
1 3
1 4
2 4
2 5
3 5
4 5
5 5
6 5
7 5
7 6
7 7
8 7
9 7
10 7
11 7
12 7
12 8
12 9
13 9
13 10
14 10
14 11
14 12
15 12
15 13
16 13
16 14
17 14
17 15
17 16
18 16
19 16
20 16
20 15
20 14
20 13
21 13
22 13
22 12
23 12
24 12
24 13
24 14
25 14
26 14
26 15
26 16
26 17
27 17
28 17
29 17
29 18
29 19
29 20
29 21
29 22
29 23
29 24
30 24
31 24
31 25
32 25
32 26
33 26
34 26
34 27
35 27
35 28
36 28
36 29
36 30
36 31
36 32
36 33
36 34
36 35
36 36
36 37
36 38
36 39
36 40
36 41
36 42
36 43
36 44
36 45
35 45
35 46
35 47
35 48
