1 18
2 18
3 18
3 17
3 16
3 15
3 14
3 13
4 13
4 12
5 12
6 12
7 12
8 12
9 12
9 11
10 11
10 10
11 10
12 10
12 11
12 12
13 12
14 12
14 11
15 11
16 11
16 12
17 12
18 12
19 12
20 12
21 12
22 12
22 11
23 11
24 11
25 11
26 11
26 10
27 10
28 10
29 10
29 9
30 9
31 9
31 10
31 11
32 11
32 12
32 13
32 14
33 14
33 15
33 16
32 16
31 16
31 17
31 18
32 18
33 18
33 19
33 20
33 21
34 21
34 22
34 23
33 23
32 23
31 23
30 23
29 23
29 22
28 22
27 22
26 22
25 22
25 21
24 21
23 21
23 20
23 19
22 19
21 19
20 19
19 19
19 20
18 20
17 20
16 20
15 20
14 20
13 20
12 20
11 20
10 20
9 20
8 20
7 20
6 20
5 20
4 20
4 21
3 21
3 22
3 23
3 24
