44 4
45 4
45 5
46 5
47 5
47 6
47 7
47 8
48 8
48 9
48 10
47 10
47 11
47 12
47 13
47 14
46 14
45 14
44 14
43 14
43 15
43 16
43 17
43 18
44 18
45 18
45 19
46 19
47 19
48 19
48 20
48 21
49 21
49 22
49 23
48 23
48 24
47 24
46 24
45 24
45 25
44 25
43 25
42 25
41 25
41 24
40 24
39 24
38 24
37 24
36 24
35 24
34 24
33 24
32 24
31 24
30 24
30 25
30 26
29 26
28 26
28 27
27 27
27 28
26 28
26 29
26 30
25 30
24 30
23 30
23 31
23 32
23 33
23 34
22 34
22 35
22 36
22 37
22 38
21 38
20 38
19 38
18 38
18 39
17 39
16 39
16 40
15 40
15 41
15 42
15 43
