46 4
45 4
45 5
45 6
45 7
45 8
46 8
46 9
46 10
46 11
45 11
44 11
43 11
43 12
43 13
43 14
42 14
42 15
41 15
40 15
39 15
38 15
37 15
37 16
36 16
35 16
34 16
33 16
32 16
32 17
32 18
32 19
32 20
32 21
31 21
31 22
31 23
31 24
31 25
31 26
30 26
29 26
28 26
28 27
27 27
26 27
26 28
25 28
24 28
23 28
23 29
23 30
23 31
22 31
22 32
22 33
22 34
22 35
21 35
20 35
19 35
18 35
17 35
16 35
15 35
14 35
13 35
12 35
11 35
11 36
11 37
10 37
9 37
9 38
9 39
8 39
7 39
6 39
6 40
6 41
6 42
5 42
5 43
4 43
3 43
3 44
2 44
2 45
2 46
3 46
