46 44
47 44
47 43
47 42
47 41
47 40
47 39
47 38
47 37
47 36
47 35
46 35
46 34
46 33
46 32
46 31
45 31
44 31
44 30
44 29
44 28
43 28
43 27
42 27
41 27
40 27
40 26
40 25
40 24
40 23
40 22
39 22
39 21
39 20
39 19
39 18
38 18
38 17
38 16
37 16
36 16
35 16
34 16
33 16
33 15
32 15
31 15
30 15
30 14
29 14
28 14
27 14
27 13
26 13
25 13
24 13
23 13
22 13
21 13
21 12
20 12
19 12
18 12
17 12
16 12
16 11
16 10
15 10
14 10
13 10
12 10
11 10
10 10
9 10
8 10
7 10
6 10
5 10
4 10
3 10
2 10
2 9
2 8
2 7
2 6
1 6
0 6
0 5
0 4
0 3
0 2
