46 47
46 46
45 46
44 46
44 47
43 47
42 47
41 47
40 47
39 47
38 47
38 48
37 48
36 48
35 48
34 48
33 48
32 48
31 48
30 48
29 48
29 47
29 46
29 45
29 44
29 43
29 42
29 41
29 40
29 39
29 38
28 38
27 38
27 37
27 36
27 35
27 34
27 33
27 32
27 31
27 30
27 29
27 28
27 27
26 27
26 26
26 25
25 25
24 25
24 24
24 23
24 22
24 21
24 20
23 20
23 19
22 19
22 18
22 17
21 17
21 16
20 16
19 16
19 15
18 15
17 15
17 14
17 13
17 12
17 11
16 11
16 10
16 9
15 9
15 8
14 8
13 8
13 9
12 9
11 9
10 9
9 9
8 9
7 9
7 8
7 7
7 6
7 5
6 5
