46 45
45 45
44 45
43 45
42 45
41 45
40 45
40 46
40 47
39 47
39 48
38 48
37 48
36 48
35 48
35 47
34 47
33 47
32 47
31 47
30 47
30 46
29 46
28 46
27 46
26 46
25 46
24 46
23 46
23 45
22 45
22 44
21 44
20 44
19 44
19 43
18 43
18 42
18 41
18 40
17 40
16 40
15 40
14 40
13 40
13 39
12 39
12 38
12 37
12 36
12 35
12 34
11 34
11 33
11 32
11 31
11 30
10 30
9 30
9 29
8 29
8 28
8 27
8 26
8 25
9 25
9 24
9 23
8 23
8 22
7 22
7 21
7 20
6 20
6 19
6 18
5 18
5 17
5 16
5 15
6 15
7 15
8 15
8 16
9 16
10 16
11 16
12 16
