46 41
45 41
44 41
44 40
44 39
44 38
43 38
43 37
43 36
43 35
43 34
43 33
43 32
42 32
41 32
40 32
39 32
38 32
38 33
37 33
36 33
35 33
35 34
34 34
33 34
32 34
31 34
31 33
31 32
30 32
30 31
29 31
29 30
29 29
29 28
28 28
27 28
27 27
26 27
26 26
25 26
24 26
23 26
22 26
22 25
21 25
20 25
19 25
19 24
18 24
18 23
17 23
17 22
17 21
16 21
15 21
14 21
13 21
13 22
13 23
13 24
12 24
11 24
11 25
11 26
11 27
11 28
10 28
10 29
9 29
9 30
9 31
8 31
7 31
6 31
6 32
6 33
7 33
7 34
7 35
7 36
8 36
9 36
9 37
9 38
9 39
10 39
11 39
11 40
11 41
11 42
12 42
13 42
