47 5
47 6
47 7
47 8
47 9
47 10
47 11
46 11
45 11
45 12
45 13
44 13
43 13
42 13
42 14
41 14
40 14
39 14
38 14
38 15
38 16
37 16
36 16
35 16
34 16
33 16
33 17
33 18
32 18
31 18
30 18
29 18
29 19
29 20
29 21
30 21
30 22
30 23
30 24
31 24
32 24
32 25
32 26
32 27
32 28
32 29
32 30
32 31
32 32
32 33
32 34
32 35
32 36
32 37
32 38
32 39
33 39
34 39
34 40
34 41
34 42
34 43
34 44
34 45
35 45
35 46
35 47
34 47
34 48
34 49
33 49
32 49
31 49
30 49
30 48
29 48
29 47
29 46
28 46
27 46
26 46
25 46
24 46
24 45
24 44
24 43
23 43
22 43
22 42
22 41
