23 43
22 43
22 42
22 41
21 41
20 41
19 41
19 42
18 42
17 42
17 41
16 41
15 41
14 41
13 41
12 41
11 41
11 40
11 39
11 38
11 37
11 36
12 36
12 35
13 35
14 35
14 34
14 33
14 32
14 31
14 30
15 30
16 30
16 29
17 29
17 28
17 27
17 26
17 25
17 24
18 24
19 24
19 25
20 25
21 25
22 25
22 24
23 24
24 24
25 24
26 24
26 25
26 26
27 26
27 27
27 28
27 29
27 30
27 31
26 31
26 32
26 33
27 33
27 34
27 35
27 36
27 37
27 38
27 39
27 40
27 41
28 41
28 42
28 43
28 44
29 44
30 44
30 45
31 45
32 45
32 46
32 47
33 47
34 47
35 47
35 46
36 46
37 46
37 47
37 48
38 48
38 49
39 49
