7 24
6 24
6 25
5 25
4 25
4 26
3 26
2 26
2 27
2 28
2 29
2 30
2 31
2 32
2 33
2 34
2 35
2 36
2 37
3 37
4 37
5 37
5 36
6 36
7 36
8 36
9 36
10 36
11 36
11 37
12 37
12 38
13 38
14 38
15 38
16 38
17 38
17 37
18 37
19 37
19 36
20 36
21 36
21 35
22 35
23 35
24 35
25 35
26 35
26 34
27 34
27 33
28 33
29 33
29 32
29 31
29 30
30 30
30 29
30 28
30 27
31 27
31 26
32 26
33 26
33 25
34 25
34 24
34 23
34 22
35 22
35 21
35 20
36 20
36 19
36 18
36 17
36 16
36 15
37 15
37 14
37 13
38 13
39 13
40 13
40 12
41 12
42 12
42 11
42 10
43 10
44 10
45 10
45 9
