3 4
3 5
3 6
3 7
4 7
4 8
4 9
3 9
3 10
3 11
4 11
4 12
4 13
5 13
5 14
6 14
7 14
7 15
8 15
9 15
10 15
11 15
11 16
11 17
12 17
12 18
13 18
14 18
14 19
14 20
14 21
15 21
16 21
16 22
16 23
17 23
18 23
19 23
20 23
20 24
21 24
21 25
22 25
22 26
22 27
23 27
23 28
23 29
23 30
23 31
23 32
24 32
24 33
25 33
26 33
27 33
28 33
29 33
30 33
31 33
32 33
33 33
34 33
35 33
36 33
37 33
38 33
39 33
39 34
39 35
40 35
41 35
41 36
42 36
42 37
42 38
42 39
43 39
44 39
45 39
46 39
47 39
47 40
48 40
49 40
49 41
49 42
48 42
48 43
48 44
48 45
49 45
49 46
