41 3
41 2
41 1
42 1
42 0
43 0
44 0
44 1
44 2
44 3
44 4
44 5
43 5
42 5
41 5
41 6
41 7
40 7
39 7
39 8
39 9
38 9
38 10
38 11
37 11
36 11
35 11
35 12
34 12
33 12
33 13
33 14
33 15
33 16
33 17
33 18
33 19
32 19
32 20
32 21
32 22
32 23
32 24
32 25
31 25
31 26
31 27
30 27
30 28
30 29
30 30
30 31
30 32
29 32
29 33
29 34
28 34
28 35
28 36
28 37
28 38
29 38
29 39
29 40
28 40
28 41
28 42
27 42
26 42
25 42
25 43
25 44
24 44
23 44
22 44
22 45
21 45
20 45
19 45
18 45
18 44
17 44
16 44
16 45
15 45
14 45
13 45
13 46
13 47
