4 32
4 31
4 30
4 29
5 29
5 28
5 27
6 27
7 27
8 27
9 27
10 27
11 27
12 27
13 27
13 28
14 28
15 28
16 28
17 28
18 28
19 28
20 28
21 28
21 29
22 29
22 30
23 30
24 30
24 29
24 28
25 28
26 28
26 27
26 26
27 26
28 26
29 26
29 25
29 24
28 24
28 23
28 22
28 21
28 20
28 19
29 19
29 18
29 17
29 16
30 16
30 15
30 14
29 14
28 14
28 13
28 12
28 11
28 10
28 9
28 8
28 7
29 7
30 7
30 6
30 5
31 5
32 5
33 5
34 5
35 5
36 5
37 5
38 5
39 5
40 5
41 5
41 4
42 4
42 3
42 2
43 2
44 2
45 2
46 2
47 2
48 2
48 3
49 3
49 4
49 5
49 6
49 7
