44 49
44 48
44 47
43 47
43 46
42 46
42 45
42 44
42 43
43 43
43 42
43 41
43 40
42 40
42 39
41 39
40 39
39 39
39 38
39 37
39 36
39 35
39 34
38 34
38 33
37 33
36 33
36 32
36 31
36 30
36 29
36 28
36 27
35 27
34 27
33 27
32 27
31 27
30 27
30 28
29 28
28 28
28 29
28 30
27 30
27 31
26 31
25 31
25 30
25 29
24 29
23 29
22 29
21 29
21 28
21 27
21 26
22 26
23 26
23 25
23 24
24 24
25 24
26 24
27 24
28 24
29 24
30 24
31 24
31 23
32 23
32 22
33 22
33 21
34 21
34 20
35 20
35 19
35 18
35 17
35 16
36 16
37 16
37 15
37 14
37 13
37 12
37 11
37 10
37 9
37 8
37 7
36 7
