36 49
36 48
35 48
34 48
33 48
33 47
32 47
31 47
30 47
30 46
29 46
28 46
28 45
27 45
27 44
26 44
26 43
26 42
26 41
26 40
26 39
26 38
26 37
26 36
25 36
24 36
24 35
23 35
22 35
21 35
21 34
21 33
21 32
21 31
21 30
20 30
20 29
20 28
20 27
20 26
20 25
20 24
20 23
20 22
21 22
21 21
21 20
21 19
22 19
22 18
23 18
24 18
24 19
25 19
26 19
27 19
28 19
29 19
30 19
31 19
31 18
32 18
33 18
34 18
35 18
36 18
36 17
37 17
38 17
39 17
40 17
40 16
41 16
42 16
42 15
43 15
43 14
44 14
45 14
45 15
45 16
45 17
45 18
46 18
46 19
