45 11
46 11
47 11
47 10
47 9
46 9
45 9
45 8
44 8
43 8
42 8
41 8
40 8
40 9
40 10
39 10
39 11
39 12
39 13
39 14
39 15
39 16
38 16
38 17
38 18
38 19
37 19
37 20
37 21
37 22
36 22
35 22
34 22
34 23
34 24
33 24
32 24
32 25
32 26
32 27
31 27
30 27
30 28
30 29
29 29
29 30
29 31
28 31
28 32
27 32
27 33
26 33
25 33
24 33
23 33
22 33
21 33
21 34
20 34
20 35
20 36
20 37
20 38
20 39
20 40
20 41
20 42
19 42
19 43
19 44
19 45
19 46
19 47
18 47
17 47
16 47
15 47
14 47
13 47
12 47
11 47
10 47
9 47
9 46
8 46
8 45
7 45
7 44
7 43
7 42
6 42
6 41
6 40
6 39
6 38
5 38
4 38
3 38
2 38
1 38
0 38
0 39
0 40
0 41
