43 13
43 12
43 11
43 10
44 10
44 9
44 8
45 8
45 7
45 6
44 6
43 6
42 6
42 7
42 8
42 9
41 9
40 9
39 9
38 9
37 9
36 9
36 10
35 10
35 11
34 11
33 11
32 11
31 11
30 11
29 11
28 11
27 11
27 12
26 12
25 12
24 12
23 12
22 12
22 13
21 13
20 13
19 13
18 13
17 13
16 13
15 13
14 13
14 12
14 11
13 11
12 11
11 11
11 12
11 13
11 14
11 15
11 16
11 17
11 18
10 18
10 19
10 20
9 20
9 21
9 22
9 23
9 24
9 25
10 25
10 26
10 27
10 28
10 29
10 30
10 31
10 32
10 33
10 34
10 35
10 36
10 37
10 38
10 39
10 40
9 40
9 41
9 42
9 43
9 44
10 44
10 45
10 46
9 46
8 46
8 47
8 48
8 49
