42 1
42 0
41 0
40 0
40 1
39 1
38 1
37 1
36 1
35 1
34 1
33 1
32 1
31 1
30 1
30 2
29 2
28 2
28 3
28 4
29 4
29 5
29 6
29 7
29 8
30 8
31 8
31 9
32 9
33 9
33 10
33 11
33 12
34 12
34 13
34 14
34 15
34 16
34 17
35 17
35 18
35 19
35 20
35 21
35 22
36 22
36 23
37 23
38 23
39 23
40 23
41 23
42 23
42 24
42 25
42 26
42 27
42 28
41 28
41 29
41 30
40 30
40 31
40 32
40 33
40 34
40 35
40 36
41 36
41 37
42 37
43 37
44 37
45 37
46 37
46 38
46 39
46 40
46 41
45 41
44 41
43 41
43 42
43 43
43 44
43 45
43 46
43 47
43 48
44 48
45 48
46 48
47 48
47 49
48 49
49 49
