19 3
19 4
19 5
19 6
19 7
19 8
18 8
18 9
18 10
19 10
19 11
19 12
19 13
19 14
19 15
19 16
19 17
19 18
19 19
19 20
20 20
20 21
20 22
20 23
20 24
20 25
21 25
21 26
21 27
21 28
21 29
21 30
21 31
22 31
23 31
24 31
25 31
25 32
26 32
27 32
28 32
28 33
28 34
28 35
28 36
27 36
27 37
27 38
28 38
28 39
28 40
29 40
29 41
29 42
29 43
29 44
29 45
29 46
29 47
30 47
31 47
32 47
33 47
33 46
34 46
35 46
36 46
37 46
38 46
39 46
40 46
41 46
41 45
41 44
42 44
42 43
43 43
43 42
43 41
42 41
42 40
42 39
42 38
43 38
43 37
43 36
43 35
44 35
45 35
45 34
45 33
46 33
