46 46
46 45
47 45
48 45
49 45
49 44
49 43
48 43
47 43
46 43
46 42
45 42
44 42
43 42
42 42
41 42
40 42
40 41
40 40
39 40
38 40
38 39
37 39
36 39
36 38
36 37
36 36
36 35
36 34
36 33
36 32
37 32
38 32
38 31
38 30
37 30
37 29
37 28
36 28
36 27
36 26
36 25
36 24
35 24
34 24
33 24
33 23
33 22
33 21
33 20
32 20
31 20
30 20
29 20
28 20
27 20
27 19
27 18
27 17
27 16
26 16
25 16
25 15
25 14
24 14
23 14
22 14
21 14
20 14
20 13
19 13
18 13
18 12
18 11
18 10
18 9
18 8
18 7
17 7
16 7
15 7
14 7
13 7
12 7
11 7
10 7
9 7
9 6
9 5
9 4
9 3
8 3
7 3
