39 39
38 39
37 39
37 40
36 40
35 40
34 40
33 40
33 39
33 38
33 37
33 36
32 36
31 36
31 37
30 37
29 37
29 38
28 38
27 38
26 38
26 37
26 36
26 35
27 35
27 34
27 33
27 32
26 32
25 32
24 32
24 31
23 31
23 30
23 29
22 29
22 28
21 28
21 27
21 26
21 25
21 24
21 23
21 22
21 21
22 21
22 20
23 20
23 19
23 18
22 18
22 17
22 16
21 16
21 15
20 15
20 14
20 13
20 12
19 12
18 12
17 12
17 13
16 13
15 13
14 13
14 14
14 15
14 16
13 16
12 16
11 16
10 16
9 16
8 16
7 16
6 16
5 16
4 16
4 17
3 17
2 17
2 18
2 19
1 19
0 19
0 20
0 21
0 22
0 23
