33 4
33 5
34 5
35 5
36 5
37 5
37 6
37 7
38 7
39 7
40 7
41 7
41 8
42 8
43 8
43 9
43 10
42 10
42 11
42 12
42 13
41 13
41 14
41 15
41 16
42 16
42 17
42 18
42 19
43 19
43 20
43 21
42 21
42 22
42 23
42 24
42 25
41 25
40 25
40 26
40 27
40 28
41 28
41 29
41 30
41 31
41 32
41 33
40 33
40 34
39 34
38 34
38 35
37 35
37 36
36 36
36 37
35 37
35 38
34 38
33 38
33 39
32 39
32 40
31 40
30 40
30 39
29 39
28 39
28 38
27 38
26 38
25 38
24 38
23 38
22 38
21 38
21 39
21 40
21 41
21 42
21 43
21 44
20 44
19 44
19 45
18 45
17 45
16 45
16 44
16 43
15 43
14 43
13 43
12 43
11 43
10 43
9 43
9 42
8 42
8 41
8 40
8 39
7 39
6 39
