14 46
13 46
12 46
11 46
10 46
10 45
10 44
10 43
10 42
11 42
12 42
12 41
12 40
12 39
12 38
12 37
11 37
10 37
9 37
9 36
9 35
9 34
9 33
9 32
9 31
9 30
9 29
9 28
9 27
9 26
9 25
9 24
9 23
10 23
11 23
11 22
11 21
11 20
11 19
11 18
11 17
11 16
12 16
13 16
14 16
15 16
15 15
15 14
16 14
17 14
18 14
18 15
19 15
20 15
21 15
22 15
23 15
24 15
25 15
26 15
26 14
26 13
26 12
26 11
27 11
28 11
29 11
30 11
31 11
32 11
33 11
34 11
35 11
36 11
37 11
37 10
38 10
38 9
38 8
38 7
38 6
39 6
40 6
41 6
42 6
43 6
44 6
45 6
46 6
47 6
47 5
48 5
49 5
49 6
