24 46
23 46
23 45
23 44
22 44
21 44
20 44
20 43
20 42
20 41
19 41
18 41
17 41
16 41
15 41
14 41
14 40
14 39
14 38
14 37
14 36
13 36
13 35
13 34
12 34
12 33
11 33
10 33
10 32
10 31
10 30
11 30
11 29
12 29
13 29
14 29
15 29
15 28
15 27
15 26
16 26
17 26
18 26
19 26
19 25
20 25
21 25
21 24
22 24
23 24
23 23
24 23
24 22
24 21
24 20
25 20
25 19
26 19
27 19
28 19
29 19
30 19
30 18
31 18
32 18
33 18
34 18
35 18
36 18
36 17
36 16
37 16
37 15
37 14
37 13
37 12
37 11
37 10
37 9
37 8
38 8
39 8
40 8
41 8
42 8
43 8
44 8
44 7
45 7
46 7
46 6
46 5
47 5
48 5
48 6
48 7
