1 1
2 1
2 2
2 3
2 4
2 5
2 6
1 6
0 6
0 7
0 8
0 9
0 10
0 11
0 12
0 13
0 14
1 14
2 14
3 14
4 14
5 14
6 14
7 14
7 15
8 15
9 15
9 16
9 17
10 17
11 17
12 17
13 17
13 18
13 19
13 20
14 20
15 20
16 20
17 20
18 20
18 21
19 21
20 21
20 22
21 22
22 22
22 23
22 24
23 24
24 24
24 25
25 25
26 25
27 25
28 25
29 25
30 25
30 26
30 27
31 27
31 28
32 28
33 28
33 29
34 29
35 29
35 30
35 31
35 32
36 32
37 32
37 33
37 34
38 34
38 35
38 36
39 36
40 36
40 37
40 38
39 38
39 39
39 40
39 41
39 42
39 43
38 43
37 43
37 44
36 44
35 44
34 44
34 45
