37 46
37 47
37 48
36 48
36 49
35 49
34 49
34 48
33 48
33 47
32 47
31 47
31 46
30 46
30 45
29 45
29 44
29 43
29 42
28 42
27 42
26 42
26 41
25 41
24 41
23 41
23 40
22 40
21 40
21 39
20 39
19 39
18 39
18 38
17 38
17 37
17 36
17 35
17 34
17 33
17 32
18 32
18 31
18 30
18 29
17 29
17 28
16 28
16 27
16 26
16 25
16 24
16 23
15 23
14 23
14 22
14 21
13 21
13 20
12 20
12 19
12 18
12 17
12 16
12 15
12 14
12 13
13 13
13 12
13 11
12 11
11 11
11 10
11 9
11 8
10 8
10 7
9 7
8 7
8 6
8 5
8 4
8 3
8 2
7 2
6 2
5 2
4 2
