33 5
33 6
33 7
32 7
31 7
30 7
29 7
28 7
28 8
28 9
28 10
27 10
27 11
26 11
25 11
24 11
23 11
23 12
22 12
21 12
20 12
19 12
19 13
19 14
18 14
18 15
18 16
18 17
18 18
18 19
19 19
20 19
21 19
21 20
22 20
23 20
23 21
24 21
25 21
25 22
25 23
24 23
23 23
22 23
22 24
22 25
22 26
23 26
24 26
24 27
25 27
25 28
26 28
27 28
27 27
27 26
27 25
28 25
28 24
28 23
28 22
29 22
30 22
31 22
32 22
33 22
34 22
34 21
35 21
36 21
37 21
38 21
39 21
40 21
40 20
41 20
41 19
42 19
43 19
43 18
43 17
43 16
43 15
44 15
44 14
45 14
45 13
45 12
44 12
44 11
