1 1
1 2
2 2
2 3
3 3
4 3
5 3
6 3
7 3
8 3
9 3
9 4
10 4
11 4
12 4
12 5
13 5
14 5
15 5
16 5
17 5
18 5
19 5
20 5
20 6
20 7
20 8
20 9
21 9
21 10
22 10
23 10
23 11
23 12
24 12
25 12
26 12
27 12
28 12
28 13
29 13
30 13
30 14
30 15
30 16
30 17
31 17
31 18
31 19
30 19
29 19
29 20
28 20
27 20
27 21
27 22
27 23
26 23
25 23
24 23
23 23
23 24
23 25
23 26
23 27
23 28
22 28
21 28
20 28
19 28
18 28
17 28
16 28
15 28
14 28
14 29
14 30
13 30
13 31
12 31
12 32
11 32
11 33
11 34
10 34
9 34
8 34
8 33
7 33
6 33
5 33
4 33
3 33
3 34
3 35
3 36
2 36
1 36
1 35
1 34
0 34
0 33
0 32
