42 18
42 19
42 20
42 21
42 22
42 23
42 24
42 25
42 26
42 27
42 28
42 29
42 30
42 31
42 32
43 32
43 33
43 34
43 35
44 35
45 35
45 36
46 36
46 37
46 38
45 38
45 39
45 40
45 41
46 41
46 42
46 43
45 43
44 43
43 43
42 43
42 42
41 42
40 42
39 42
39 41
39 40
38 40
37 40
36 40
35 40
34 40
33 40
32 40
31 40
30 40
29 40
29 39
28 39
27 39
27 38
27 37
26 37
26 36
26 35
26 34
26 33
26 32
26 31
26 30
25 30
25 29
25 28
25 27
25 26
25 25
25 24
25 23
25 22
24 22
23 22
22 22
21 22
20 22
19 22
18 22
17 22
17 23
16 23
15 23
14 23
13 23
12 23
11 23
11 22
10 22
9 22
8 22
7 22
7 21
6 21
