44 37
43 37
43 36
43 35
44 35
45 35
45 36
46 36
46 37
46 38
45 38
45 39
45 40
45 41
46 41
46 42
46 43
45 43
44 43
43 43
42 43
42 42
41 42
40 42
39 42
39 41
39 40
38 40
37 40
36 40
35 40
34 40
33 40
32 40
31 40
30 40
29 40
29 39
28 39
27 39
27 38
27 37
26 37
26 36
26 35
26 34
26 33
26 32
26 31
26 30
25 30
25 29
25 28
25 27
25 26
25 25
25 24
25 23
25 22
25 21
25 20
25 19
25 18
25 17
25 16
25 15
25 14
25 13
25 12
25 11
25 10
25 9
26 9
27 9
28 9
28 8
28 7
28 6
27 6
27 5
27 4
26 4
25 4
25 3
25 2
25 1
25 0
