42 2
42 3
42 4
42 5
42 6
42 7
41 7
40 7
39 7
38 7
37 7
37 6
37 5
37 4
37 3
36 3
36 2
35 2
34 2
33 2
33 1
32 1
32 0
31 0
30 0
30 1
30 2
30 3
31 3
31 4
31 5
32 5
32 6
32 7
32 8
31 8
31 9
31 10
31 11
32 11
32 12
32 13
32 14
32 15
32 16
32 17
32 18
32 19
32 20
32 21
32 22
31 22
31 23
31 24
32 24
33 24
33 25
34 25
35 25
35 26
35 27
35 28
35 29
35 30
35 31
35 32
35 33
36 33
37 33
38 33
39 33
39 34
40 34
40 35
40 36
41 36
41 37
41 38
40 38
40 39
40 40
41 40
41 41
41 42
41 43
42 43
43 43
44 43
44 44
44 45
43 45
43 46
