7 49
6 49
6 48
6 47
6 46
6 45
6 44
5 44
4 44
3 44
2 44
2 43
2 42
3 42
3 41
3 40
4 40
4 39
4 38
5 38
5 37
6 37
7 37
7 36
8 36
9 36
10 36
10 35
10 34
10 33
10 32
10 31
10 30
10 29
10 28
10 27
11 27
11 26
11 25
11 24
11 23
12 23
13 23
14 23
15 23
16 23
17 23
18 23
18 22
19 22
20 22
21 22
22 22
23 22
24 22
25 22
26 22
27 22
27 21
27 20
27 19
27 18
28 18
28 17
28 16
29 16
30 16
31 16
32 16
33 16
33 15
34 15
34 14
35 14
35 13
36 13
37 13
38 13
39 13
39 14
40 14
41 14
42 14
43 14
43 15
43 16
44 16
45 16
46 16
47 16
48 16
49 16
