7 7
8 7
9 7
10 7
11 7
11 8
12 8
13 8
14 8
14 9
14 10
14 11
14 12
14 13
15 13
16 13
16 14
16 15
17 15
18 15
19 15
19 16
20 16
21 16
22 16
22 17
22 18
22 19
22 20
22 21
22 22
23 22
23 23
23 24
23 25
23 26
24 26
24 27
24 28
24 29
24 30
24 31
24 32
25 32
26 32
27 32
27 33
28 33
29 33
30 33
31 33
32 33
33 33
34 33
34 34
35 34
35 35
36 35
37 35
38 35
39 35
40 35
40 36
40 37
40 38
40 39
40 40
40 41
41 41
42 41
43 41
44 41
45 41
45 42
45 43
46 43
46 44
46 45
47 45
48 45
48 46
48 47
48 48
47 48
46 48
46 49
