48 35
47 35
46 35
45 35
44 35
44 36
44 37
43 37
42 37
41 37
41 38
41 39
40 39
39 39
38 39
37 39
37 40
36 40
35 40
34 40
33 40
32 40
31 40
30 40
30 41
30 42
29 42
28 42
27 42
27 41
26 41
25 41
25 40
25 39
24 39
23 39
22 39
21 39
21 38
21 37
21 36
21 35
21 34
21 33
21 32
21 31
21 30
21 29
21 28
22 28
22 27
22 26
21 26
21 25
21 24
21 23
21 22
20 22
20 21
20 20
20 19
21 19
21 18
21 17
21 16
20 16
20 15
20 14
19 14
18 14
18 13
17 13
16 13
16 12
15 12
15 11
14 11
14 10
14 9
14 8
14 7
14 6
14 5
14 4
14 3
13 3
13 2
