1 44
1 43
2 43
3 43
3 44
3 45
3 46
3 47
4 47
5 47
6 47
6 46
6 45
7 45
8 45
8 44
9 44
10 44
11 44
12 44
13 44
13 43
14 43
15 43
16 43
16 42
17 42
18 42
19 42
20 42
20 41
21 41
22 41
22 40
22 39
22 38
22 37
22 36
23 36
24 36
24 35
24 34
25 34
25 33
25 32
25 31
25 30
25 29
25 28
25 27
25 26
26 26
27 26
28 26
28 25
28 24
28 23
29 23
29 22
30 22
31 22
32 22
33 22
34 22
34 21
35 21
35 20
35 19
35 18
35 17
35 16
35 15
35 14
35 13
35 12
35 11
35 10
36 10
37 10
37 9
37 8
38 8
39 8
40 8
40 7
41 7
42 7
43 7
44 7
