5 15
4 15
4 16
4 17
4 18
3 18
2 18
2 19
2 20
2 21
3 21
3 22
4 22
4 23
4 24
5 24
5 25
5 26
5 27
5 28
5 29
6 29
7 29
7 30
7 31
7 32
7 33
7 34
7 35
8 35
9 35
10 35
10 36
10 37
11 37
12 37
12 38
13 38
13 39
13 40
13 41
14 41
15 41
16 41
16 42
17 42
18 42
19 42
19 43
19 44
19 45
19 46
20 46
21 46
22 46
23 46
24 46
25 46
26 46
26 47
27 47
28 47
29 47
30 47
31 47
32 47
33 47
34 47
35 47
36 47
36 46
36 45
36 44
37 44
38 44
38 43
39 43
40 43
41 43
42 43
43 43
43 42
44 42
45 42
45 43
45 44
46 44
46 45
46 46
46 47
