0 3
0 2
1 2
2 2
2 3
3 3
3 4
4 4
4 5
4 6
5 6
5 7
6 7
6 8
6 9
6 10
7 10
7 11
8 11
9 11
10 11
11 11
12 11
12 12
13 12
13 13
13 14
13 15
13 16
13 17
14 17
14 18
14 19
14 20
14 21
14 22
14 23
15 23
15 24
15 25
16 25
16 26
17 26
18 26
18 27
19 27
19 28
19 29
20 29
21 29
22 29
23 29
24 29
25 29
25 30
25 31
25 32
26 32
27 32
27 33
28 33
29 33
30 33
31 33
31 34
32 34
33 34
34 34
35 34
35 35
36 35
37 35
38 35
39 35
40 35
40 34
41 34
42 34
42 35
42 36
42 37
41 37
41 38
41 39
41 40
41 41
41 42
42 42
42 43
43 43
43 44
43 45
43 46
43 47
42 47
42 48
