37 43
36 43
36 44
36 45
35 45
34 45
34 44
34 43
34 42
34 41
34 40
34 39
34 38
33 38
33 37
33 36
32 36
32 35
32 34
31 34
31 33
31 32
30 32
30 31
30 30
30 29
30 28
30 27
30 26
29 26
28 26
27 26
26 26
26 25
26 24
25 24
25 23
25 22
25 21
25 20
24 20
23 20
22 20
21 20
20 20
19 20
19 19
18 19
18 18
17 18
17 17
16 17
16 16
15 16
15 15
14 15
14 14
13 14
12 14
12 13
12 12
11 12
11 11
10 11
9 11
8 11
7 11
7 10
6 10
5 10
5 9
5 8
5 7
5 6
5 5
5 4
5 3
5 2
5 1
5 0
6 0
7 0
8 0
9 0
10 0
11 0
12 0
13 0
14 0
14 1
15 1
15 2
15 3
14 3
13 3
13 4
13 5
13 6
13 7
13 8
13 9
13 10
