29 49
30 49
31 49
31 48
31 47
31 46
32 46
32 45
32 44
32 43
32 42
33 42
33 41
34 41
35 41
36 41
37 41
38 41
38 40
38 39
39 39
39 38
39 37
39 36
39 35
38 35
37 35
36 35
35 35
34 35
33 35
32 35
31 35
30 35
30 34
30 33
30 32
29 32
29 31
28 31
27 31
26 31
25 31
25 30
25 29
25 28
24 28
23 28
23 27
23 26
23 25
23 24
23 23
23 22
22 22
22 21
22 20
21 20
20 20
19 20
18 20
17 20
16 20
15 20
14 20
14 19
14 18
14 17
14 16
14 15
14 14
14 13
14 12
14 11
14 10
13 10
13 9
12 9
12 8
11 8
11 7
10 7
9 7
9 6
9 5
8 5
8 4
8 3
8 2
