0 40
0 39
1 39
2 39
2 38
2 37
2 36
2 35
2 34
2 33
3 33
3 32
3 31
3 30
4 30
4 29
5 29
6 29
7 29
7 28
7 27
7 26
8 26
9 26
10 26
11 26
12 26
13 26
14 26
15 26
16 26
16 25
16 24
16 23
17 23
18 23
18 22
18 21
18 20
18 19
18 18
18 17
18 16
18 15
18 14
19 14
20 14
21 14
21 13
21 12
22 12
23 12
24 12
24 11
25 11
26 11
27 11
28 11
29 11
29 12
30 12
31 12
31 13
31 14
31 15
32 15
32 16
33 16
34 16
35 16
36 16
37 16
37 17
37 18
37 19
37 20
37 21
37 22
37 23
37 24
37 25
37 26
36 26
36 27
36 28
36 29
35 29
35 30
35 31
35 32
35 33
35 34
35 35
35 36
35 37
35 38
35 39
35 40
36 40
36 41
36 42
35 42
35 43
35 44
35 45
