47 46
46 46
46 45
45 45
44 45
44 44
44 43
44 42
44 41
44 40
44 39
43 39
42 39
41 39
40 39
39 39
38 39
37 39
36 39
35 39
34 39
33 39
32 39
32 38
32 37
32 36
32 35
32 34
32 33
31 33
30 33
30 32
30 31
29 31
29 30
29 29
29 28
29 27
29 26
28 26
28 25
28 24
28 23
28 22
28 21
28 20
27 20
26 20
25 20
24 20
23 20
23 19
22 19
22 18
21 18
21 17
21 16
22 16
23 16
23 15
23 14
23 13
24 13
24 12
24 11
24 10
24 9
24 8
25 8
25 7
26 7
27 7
27 8
28 8
28 9
28 10
28 11
29 11
29 12
30 12
30 13
31 13
32 13
33 13
34 13
35 13
36 13
37 13
38 13
39 13
40 13
40 14
40 15
41 15
42 15
43 15
43 16
