10 0
10 1
10 2
11 2
12 2
13 2
13 3
13 4
13 5
13 6
13 7
13 8
14 8
14 9
14 10
14 11
14 12
14 13
14 14
15 14
15 15
16 15
17 15
18 15
18 16
18 17
18 18
19 18
19 19
19 20
19 21
19 22
20 22
20 23
21 23
22 23
23 23
24 23
25 23
26 23
26 24
26 25
27 25
28 25
28 26
29 26
30 26
31 26
32 26
32 27
33 27
34 27
35 27
36 27
36 28
36 29
36 30
37 30
38 30
38 31
38 32
38 33
39 33
39 34
39 35
39 36
40 36
40 37
41 37
42 37
43 37
43 38
43 39
43 40
43 41
43 42
43 43
44 43
45 43
45 44
45 45
45 46
45 47
45 48
46 48
46 49
