3 4
3 5
3 6
3 7
4 7
4 8
4 9
5 9
5 10
5 11
5 12
5 13
5 14
5 15
5 16
5 17
6 17
7 17
8 17
9 17
10 17
11 17
12 17
12 18
13 18
14 18
15 18
16 18
16 19
16 20
16 21
16 22
16 23
16 24
16 25
16 26
16 27
17 27
17 28
17 29
17 30
17 31
18 31
18 32
18 33
19 33
20 33
21 33
21 34
22 34
23 34
24 34
25 34
26 34
27 34
28 34
28 35
28 36
29 36
29 37
30 37
31 37
32 37
32 38
32 39
32 40
33 40
34 40
35 40
35 39
36 39
36 38
37 38
38 38
39 38
39 39
39 40
39 41
38 41
38 42
38 43
38 44
38 45
37 45
36 45
36 44
36 43
35 43
34 43
33 43
33 44
32 44
