45 6
44 6
43 6
43 7
42 7
42 8
41 8
41 9
40 9
40 10
40 11
40 12
40 13
40 14
40 15
40 16
40 17
40 18
40 19
41 19
42 19
43 19
43 20
43 21
42 21
42 22
42 23
42 24
42 25
41 25
41 26
40 26
39 26
39 27
39 28
39 29
38 29
38 30
38 31
37 31
36 31
36 30
35 30
34 30
33 30
32 30
31 30
30 30
29 30
28 30
27 30
26 30
25 30
24 30
23 30
22 30
21 30
21 31
21 32
20 32
19 32
18 32
17 32
16 32
15 32
14 32
14 33
14 34
14 35
14 36
13 36
12 36
11 36
11 37
10 37
9 37
8 37
7 37
6 37
6 38
5 38
4 38
4 37
3 37
2 37
1 37
1 38
0 38
