7 47
6 47
6 46
6 45
6 44
7 44
7 43
7 42
7 41
8 41
9 41
10 41
11 41
12 41
13 41
14 41
15 41
16 41
17 41
18 41
19 41
20 41
20 40
21 40
22 40
23 40
24 40
24 41
25 41
26 41
26 40
27 40
28 40
29 40
29 39
30 39
31 39
32 39
33 39
34 39
34 38
34 37
34 36
34 35
34 34
34 33
34 32
33 32
32 32
32 31
32 30
33 30
34 30
34 29
35 29
36 29
37 29
38 29
38 28
38 27
39 27
39 26
39 25
39 24
39 23
40 23
41 23
42 23
42 22
43 22
43 21
43 20
43 19
44 19
45 19
46 19
46 18
46 17
45 17
45 16
45 15
45 14
46 14
46 13
46 12
46 11
