3 24
4 24
4 23
4 22
3 22
2 22
1 22
1 23
1 24
0 24
0 25
0 26
0 27
1 27
2 27
3 27
4 27
4 28
4 29
5 29
5 30
5 31
5 32
5 33
5 34
6 34
7 34
8 34
9 34
10 34
10 35
11 35
12 35
13 35
14 35
15 35
15 36
16 36
17 36
18 36
18 35
18 34
18 33
18 32
18 31
18 30
18 29
19 29
19 28
19 27
19 26
19 25
18 25
17 25
17 24
17 23
18 23
18 22
18 21
18 20
19 20
19 19
20 19
20 18
20 17
20 16
20 15
20 14
21 14
21 13
21 12
21 11
21 10
22 10
22 9
23 9
23 8
23 7
23 6
23 5
24 5
25 5
26 5
26 4
27 4
28 4
29 4
30 4
31 4
31 3
32 3
32 2
33 2
34 2
35 2
36 2
37 2
37 1
38 1
39 1
40 1
40 2
41 2
42 2
43 2
44 2
