9 2
8 2
8 3
8 4
9 4
9 5
10 5
11 5
12 5
13 5
14 5
15 5
15 6
15 7
15 8
15 9
15 10
15 11
16 11
16 12
17 12
18 12
19 12
19 13
19 14
19 15
20 15
20 16
20 17
20 18
20 19
20 20
19 20
19 21
18 21
18 22
18 23
18 24
18 25
18 26
19 26
19 27
19 28
19 29
19 30
19 31
19 32
19 33
20 33
20 34
20 35
20 36
21 36
22 36
23 36
24 36
25 36
25 37
26 37
27 37
28 37
29 37
30 37
31 37
32 37
33 37
33 38
33 39
33 40
34 40
35 40
36 40
37 40
38 40
38 41
38 42
39 42
39 43
39 44
39 45
39 46
40 46
41 46
42 46
42 47
42 48
41 48
41 49
40 49
39 49
38 49
37 49
37 48
36 48
35 48
34 48
33 48
32 48
31 48
30 48
29 48
28 48
28 49
27 49
26 49
26 48
