7 14
8 14
8 13
9 13
9 12
9 11
9 10
10 10
11 10
12 10
12 11
12 12
12 13
12 14
12 15
12 16
13 16
13 17
13 18
14 18
15 18
16 18
17 18
18 18
18 19
19 19
20 19
20 20
21 20
22 20
23 20
23 21
24 21
25 21
25 22
25 23
25 24
25 25
26 25
27 25
28 25
29 25
30 25
31 25
32 25
33 25
34 25
35 25
36 25
36 26
37 26
38 26
38 27
38 28
39 28
39 29
39 30
39 31
39 32
39 33
39 34
38 34
38 35
37 35
37 36
36 36
36 37
36 38
36 39
36 40
36 41
37 41
37 42
38 42
39 42
40 42
41 42
42 42
43 42
44 42
45 42
46 42
47 42
47 43
48 43
