8 4
8 5
9 5
10 5
11 5
12 5
12 6
12 7
13 7
13 8
13 9
14 9
14 10
15 10
16 10
16 11
16 12
17 12
18 12
18 13
18 14
18 15
18 16
18 17
17 17
17 18
17 19
17 20
17 21
18 21
18 22
18 23
18 24
18 25
19 25
20 25
20 26
20 27
20 28
20 29
20 30
20 31
20 32
20 33
21 33
22 33
23 33
23 34
23 35
23 36
24 36
25 36
25 37
26 37
26 38
26 39
26 40
26 41
26 42
26 43
27 43
28 43
29 43
29 44
30 44
31 44
32 44
33 44
34 44
35 44
36 44
37 44
38 44
39 44
40 44
40 45
40 46
41 46
42 46
43 46
44 46
45 46
45 45
46 45
46 44
47 44
48 44
