10 32
11 32
11 31
11 30
11 29
12 29
12 28
12 27
12 26
12 25
13 25
14 25
14 24
14 23
15 23
16 23
16 22
16 21
17 21
17 20
18 20
18 19
18 18
18 17
18 16
18 15
18 14
18 13
18 12
19 12
20 12
21 12
21 11
22 11
23 11
24 11
24 10
25 10
26 10
27 10
28 10
29 10
29 11
30 11
31 11
31 12
32 12
32 13
32 14
33 14
33 15
33 16
32 16
32 17
31 17
31 18
30 18
30 19
30 20
30 21
29 21
28 21
28 22
27 22
27 23
27 24
27 25
26 25
26 26
26 27
26 28
25 28
25 29
25 30
25 31
25 32
25 33
25 34
24 34
23 34
23 35
23 36
23 37
22 37
22 38
22 39
22 40
22 41
21 41
20 41
19 41
19 42
19 43
19 44
19 45
20 45
20 46
20 47
19 47
19 48
18 48
