5 33
5 32
6 32
7 32
8 32
9 32
10 32
10 33
10 34
11 34
12 34
13 34
13 33
14 33
15 33
16 33
17 33
18 33
19 33
19 34
20 34
21 34
21 33
22 33
23 33
24 33
25 33
26 33
27 33
28 33
28 34
29 34
30 34
31 34
32 34
32 35
33 35
34 35
34 34
34 33
34 32
34 31
35 31
36 31
36 30
37 30
38 30
39 30
40 30
41 30
41 29
41 28
41 27
41 26
41 25
41 24
42 24
43 24
44 24
45 24
45 23
45 22
45 21
45 20
45 19
45 18
44 18
43 18
43 17
43 16
44 16
44 15
44 14
45 14
45 13
45 12
44 12
44 11
43 11
43 10
43 9
42 9
42 8
41 8
41 7
41 6
41 5
