47 47
47 46
46 46
45 46
44 46
43 46
43 45
43 44
43 43
43 42
43 41
42 41
41 41
40 41
39 41
38 41
37 41
36 41
35 41
34 41
33 41
32 41
32 40
31 40
31 39
30 39
30 38
30 37
30 36
29 36
28 36
27 36
27 35
27 34
27 33
27 32
27 31
26 31
26 30
25 30
25 29
25 28
24 28
23 28
22 28
21 28
20 28
19 28
18 28
18 27
18 26
18 25
18 24
18 23
18 22
18 21
17 21
16 21
15 21
14 21
14 20
13 20
13 19
12 19
11 19
11 18
11 17
11 16
11 15
11 14
10 14
10 13
10 12
9 12
8 12
7 12
6 12
6 11
6 10
6 9
6 8
6 7
5 7
4 7
3 7
2 7
1 7
1 8
