28 6
28 5
29 5
30 5
30 6
30 7
31 7
32 7
32 8
32 9
32 10
32 11
31 11
30 11
30 10
29 10
28 10
27 10
27 9
26 9
25 9
25 10
24 10
24 11
23 11
22 11
21 11
21 12
21 13
21 14
20 14
19 14
19 15
19 16
19 17
19 18
19 19
18 19
17 19
16 19
15 19
15 20
15 21
14 21
14 22
13 22
13 23
13 24
14 24
14 25
15 25
16 25
17 25
18 25
18 26
19 26
20 26
21 26
21 27
22 27
22 28
22 29
23 29
24 29
25 29
26 29
27 29
28 29
29 29
30 29
30 28
31 28
32 28
33 28
34 28
35 28
35 29
36 29
37 29
37 30
37 31
37 32
37 33
38 33
38 34
38 35
38 36
38 37
39 37
