48 45
47 45
47 44
46 44
45 44
44 44
43 44
42 44
42 43
41 43
40 43
39 43
38 43
37 43
36 43
36 42
36 41
36 40
36 39
36 38
35 38
35 37
35 36
34 36
33 36
32 36
31 36
30 36
29 36
29 35
29 34
29 33
29 32
29 31
29 30
29 29
29 28
28 28
27 28
27 27
26 27
25 27
24 27
23 27
22 27
21 27
20 27
20 26
20 25
20 24
20 23
19 23
19 22
18 22
17 22
16 22
15 22
14 22
13 22
12 22
11 22
11 21
10 21
9 21
9 22
8 22
8 23
8 24
7 24
6 24
6 25
6 26
5 26
5 27
5 28
5 29
6 29
6 30
6 31
6 32
5 32
5 33
5 34
5 35
5 36
6 36
6 37
6 38
5 38
4 38
3 38
3 39
3 40
3 41
3 42
3 43
3 44
4 44
5 44
5 43
6 43
6 42
7 42
8 42
9 42
10 42
11 42
12 42
13 42
14 42
14 41
15 41
16 41
17 41
17 40
18 40
