11 42
12 42
13 42
14 42
15 42
16 42
17 42
17 43
17 44
17 45
18 45
19 45
19 44
20 44
21 44
21 43
21 42
21 41
21 40
21 39
21 38
22 38
23 38
24 38
25 38
26 38
27 38
28 38
29 38
30 38
30 39
30 40
31 40
32 40
32 39
33 39
33 38
34 38
35 38
35 37
36 37
36 36
37 36
37 35
38 35
38 34
39 34
40 34
40 33
41 33
41 32
41 31
41 30
41 29
41 28
40 28
40 27
40 26
40 25
39 25
38 25
37 25
36 25
35 25
35 24
34 24
33 24
33 23
33 22
33 21
33 20
32 20
32 19
32 18
32 17
32 16
33 16
33 15
34 15
34 14
34 13
33 13
32 13
32 12
31 12
31 11
31 10
30 10
30 9
30 8
30 7
30 6
30 5
30 4
30 3
31 3
