15 3
14 3
13 3
12 3
12 4
12 5
12 6
11 6
11 7
11 8
12 8
12 9
12 10
12 11
13 11
13 12
14 12
14 13
15 13
16 13
17 13
17 14
17 15
18 15
19 15
20 15
21 15
21 16
21 17
21 18
22 18
23 18
23 19
23 20
24 20
24 21
24 22
25 22
26 22
26 23
26 24
26 25
26 26
27 26
27 27
27 28
28 28
29 28
29 29
30 29
30 30
30 31
30 32
30 33
30 34
31 34
32 34
33 34
33 35
33 36
33 37
33 38
34 38
34 39
34 40
35 40
35 41
35 42
35 43
35 44
36 44
37 44
37 45
37 46
38 46
38 47
38 48
39 48
40 48
41 48
42 48
43 48
44 48
45 48
46 48
47 48
48 48
48 49
