4 4
4 5
4 6
5 6
5 7
6 7
6 8
6 9
6 10
7 10
7 11
8 11
8 12
8 13
7 13
7 14
7 15
7 16
7 17
7 18
7 19
7 20
7 21
8 21
8 22
8 23
8 24
8 25
8 26
8 27
8 28
8 29
9 29
10 29
10 30
10 31
11 31
11 32
12 32
13 32
14 32
14 33
14 34
15 34
16 34
17 34
18 34
19 34
20 34
21 34
22 34
23 34
24 34
24 35
24 36
24 37
25 37
26 37
26 38
26 39
26 40
27 40
28 40
29 40
30 40
31 40
31 41
32 41
33 41
33 42
34 42
35 42
35 43
35 44
36 44
37 44
38 44
39 44
39 43
39 42
39 41
39 40
40 40
41 40
42 40
43 40
44 40
44 41
45 41
46 41
46 42
47 42
47 43
47 44
47 45
48 45
