20 8
21 8
21 9
21 10
21 11
21 12
21 13
20 13
20 14
20 15
20 16
19 16
18 16
18 17
18 18
18 19
18 20
17 20
16 20
15 20
15 21
15 22
14 22
14 23
14 24
14 25
13 25
12 25
12 26
11 26
11 27
11 28
12 28
12 29
12 30
12 31
13 31
13 32
14 32
14 33
15 33
15 34
16 34
16 35
16 36
16 37
16 38
17 38
18 38
19 38
20 38
20 39
21 39
22 39
22 40
22 41
23 41
23 42
24 42
24 43
24 44
24 45
25 45
26 45
27 45
27 46
28 46
29 46
30 46
31 46
32 46
33 46
34 46
35 46
35 45
36 45
37 45
38 45
39 45
40 45
40 44
41 44
42 44
43 44
44 44
44 43
44 42
45 42
45 41
46 41
47 41
