49 36
49 35
48 35
47 35
46 35
46 36
45 36
44 36
44 37
44 38
44 39
43 39
43 40
43 41
43 42
42 42
41 42
40 42
39 42
39 41
39 40
38 40
37 40
37 39
36 39
35 39
34 39
34 38
33 38
32 38
32 37
31 37
30 37
29 37
28 37
28 36
28 35
28 34
27 34
26 34
25 34
24 34
23 34
23 33
23 32
22 32
22 31
21 31
21 30
21 29
21 28
21 27
20 27
19 27
19 26
19 25
19 24
19 23
19 22
19 21
19 20
19 19
19 18
18 18
18 17
17 17
17 16
17 15
17 14
17 13
17 12
16 12
15 12
14 12
14 11
13 11
13 10
12 10
11 10
10 10
9 10
8 10
7 10
6 10
5 10
4 10
4 9
3 9
3 8
3 7
