35 7
36 7
36 6
36 5
36 4
36 3
36 2
37 2
38 2
39 2
39 3
39 4
39 5
40 5
41 5
41 6
42 6
42 7
43 7
43 8
43 9
43 10
42 10
42 11
42 12
42 13
43 13
43 14
43 15
42 15
42 16
42 17
42 18
43 18
43 19
43 20
42 20
41 20
40 20
39 20
39 21
39 22
38 22
38 23
38 24
38 25
37 25
36 25
35 25
34 25
33 25
32 25
32 26
31 26
30 26
29 26
29 27
29 28
29 29
29 30
28 30
27 30
27 31
27 32
26 32
25 32
24 32
23 32
22 32
21 32
20 32
19 32
19 33
19 34
18 34
17 34
16 34
16 35
15 35
15 36
15 37
15 38
15 39
15 40
14 40
14 41
14 42
13 42
