49 3
49 2
49 1
48 1
48 0
47 0
46 0
45 0
45 1
45 2
44 2
43 2
42 2
42 3
41 3
41 4
41 5
41 6
40 6
40 7
39 7
38 7
38 8
37 8
37 9
37 10
36 10
36 11
35 11
34 11
34 10
34 9
33 9
32 9
31 9
30 9
29 9
29 10
28 10
28 11
28 12
28 13
28 14
28 15
27 15
27 16
27 17
27 18
26 18
25 18
25 19
25 20
25 21
24 21
24 22
24 23
23 23
23 24
22 24
21 24
21 25
20 25
20 26
20 27
19 27
19 28
19 29
18 29
18 30
17 30
17 31
17 32
17 33
17 34
17 35
17 36
16 36
15 36
14 36
13 36
12 36
11 36
10 36
9 36
9 35
9 34
8 34
7 34
6 34
5 34
5 33
5 32
4 32
3 32
2 32
1 32
1 33
1 34
