10 3
10 4
11 4
12 4
13 4
14 4
15 4
15 3
16 3
17 3
17 2
18 2
19 2
20 2
20 1
21 1
22 1
22 2
23 2
24 2
25 2
26 2
26 3
27 3
28 3
29 3
29 4
30 4
30 5
30 6
31 6
31 7
31 8
32 8
32 9
32 10
31 10
31 11
30 11
29 11
29 12
29 13
28 13
27 13
27 14
27 15
27 16
27 17
28 17
28 18
28 19
28 20
28 21
28 22
29 22
29 23
29 24
29 25
30 25
30 26
30 27
30 28
30 29
30 30
30 31
29 31
29 32
29 33
30 33
30 34
30 35
30 36
30 37
30 38
31 38
32 38
33 38
33 39
33 40
33 41
33 42
33 43
34 43
35 43
36 43
36 44
36 45
36 46
37 46
37 47
38 47
