5 46
6 46
7 46
7 45
7 44
7 43
8 43
9 43
9 42
9 41
9 40
9 39
10 39
10 38
10 37
10 36
10 35
10 34
11 34
11 33
11 32
11 31
11 30
12 30
12 29
12 28
13 28
14 28
15 28
16 28
17 28
18 28
19 28
20 28
20 27
20 26
21 26
21 25
22 25
22 24
22 23
22 22
21 22
21 21
21 20
21 19
22 19
23 19
24 19
24 18
25 18
26 18
27 18
28 18
29 18
29 19
30 19
31 19
31 18
32 18
32 17
33 17
34 17
35 17
35 16
35 15
36 15
37 15
38 15
39 15
40 15
41 15
41 14
41 13
42 13
42 12
43 12
44 12
44 11
44 10
44 9
44 8
44 7
45 7
45 6
45 5
46 5
46 4
47 4
47 3
47 2
48 2
49 2
