49 4
49 5
49 6
49 7
48 7
48 8
48 9
48 10
48 11
48 12
49 12
49 13
49 14
49 15
48 15
48 16
47 16
46 16
46 17
45 17
45 18
45 19
45 20
44 20
43 20
42 20
41 20
40 20
39 20
38 20
37 20
36 20
35 20
34 20
33 20
32 20
32 21
31 21
30 21
29 21
28 21
27 21
27 22
27 23
27 24
26 24
25 24
24 24
24 25
23 25
23 26
22 26
21 26
21 27
21 28
21 29
21 30
20 30
19 30
19 31
18 31
18 32
17 32
16 32
15 32
15 33
14 33
13 33
13 34
12 34
11 34
10 34
9 34
9 35
9 36
8 36
8 37
8 38
8 39
8 40
7 40
6 40
6 41
6 42
6 43
6 44
6 45
6 46
5 46
4 46
4 47
4 48
3 48
3 49
2 49
1 49
0 49
