49 46
49 45
48 45
48 44
48 43
48 42
48 41
48 40
48 39
48 38
48 37
47 37
47 36
47 35
47 34
47 33
47 32
46 32
45 32
44 32
43 32
42 32
42 31
42 30
42 29
42 28
42 27
42 26
42 25
41 25
40 25
39 25
38 25
38 24
37 24
36 24
35 24
34 24
33 24
32 24
31 24
30 24
29 24
29 23
28 23
28 22
27 22
27 21
26 21
26 20
26 19
26 18
26 17
26 16
26 15
27 15
28 15
29 15
30 15
31 15
31 14
32 14
33 14
34 14
35 14
35 15
35 16
36 16
37 16
37 15
37 14
37 13
38 13
39 13
40 13
41 13
42 13
43 13
44 13
44 12
45 12
46 12
47 12
48 12
48 13
48 14
