0 3
0 4
0 5
1 5
1 6
1 7
2 7
2 8
2 9
2 10
3 10
3 11
3 12
3 13
4 13
4 14
4 15
4 16
5 16
5 17
5 18
6 18
7 18
7 19
7 20
7 21
7 22
7 23
7 24
8 24
9 24
10 24
11 24
11 25
11 26
12 26
13 26
14 26
14 27
14 28
14 29
14 30
14 31
15 31
15 32
16 32
17 32
18 32
19 32
20 32
21 32
22 32
23 32
23 33
23 34
24 34
25 34
26 34
27 34
28 34
28 35
28 36
29 36
29 37
29 38
29 39
29 40
29 41
30 41
30 42
30 43
31 43
32 43
33 43
34 43
35 43
36 43
37 43
38 43
39 43
40 43
40 44
40 45
41 45
42 45
43 45
43 46
43 47
44 47
45 47
46 47
47 47
