16 47
16 46
16 45
17 45
18 45
18 46
19 46
20 46
21 46
21 47
21 48
21 49
22 49
23 49
23 48
24 48
24 47
24 46
24 45
25 45
25 44
26 44
27 44
27 43
27 42
28 42
29 42
29 41
29 40
29 39
30 39
30 38
30 37
30 36
30 35
30 34
30 33
30 32
30 31
30 30
29 30
28 30
27 30
27 29
27 28
27 27
27 26
27 25
27 24
27 23
27 22
27 21
27 20
26 20
26 19
26 18
26 17
26 16
27 16
27 15
27 14
27 13
27 12
27 11
28 11
28 10
28 9
28 8
27 8
27 7
27 6
27 5
27 4
28 4
29 4
30 4
31 4
31 3
31 2
32 2
33 2
34 2
35 2
35 1
35 0
36 0
37 0
37 1
38 1
38 2
