36 49
36 48
36 47
35 47
35 46
35 45
35 44
34 44
34 43
33 43
32 43
31 43
31 42
31 41
31 40
30 40
29 40
29 39
29 38
28 38
28 37
28 36
27 36
27 35
27 34
27 33
27 32
27 31
27 30
26 30
25 30
25 29
25 28
25 27
25 26
25 25
26 25
26 24
26 23
26 22
27 22
27 21
27 20
27 19
27 18
28 18
28 17
28 16
29 16
29 15
29 14
28 14
28 13
27 13
27 12
27 11
27 10
28 10
28 9
29 9
29 8
30 8
30 7
30 6
31 6
31 5
31 4
31 3
32 3
33 3
33 4
34 4
34 5
35 5
35 6
35 7
36 7
37 7
37 8
37 9
37 10
37 11
37 12
36 12
36 13
35 13
35 14
35 15
