48 42
47 42
46 42
45 42
44 42
43 42
42 42
42 43
41 43
40 43
39 43
38 43
37 43
37 44
36 44
36 45
35 45
34 45
33 45
33 46
33 47
33 48
32 48
31 48
31 47
30 47
29 47
28 47
27 47
27 46
27 45
26 45
26 44
26 43
26 42
26 41
26 40
26 39
26 38
25 38
24 38
24 37
24 36
24 35
23 35
23 34
23 33
23 32
23 31
23 30
22 30
21 30
20 30
19 30
19 29
19 28
19 27
19 26
18 26
18 25
17 25
17 24
17 23
17 22
17 21
17 20
17 19
16 19
15 19
14 19
14 18
13 18
12 18
12 19
11 19
10 19
9 19
8 19
7 19
6 19
5 19
4 19
3 19
3 18
2 18
1 18
0 18
0 19
