4 3
4 4
4 5
4 6
4 7
5 7
5 8
5 9
5 10
5 11
5 12
5 13
6 13
6 14
6 15
6 16
6 17
7 17
7 18
8 18
9 18
10 18
11 18
12 18
13 18
14 18
14 19
15 19
16 19
17 19
18 19
18 20
18 21
19 21
19 22
20 22
20 23
21 23
22 23
23 23
23 24
23 25
24 25
24 26
25 26
25 27
26 27
26 28
26 29
26 30
26 31
27 31
27 32
27 33
27 34
28 34
28 35
28 36
28 37
28 38
28 39
28 40
28 41
29 41
30 41
31 41
32 41
32 42
32 43
32 44
32 45
32 46
33 46
34 46
34 45
35 45
36 45
37 45
38 45
38 44
38 43
39 43
40 43
41 43
41 42
42 42
43 42
44 42
45 42
