35 6
35 7
36 7
37 7
37 8
37 9
37 10
36 10
35 10
34 10
34 11
34 12
34 13
33 13
33 14
33 15
33 16
33 17
33 18
32 18
31 18
30 18
30 19
30 20
30 21
30 22
30 23
30 24
29 24
28 24
27 24
26 24
25 24
25 25
24 25
23 25
23 24
22 24
21 24
21 25
20 25
19 25
18 25
18 26
17 26
16 26
15 26
14 26
13 26
12 26
11 26
10 26
9 26
9 27
9 28
9 29
9 30
9 31
9 32
8 32
7 32
7 33
7 34
7 35
6 35
5 35
4 35
4 36
4 37
4 38
4 39
4 40
3 40
3 41
3 42
3 43
4 43
4 44
4 45
4 46
3 46
3 47
2 47
2 48
2 49
3 49
4 49
4 48
5 48
5 47
6 47
7 47
