18 48
18 47
19 47
20 47
20 46
21 46
22 46
23 46
24 46
25 46
25 45
25 44
25 43
26 43
26 42
26 41
27 41
27 40
27 39
28 39
29 39
29 38
30 38
30 37
30 36
30 35
31 35
31 34
31 33
31 32
31 31
31 30
31 29
31 28
31 27
32 27
33 27
34 27
34 26
34 25
34 24
35 24
35 23
35 22
35 21
35 20
35 19
35 18
35 17
36 17
36 16
37 16
38 16
39 16
40 16
40 15
41 15
41 14
42 14
43 14
44 14
44 13
44 12
44 11
43 11
43 10
42 10
42 9
42 8
42 7
42 6
42 5
41 5
41 4
41 3
42 3
42 2
42 1
43 1
44 1
45 1
45 0
46 0
47 0
47 1
47 2
47 3
47 4
47 5
48 5
49 5
