43 47
44 47
45 47
45 46
45 45
44 45
44 44
43 44
42 44
42 45
41 45
40 45
39 45
38 45
37 45
36 45
35 45
35 44
35 43
35 42
34 42
33 42
33 41
32 41
31 41
30 41
30 40
30 39
29 39
29 38
29 37
28 37
27 37
27 36
27 35
27 34
27 33
27 32
27 31
28 31
29 31
30 31
31 31
32 31
33 31
33 30
34 30
35 30
36 30
36 29
37 29
37 28
37 27
37 26
37 25
37 24
37 23
37 22
38 22
39 22
39 21
39 20
40 20
41 20
42 20
42 19
42 18
41 18
41 17
40 17
40 16
40 15
40 14
40 13
40 12
40 11
39 11
38 11
38 10
38 9
39 9
39 8
40 8
40 7
40 6
