2 3
2 4
2 5
2 6
3 6
3 7
4 7
5 7
5 8
5 9
5 10
5 11
5 12
4 12
3 12
3 13
3 14
3 15
3 16
4 16
5 16
6 16
6 17
7 17
7 18
8 18
9 18
9 17
9 16
10 16
10 15
10 14
10 13
10 12
10 11
11 11
11 10
11 9
11 8
11 7
12 7
13 7
14 7
15 7
16 7
17 7
18 7
19 7
20 7
20 6
21 6
21 5
22 5
22 4
23 4
24 4
25 4
26 4
26 5
26 6
26 7
26 8
26 9
26 10
26 11
27 11
28 11
29 11
30 11
31 11
32 11
33 11
34 11
34 12
35 12
36 12
37 12
38 12
38 11
38 10
38 9
37 9
36 9
36 8
36 7
36 6
37 6
38 6
39 6
39 5
39 4
39 3
39 2
39 1
40 1
41 1
42 1
43 1
44 1
45 1
46 1
46 0
47 0
