41 0
41 1
41 2
41 3
41 4
41 5
41 6
41 7
41 8
41 9
41 10
40 10
39 10
39 11
39 12
39 13
39 14
39 15
39 16
38 16
37 16
37 17
37 18
37 19
36 19
36 20
36 21
35 21
35 22
35 23
34 23
33 23
33 24
32 24
32 25
31 25
30 25
29 25
28 25
28 26
27 26
26 26
26 27
26 28
26 29
25 29
25 30
24 30
23 30
22 30
21 30
20 30
19 30
18 30
18 31
18 32
18 33
18 34
17 34
16 34
16 35
15 35
15 36
14 36
14 37
13 37
13 38
13 39
12 39
12 40
12 41
13 41
13 42
13 43
13 44
12 44
12 45
11 45
10 45
9 45
8 45
8 46
8 47
7 47
6 47
5 47
4 47
3 47
2 47
1 47
1 48
0 48
