9 10
8 10
8 9
8 8
9 8
9 7
10 7
11 7
12 7
13 7
13 8
13 9
14 9
14 10
14 11
14 12
14 13
14 14
15 14
15 15
15 16
15 17
15 18
16 18
16 19
16 20
17 20
17 21
17 22
17 23
18 23
18 24
18 25
18 26
18 27
18 28
18 29
18 30
18 31
18 32
18 33
18 34
18 35
19 35
20 35
20 36
20 37
20 38
20 39
20 40
21 40
21 41
21 42
22 42
23 42
23 43
24 43
25 43
26 43
27 43
27 44
27 45
27 46
28 46
29 46
30 46
31 46
31 47
32 47
33 47
34 47
35 47
36 47
36 46
37 46
38 46
39 46
40 46
40 47
41 47
42 47
43 47
44 47
45 47
46 47
47 47
47 48
48 48
49 48
