45 39
44 39
43 39
43 38
43 37
42 37
41 37
40 37
39 37
39 36
39 35
39 34
38 34
38 33
38 32
38 31
38 30
37 30
36 30
36 29
36 28
35 28
34 28
33 28
32 28
31 28
30 28
29 28
28 28
27 28
26 28
25 28
24 28
23 28
23 27
23 26
23 25
22 25
21 25
21 24
20 24
19 24
18 24
17 24
16 24
15 24
15 23
15 22
15 21
16 21
16 20
16 19
16 18
16 17
17 17
18 17
18 16
19 16
19 15
19 14
19 13
19 12
19 11
20 11
20 10
21 10
22 10
23 10
23 9
23 8
24 8
24 7
25 7
26 7
26 8
27 8
27 9
27 10
27 11
27 12
28 12
28 13
28 14
29 14
29 15
30 15
30 16
30 17
30 18
30 19
30 20
30 21
31 21
32 21
33 21
34 21
35 21
36 21
37 21
38 21
39 21
40 21
40 22
40 23
41 23
42 23
43 23
