6 32
7 32
7 31
8 31
9 31
10 31
11 31
11 30
11 29
11 28
11 27
11 26
12 26
13 26
14 26
15 26
16 26
17 26
17 25
17 24
17 23
17 22
18 22
19 22
20 22
21 22
21 21
21 20
21 19
21 18
22 18
23 18
24 18
25 18
25 17
26 17
27 17
27 16
28 16
29 16
29 17
30 17
31 17
32 17
33 17
34 17
35 17
35 16
35 15
35 14
36 14
37 14
38 14
39 14
40 14
40 13
40 12
41 12
41 11
41 10
42 10
42 9
43 9
43 8
44 8
45 8
45 9
45 10
45 11
45 12
45 13
46 13
46 14
46 15
46 16
46 17
46 18
46 19
46 20
46 21
46 22
46 23
46 24
46 25
46 26
46 27
46 28
47 28
48 28
48 29
49 29
