6 13
6 14
6 15
6 16
7 16
8 16
9 16
9 17
10 17
11 17
12 17
13 17
13 18
14 18
15 18
16 18
17 18
18 18
19 18
20 18
20 19
20 20
21 20
21 21
21 22
21 23
21 24
21 25
21 26
21 27
21 28
21 29
22 29
22 30
23 30
23 31
23 32
24 32
24 33
25 33
25 34
26 34
27 34
28 34
28 35
28 36
29 36
30 36
31 36
32 36
33 36
34 36
34 37
34 38
34 39
35 39
36 39
36 40
36 41
36 42
36 43
36 44
37 44
37 45
38 45
38 46
39 46
39 47
39 48
40 48
41 48
41 47
42 47
43 47
44 47
44 46
45 46
45 45
46 45
47 45
48 45
49 45
49 44
49 43
48 43
