16 4
17 4
17 5
17 6
17 7
17 8
17 9
17 10
17 11
17 12
18 12
19 12
20 12
20 13
20 14
21 14
22 14
23 14
23 15
23 16
23 17
23 18
23 19
23 20
23 21
22 21
22 22
22 23
22 24
22 25
22 26
22 27
22 28
22 29
22 30
23 30
24 30
25 30
25 31
25 32
25 33
25 34
26 34
26 35
26 36
26 37
26 38
26 39
27 39
28 39
28 40
29 40
29 41
29 42
30 42
31 42
32 42
33 42
34 42
35 42
36 42
37 42
38 42
39 42
40 42
41 42
41 43
41 44
42 44
42 45
43 45
43 46
44 46
44 47
45 47
46 47
46 48
46 49
47 49
48 49
48 48
48 47
48 46
48 45
48 44
48 43
48 42
47 42
