11 41
10 41
9 41
9 40
9 39
8 39
8 38
7 38
7 37
7 36
6 36
5 36
5 35
4 35
3 35
2 35
1 35
0 35
0 34
0 33
0 32
0 31
1 31
1 30
1 29
2 29
3 29
3 28
3 27
3 26
3 25
3 24
3 23
3 22
3 21
3 20
3 19
3 18
3 17
4 17
4 16
4 15
5 15
6 15
7 15
8 15
9 15
10 15
11 15
12 15
13 15
13 16
14 16
15 16
15 17
15 18
16 18
17 18
18 18
18 19
19 19
19 20
19 21
19 22
19 23
19 24
19 25
19 26
19 27
19 28
19 29
19 30
19 31
19 32
19 33
19 34
19 35
20 35
21 35
22 35
23 35
24 35
25 35
25 36
26 36
26 37
26 38
26 39
26 40
27 40
28 40
29 40
30 40
31 40
31 41
31 42
32 42
33 42
34 42
35 42
36 42
36 43
36 44
