39 43
38 43
37 43
36 43
36 44
36 45
35 45
35 46
34 46
33 46
32 46
32 45
32 44
32 43
32 42
32 41
33 41
33 40
33 39
32 39
32 38
32 37
31 37
30 37
30 36
30 35
29 35
28 35
27 35
27 36
26 36
25 36
24 36
24 35
24 34
24 33
24 32
24 31
24 30
23 30
22 30
22 29
22 28
22 27
22 26
22 25
21 25
21 24
20 24
20 23
19 23
19 22
19 21
19 20
18 20
18 19
18 18
18 17
17 17
17 16
16 16
16 15
16 14
15 14
14 14
14 13
13 13
12 13
12 12
11 12
11 11
11 10
10 10
9 10
8 10
7 10
7 9
7 8
7 7
8 7
8 6
9 6
9 5
9 4
10 4
11 4
11 3
