44 7
43 7
42 7
41 7
40 7
40 8
39 8
39 9
39 10
39 11
39 12
39 13
38 13
38 14
37 14
36 14
35 14
34 14
33 14
32 14
31 14
30 14
30 15
30 16
29 16
28 16
27 16
27 15
26 15
25 15
24 15
23 15
22 15
21 15
20 15
19 15
18 15
17 15
16 15
15 15
15 16
15 17
15 18
15 19
15 20
14 20
14 21
14 22
14 23
14 24
14 25
15 25
15 26
15 27
14 27
14 28
14 29
14 30
14 31
15 31
15 32
15 33
14 33
14 34
13 34
12 34
11 34
11 35
11 36
11 37
11 38
10 38
10 39
9 39
8 39
8 40
8 41
8 42
7 42
7 43
7 44
7 45
7 46
6 46
6 47
6 48
6 49
