38 3
38 2
38 1
37 1
37 0
36 0
35 0
34 0
33 0
32 0
31 0
30 0
29 0
28 0
27 0
26 0
25 0
25 1
24 1
24 2
23 2
23 3
22 3
22 4
21 4
21 5
20 5
20 6
19 6
19 7
19 8
18 8
17 8
17 7
17 6
16 6
15 6
14 6
13 6
12 6
11 6
11 7
10 7
10 8
9 8
9 9
9 10
9 11
10 11
11 11
11 12
11 13
11 14
10 14
10 15
10 16
10 17
10 18
10 19
10 20
11 20
12 20
13 20
13 21
14 21
14 22
14 23
15 23
16 23
17 23
17 22
18 22
18 21
18 20
19 20
20 20
21 20
22 20
22 19
23 19
24 19
24 18
25 18
26 18
26 19
27 19
28 19
28 18
28 17
28 16
28 15
29 15
30 15
30 14
30 13
31 13
32 13
33 13
33 12
34 12
34 11
34 10
35 10
35 9
36 9
37 9
38 9
39 9
40 9
41 9
42 9
43 9
44 9
44 8
45 8
45 7
45 6
44 6
43 6
43 5
43 4
42 4
42 3
41 3
41 2
40 2
40 1
