5 42
6 42
6 41
6 40
6 39
6 38
6 37
7 37
8 37
9 37
9 36
9 35
9 34
9 33
9 32
10 32
10 31
11 31
11 30
12 30
12 29
12 28
13 28
14 28
15 28
16 28
17 28
17 27
17 26
18 26
19 26
20 26
21 26
21 25
21 24
21 23
22 23
22 22
22 21
22 20
22 19
22 18
21 18
21 17
21 16
22 16
23 16
23 15
23 14
23 13
24 13
24 12
24 11
24 10
24 9
24 8
25 8
25 7
26 7
27 7
27 8
28 8
28 9
28 10
28 11
29 11
29 12
30 12
30 13
31 13
32 13
33 13
34 13
35 13
36 13
37 13
38 13
39 13
40 13
40 14
40 15
41 15
42 15
43 15
43 16
43 17
43 18
44 18
44 19
44 20
44 21
44 22
45 22
45 23
45 24
45 25
46 25
47 25
48 25
48 26
48 27
