32 1
31 1
30 1
29 1
28 1
27 1
27 2
27 3
27 4
27 5
27 6
27 7
27 8
27 9
27 10
27 11
27 12
27 13
26 13
25 13
24 13
23 13
22 13
21 13
20 13
20 14
19 14
19 15
18 15
18 16
18 17
18 18
18 19
19 19
20 19
21 19
21 20
22 20
23 20
23 21
24 21
25 21
25 22
25 23
24 23
23 23
22 23
22 24
22 25
22 26
23 26
24 26
24 27
25 27
25 28
26 28
27 28
27 27
27 26
27 25
28 25
28 24
28 23
28 22
29 22
30 22
31 22
32 22
33 22
34 22
34 21
35 21
36 21
37 21
38 21
39 21
40 21
40 20
41 20
41 19
42 19
43 19
43 18
43 17
43 16
43 15
44 15
45 15
45 16
45 17
46 17
