38 1
38 0
37 0
36 0
35 0
35 1
35 2
34 2
34 3
34 4
34 5
34 6
34 7
35 7
36 7
37 7
38 7
39 7
39 8
39 9
40 9
41 9
41 10
41 11
40 11
40 12
40 13
40 14
39 14
38 14
38 15
37 15
36 15
35 15
35 16
34 16
34 17
33 17
32 17
32 18
32 19
32 20
32 21
32 22
32 23
31 23
30 23
30 24
30 25
30 26
30 27
30 28
29 28
29 29
29 30
29 31
28 31
28 32
28 33
28 34
28 35
28 36
27 36
26 36
25 36
24 36
23 36
22 36
22 37
22 38
22 39
22 40
22 41
22 42
22 43
22 44
22 45
22 46
23 46
23 47
24 47
25 47
25 48
25 49
26 49
27 49
28 49
29 49
30 49
31 49
32 49
