45 0
44 0
44 1
43 1
42 1
41 1
40 1
39 1
38 1
37 1
37 2
37 3
37 4
36 4
35 4
35 5
34 5
33 5
32 5
32 6
32 7
32 8
32 9
32 10
31 10
30 10
30 11
30 12
29 12
29 13
29 14
29 15
29 16
28 16
28 17
28 18
28 19
28 20
27 20
27 21
27 22
27 23
27 24
27 25
28 25
28 26
28 27
27 27
26 27
26 28
26 29
26 30
26 31
26 32
27 32
28 32
28 33
28 34
27 34
27 35
27 36
27 37
26 37
25 37
24 37
24 38
23 38
22 38
21 38
21 39
21 40
20 40
19 40
19 41
18 41
18 42
17 42
16 42
15 42
14 42
14 43
14 44
14 45
13 45
13 46
12 46
12 47
12 48
11 48
10 48
10 49
