48 44
47 44
46 44
46 43
45 43
44 43
44 42
44 41
44 40
44 39
44 38
44 37
44 36
43 36
42 36
41 36
40 36
40 35
40 34
40 33
40 32
39 32
39 31
38 31
37 31
36 31
35 31
34 31
33 31
33 30
32 30
31 30
31 29
30 29
29 29
29 28
29 27
28 27
28 26
28 25
28 24
27 24
26 24
26 23
25 23
24 23
24 22
24 21
23 21
23 20
23 19
22 19
22 18
22 17
21 17
20 17
19 17
19 16
19 15
19 14
19 13
19 12
19 11
18 11
18 10
18 9
18 8
18 7
18 6
17 6
17 5
16 5
15 5
14 5
13 5
13 6
12 6
11 6
10 6
9 6
8 6
8 5
8 4
8 3
8 2
8 1
8 0
7 0
6 0
5 0
5 1
