48 49
47 49
47 48
46 48
46 47
46 46
46 45
46 44
47 44
47 43
47 42
46 42
46 41
45 41
44 41
44 40
43 40
42 40
41 40
40 40
39 40
39 41
39 42
38 42
37 42
37 43
37 44
36 44
35 44
35 43
35 42
34 42
33 42
33 41
32 41
31 41
31 40
30 40
29 40
28 40
27 40
26 40
26 39
26 38
26 37
25 37
24 37
24 36
24 35
24 34
23 34
22 34
21 34
20 34
19 34
18 34
17 34
16 34
15 34
14 34
14 33
14 32
13 32
12 32
11 32
11 31
10 31
10 30
10 29
9 29
8 29
8 28
8 27
8 26
8 25
8 24
8 23
8 22
8 21
7 21
7 20
7 19
7 18
7 17
7 16
7 15
7 14
7 13
8 13
8 12
8 11
7 11
7 10
6 10
5 10
4 10
4 9
3 9
3 8
3 7
3 6
3 5
3 4
3 3
2 3
