45 45
44 45
44 44
44 43
43 43
43 42
42 42
41 42
40 42
39 42
38 42
37 42
36 42
35 42
34 42
33 42
32 42
31 42
31 41
31 40
30 40
29 40
28 40
27 40
26 40
26 39
26 38
26 37
26 36
25 36
25 35
24 35
23 35
22 35
21 35
20 35
19 35
19 34
19 33
19 32
19 31
19 30
19 29
19 28
19 27
19 26
19 25
19 24
19 23
19 22
19 21
19 20
19 19
18 19
18 18
17 18
16 18
15 18
15 17
15 16
14 16
13 16
13 15
12 15
11 15
10 15
9 15
8 15
7 15
6 15
5 15
4 15
3 15
3 16
3 17
3 18
3 19
3 20
3 21
3 22
3 23
3 24
3 25
3 26
3 27
3 28
2 28
2 29
1 29
1 30
1 31
0 31
0 32
0 33
0 34
0 35
1 35
1 36
2 36
2 37
2 38
2 39
3 39
3 40
3 41
2 41
2 42
2 43
