5 35
4 35
4 36
4 37
4 38
4 39
5 39
5 40
5 41
5 42
5 43
6 43
6 44
7 44
8 44
9 44
10 44
10 43
11 43
12 43
12 42
12 41
11 41
11 40
11 39
11 38
11 37
12 37
12 36
12 35
12 34
12 33
12 32
12 31
12 30
12 29
12 28
12 27
13 27
14 27
14 26
15 26
16 26
16 25
16 24
16 23
16 22
16 21
17 21
17 20
18 20
19 20
20 20
21 20
22 20
23 20
24 20
25 20
25 19
26 19
26 18
26 17
26 16
26 15
27 15
28 15
29 15
30 15
31 15
31 14
32 14
33 14
34 14
35 14
35 15
35 16
36 16
37 16
37 15
37 14
37 13
38 13
39 13
40 13
41 13
42 13
43 13
44 13
44 12
45 12
46 12
47 12
48 12
48 13
48 14
49 14
