48 17
48 16
47 16
46 16
45 16
44 16
43 16
43 15
42 15
41 15
40 15
40 14
40 13
39 13
38 13
37 13
36 13
35 13
34 13
33 13
32 13
31 13
30 13
30 12
29 12
29 11
28 11
28 10
28 9
28 8
27 8
27 7
26 7
25 7
25 8
24 8
24 9
24 10
24 11
24 12
24 13
23 13
23 14
23 15
23 16
22 16
21 16
21 17
21 18
22 18
22 19
22 20
22 21
22 22
22 23
21 23
21 24
21 25
21 26
21 27
22 27
23 27
23 28
23 29
24 29
24 30
24 31
24 32
24 33
24 34
24 35
24 36
25 36
26 36
26 37
26 38
25 38
25 39
25 40
24 40
24 41
24 42
24 43
24 44
25 44
