48 48
48 47
47 47
47 46
47 45
47 44
46 44
46 43
46 42
46 41
46 40
45 40
45 39
44 39
44 38
44 37
44 36
44 35
44 34
44 33
44 32
44 31
44 30
43 30
43 29
42 29
42 28
42 27
42 26
42 25
42 24
42 23
43 23
43 22
43 21
42 21
41 21
40 21
39 21
38 21
38 20
38 19
38 18
38 17
38 16
38 15
37 15
37 14
37 13
37 12
36 12
35 12
34 12
34 11
33 11
32 11
31 11
31 12
31 13
30 13
29 13
28 13
27 13
26 13
26 14
25 14
25 15
25 16
24 16
23 16
22 16
22 15
21 15
21 14
21 13
22 13
22 12
22 11
21 11
20 11
20 10
19 10
19 9
19 8
19 7
19 6
18 6
17 6
16 6
16 5
16 4
