0 38
1 38
1 39
1 40
2 40
3 40
4 40
4 41
4 42
5 42
6 42
7 42
8 42
9 42
10 42
11 42
11 41
11 40
11 39
12 39
12 38
12 37
11 37
11 36
11 35
12 35
12 34
12 33
13 33
13 32
13 31
14 31
14 30
14 29
15 29
16 29
17 29
18 29
18 28
19 28
19 27
19 26
19 25
20 25
20 24
21 24
22 24
22 23
23 23
23 22
24 22
25 22
26 22
27 22
27 21
28 21
29 21
30 21
30 20
30 19
30 18
31 18
32 18
32 17
33 17
33 16
33 15
34 15
35 15
36 15
37 15
38 15
39 15
40 15
41 15
42 15
43 15
43 14
44 14
45 14
46 14
46 13
46 12
46 11
47 11
48 11
48 12
49 12
49 13
